energies = {0: [-0.21288667755904023], 1: [], 2: []}
wfns = {0: [array([ 0.00000000e+00,  2.63571308e-07,  5.27322540e-07,  7.91433743e-07,
        1.05608521e-06,  1.32145761e-06,  1.58773208e-06,  1.85509041e-06,
        2.12371510e-06,  2.39378952e-06,  2.66549804e-06,  2.93902614e-06,
        3.21456053e-06,  3.49228932e-06,  3.77240208e-06,  4.05509004e-06,
        4.34054617e-06,  4.62896534e-06,  4.92054442e-06,  5.21548247e-06,
        5.51398082e-06,  5.81624323e-06,  6.12247605e-06,  6.43288833e-06,
        6.74769195e-06,  7.06710182e-06,  7.39133599e-06,  7.72061578e-06,
        8.05516598e-06,  8.39521496e-06,  8.74099486e-06,  9.09274171e-06,
        9.45069565e-06,  9.81510101e-06,  1.01862066e-05,  1.05642656e-05,
        1.09495363e-05,  1.13422816e-05,  1.17427695e-05,  1.21512736e-05,
        1.25680726e-05,  1.29934511e-05,  1.34276995e-05,  1.38711141e-05,
        1.43239977e-05,  1.47866595e-05,  1.52594153e-05,  1.57425877e-05,
        1.62365067e-05,  1.67415094e-05,  1.72579405e-05,  1.77861526e-05,
        1.83265063e-05,  1.88793703e-05,  1.94451222e-05,  2.00241482e-05,
        2.06168434e-05,  2.12236125e-05,  2.18448697e-05,  2.24810391e-05,
        2.31325550e-05,  2.37998622e-05,  2.44834160e-05,  2.51836833e-05,
        2.59011419e-05,  2.66362818e-05,  2.73896046e-05,  2.81616247e-05,
        2.89528691e-05,  2.97638779e-05,  3.05952047e-05,  3.14474170e-05,
        3.23210967e-05,  3.32168400e-05,  3.41352585e-05,  3.50769791e-05,
        3.60426447e-05,  3.70329145e-05,  3.80484644e-05,  3.90899878e-05,
        4.01581956e-05,  4.12538170e-05,  4.23775999e-05,  4.35303116e-05,
        4.47127387e-05,  4.59256887e-05,  4.71699893e-05,  4.84464902e-05,
        4.97560625e-05,  5.10996004e-05,  5.24780210e-05,  5.38922652e-05,
        5.53432984e-05,  5.68321112e-05,  5.83597200e-05,  5.99271674e-05,
        6.15355236e-05,  6.31858865e-05,  6.48793826e-05,  6.66171680e-05,
        6.84004290e-05,  7.02303829e-05,  7.21082789e-05,  7.40353990e-05,
        7.60130587e-05,  7.80426080e-05,  8.01254323e-05,  8.22629535e-05,
        8.44566308e-05,  8.67079616e-05,  8.90184828e-05,  9.13897716e-05,
        9.38234468e-05,  9.63211697e-05,  9.88846454e-05,  1.01515624e-04,
        1.04215901e-04,  1.06987320e-04,  1.09831773e-04,  1.12751201e-04,
        1.15747599e-04,  1.18823010e-04,  1.21979534e-04,  1.25219327e-04,
        1.28544600e-04,  1.31957622e-04,  1.35460724e-04,  1.39056297e-04,
        1.42746796e-04,  1.46534739e-04,  1.50422713e-04,  1.54413372e-04,
        1.58509439e-04,  1.62713711e-04,  1.67029059e-04,  1.71458427e-04,
        1.76004840e-04,  1.80671401e-04,  1.85461295e-04,  1.90377793e-04,
        1.95424251e-04,  2.00604113e-04,  2.05920916e-04,  2.11378288e-04,
        2.16979956e-04,  2.22729744e-04,  2.28631575e-04,  2.34689481e-04,
        2.40907594e-04,  2.47290161e-04,  2.53841538e-04,  2.60566198e-04,
        2.67468731e-04,  2.74553849e-04,  2.81826389e-04,  2.89291315e-04,
        2.96953723e-04,  3.04818843e-04,  3.12892046e-04,  3.21178841e-04,
        3.29684886e-04,  3.38415987e-04,  3.47378105e-04,  3.56577357e-04,
        3.66020023e-04,  3.75712550e-04,  3.85661553e-04,  3.95873825e-04,
        4.06356336e-04,  4.17116243e-04,  4.28160890e-04,  4.39497817e-04,
        4.51134763e-04,  4.63079672e-04,  4.75340699e-04,  4.87926212e-04,
        5.00844803e-04,  5.14105292e-04,  5.27716729e-04,  5.41688408e-04,
        5.56029865e-04,  5.70750891e-04,  5.85861535e-04,  6.01372111e-04,
        6.17293209e-04,  6.33635696e-04,  6.50410728e-04,  6.67629758e-04,
        6.85304538e-04,  7.03447136e-04,  7.22069935e-04,  7.41185648e-04,
        7.60807324e-04,  7.80948359e-04,  8.01622501e-04,  8.22843862e-04,
        8.44626931e-04,  8.66986576e-04,  8.89938061e-04,  9.13497053e-04,
        9.37679636e-04,  9.62502317e-04,  9.87982040e-04,  1.01413620e-03,
        1.04098265e-03,  1.06853972e-03,  1.09682621e-03,  1.12586144e-03,
        1.15566523e-03,  1.18625793e-03,  1.21766041e-03,  1.24989411e-03,
        1.28298104e-03,  1.31694378e-03,  1.35180552e-03,  1.38759005e-03,
        1.42432180e-03,  1.46202585e-03,  1.50072794e-03,  1.54045448e-03,
        1.58123258e-03,  1.62309009e-03,  1.66605559e-03,  1.71015838e-03,
        1.75542859e-03,  1.80189711e-03,  1.84959567e-03,  1.89855681e-03,
        1.94881397e-03,  2.00040143e-03,  2.05335443e-03,  2.10770909e-03,
        2.16350252e-03,  2.22077280e-03,  2.27955902e-03,  2.33990129e-03,
        2.40184081e-03,  2.46541984e-03,  2.53068177e-03,  2.59767114e-03,
        2.66643367e-03,  2.73701626e-03,  2.80946709e-03,  2.88383559e-03,
        2.96017250e-03,  3.03852990e-03,  3.11896123e-03,  3.20152137e-03,
        3.28626663e-03,  3.37325481e-03,  3.46254522e-03,  3.55419875e-03,
        3.64827790e-03,  3.74484678e-03,  3.84397123e-03,  3.94571880e-03,
        4.05015881e-03,  4.15736242e-03,  4.26740263e-03,  4.38035439e-03,
        4.49629458e-03,  4.61530212e-03,  4.73745797e-03,  4.86284521e-03,
        4.99154911e-03,  5.12365714e-03,  5.25925904e-03,  5.39844690e-03,
        5.54131518e-03,  5.68796081e-03,  5.83848319e-03,  5.99298431e-03,
        6.15156878e-03,  6.31434388e-03,  6.48141964e-03,  6.65290891e-03,
        6.82892739e-03,  7.00959374e-03,  7.19502960e-03,  7.38535967e-03,
        7.58071178e-03,  7.78121696e-03,  7.98700948e-03,  8.19822693e-03,
        8.41501029e-03,  8.63750398e-03,  8.86585593e-03,  9.10021763e-03,
        9.34074420e-03,  9.58759447e-03,  9.84093097e-03,  1.01009201e-02,
        1.03677319e-02,  1.06415407e-02,  1.09225243e-02,  1.12108649e-02,
        1.15067485e-02,  1.18103652e-02,  1.21219092e-02,  1.24415787e-02,
        1.27695763e-02,  1.31061084e-02,  1.34513858e-02,  1.38056233e-02,
        1.41690398e-02,  1.45418584e-02,  1.49243061e-02,  1.53166141e-02,
        1.57190175e-02,  1.61317551e-02,  1.65550698e-02,  1.69892079e-02,
        1.74344195e-02,  1.78909582e-02,  1.83590805e-02,  1.88390466e-02,
        1.93311192e-02,  1.98355639e-02,  2.03526488e-02,  2.08826442e-02,
        2.14258223e-02,  2.19824571e-02,  2.25528238e-02,  2.31371984e-02,
        2.37358578e-02,  2.43490787e-02,  2.49771375e-02,  2.56203100e-02,
        2.62788703e-02,  2.69530908e-02,  2.76432413e-02,  2.83495884e-02,
        2.90723949e-02,  2.98119190e-02,  3.05684138e-02,  3.13421258e-02,
        3.21332951e-02,  3.29421536e-02,  3.37689244e-02,  3.46138212e-02,
        3.54770464e-02,  3.63587908e-02,  3.72592322e-02,  3.81785339e-02,
        3.91168438e-02,  4.00742928e-02,  4.10509933e-02,  4.20470377e-02,
        4.30624969e-02,  4.40974178e-02,  4.51518220e-02,  4.62257032e-02,
        4.73190251e-02,  4.84317185e-02,  4.95636788e-02,  5.07147629e-02,
        5.18847858e-02,  5.30735177e-02,  5.42806797e-02,  5.55059406e-02,
        5.67489132e-02,  5.80091501e-02,  5.92861404e-02,  6.05793063e-02,
        6.18880001e-02,  6.32115014e-02,  6.45490156e-02,  6.58996725e-02,
        6.72625262e-02,  6.86365556e-02,  7.00206668e-02,  7.14136950e-02,
        7.28144090e-02,  7.42215157e-02,  7.56336651e-02,  7.70494563e-02,
        7.84674431e-02,  7.98861400e-02,  8.13040268e-02,  8.27195522e-02,
        8.41311367e-02,  8.55371727e-02,  8.69360231e-02,  8.83260170e-02,
        8.97054432e-02,  9.10725413e-02,  9.24254902e-02,  9.37623947e-02,
        9.50812710e-02,  9.63800305e-02,  9.76564644e-02,  9.89082283e-02,
        1.00132829e-01,  1.01327614e-01,  1.02489764e-01,  1.03616291e-01,
        1.04704041e-01,  1.05749703e-01,  1.06749825e-01,  1.07700838e-01,
        1.08599082e-01,  1.09440847e-01,  1.10222414e-01,  1.10940102e-01,
        1.11590322e-01,  1.12169632e-01,  1.12674794e-01,  1.13102833e-01,
        1.13451089e-01,  1.13717271e-01,  1.13899501e-01,  1.13996355e-01,
        1.14006894e-01,  1.13930684e-01,  1.13767808e-01,  1.13518869e-01,
        1.13184979e-01,  1.12767740e-01,  1.12269216e-01,  1.11691897e-01,
        1.11038651e-01,  1.10312683e-01,  1.09517473e-01,  1.08656729e-01,
        1.07734326e-01,  1.06754253e-01,  1.05720564e-01,  1.04637326e-01,
        1.03508576e-01,  1.02338280e-01,  1.01130307e-01,  9.98883919e-02,
        9.86161223e-02,  9.73169172e-02,  9.59940189e-02,  9.46504861e-02,
        9.32891924e-02,  9.19128280e-02,  9.05239042e-02,  8.91247606e-02,
        8.77175732e-02,  8.63043647e-02,  8.48870144e-02,  8.34672688e-02,
        8.20467525e-02,  8.06269775e-02,  7.92093533e-02,  7.77951955e-02,
        7.63857334e-02,  7.49821178e-02,  7.35854267e-02,  7.21966707e-02,
        7.08167984e-02,  6.94466998e-02,  6.80872098e-02,  6.67391115e-02,
        6.54031381e-02,  6.40799755e-02,  6.27702636e-02,  6.14745982e-02,
        6.01935324e-02,  5.89275775e-02,  5.76772042e-02,  5.64428440e-02,
        5.52248899e-02,  5.40236977e-02,  5.28395867e-02,  5.16728409e-02,
        5.05237104e-02,  4.93924119e-02,  4.82791302e-02,  4.71840191e-02,
        4.61072028e-02,  4.50487770e-02,  4.40088099e-02,  4.29873436e-02,
        4.19843954e-02,  4.09999588e-02,  4.00340047e-02,  3.90864829e-02,
        3.81573228e-02,  3.72464353e-02,  3.63537133e-02,  3.54790331e-02,
        3.46222557e-02,  3.37832277e-02,  3.29617822e-02,  3.21577403e-02,
        3.13709117e-02,  3.06010959e-02,  2.98480832e-02,  2.91116552e-02,
        2.83915861e-02,  2.76876434e-02,  2.69995887e-02,  2.63271782e-02,
        2.56701638e-02,  2.50282938e-02,  2.44013130e-02,  2.37889641e-02,
        2.31909874e-02,  2.26071222e-02,  2.20371067e-02,  2.14806787e-02,
        2.09375761e-02,  2.04075370e-02,  1.98903007e-02,  1.93856073e-02,
        1.88931985e-02,  1.84128180e-02,  1.79442112e-02,  1.74871262e-02,
        1.70413132e-02,  1.66065255e-02,  1.61825193e-02,  1.57690536e-02,
        1.53658910e-02,  1.49727973e-02,  1.45895417e-02,  1.42158972e-02,
        1.38516402e-02,  1.34965512e-02,  1.31504140e-02,  1.28130166e-02,
        1.24841508e-02,  1.21636123e-02,  1.18512006e-02,  1.15467192e-02,
        1.12499756e-02,  1.09607810e-02,  1.06789507e-02,  1.04043038e-02,
        1.01366632e-02,  9.87585568e-03,  9.62171179e-03,  9.37406581e-03,
        9.13275575e-03,  8.89762325e-03,  8.66851356e-03,  8.44527551e-03,
        8.22776139e-03,  8.01582698e-03,  7.80933144e-03,  7.60813725e-03,
        7.41211017e-03,  7.22111921e-03,  7.03503648e-03,  6.85373722e-03,
        6.67709972e-03,  6.50500520e-03,  6.33733782e-03,  6.17398460e-03,
        6.01483533e-03,  5.85978256e-03,  5.70872148e-03,  5.56154991e-03,
        5.41816823e-03,  5.27847931e-03,  5.14238846e-03,  5.00980337e-03,
        4.88063406e-03,  4.75479284e-03,  4.63219422e-03,  4.51275488e-03,
        4.39639361e-03,  4.28303129e-03,  4.17259078e-03,  4.06499692e-03,
        3.96017648e-03,  3.85805808e-03,  3.75857216e-03,  3.66165097e-03,
        3.56722846e-03,  3.47524028e-03,  3.38562375e-03,  3.29831776e-03,
        3.21326280e-03,  3.13040087e-03,  3.04967547e-03,  2.97103154e-03,
        2.89441544e-03,  2.81977491e-03,  2.74705903e-03,  2.67621820e-03,
        2.60720408e-03,  2.53996958e-03,  2.47446883e-03,  2.41065714e-03,
        2.34849094e-03,  2.28792784e-03,  2.22892649e-03,  2.17144662e-03,
        2.11544901e-03,  2.06089544e-03,  2.00774868e-03,  1.95597245e-03,
        1.90553142e-03,  1.85639114e-03,  1.80851809e-03,  1.76187959e-03,
        1.71644380e-03,  1.67217971e-03,  1.62905710e-03,  1.58704654e-03,
        1.54611935e-03,  1.50624760e-03,  1.46740406e-03,  1.42956223e-03,
        1.39269627e-03,  1.35678102e-03,  1.32179196e-03,  1.28770520e-03,
        1.25449748e-03,  1.22214613e-03,  1.19062906e-03,  1.15992476e-03,
        1.13001227e-03,  1.10087118e-03,  1.07248158e-03,  1.04482410e-03,
        1.01787986e-03,  9.91630464e-04,  9.66057995e-04,  9.41144997e-04,
        9.16874462e-04,  8.93229822e-04,  8.70194937e-04,  8.47754082e-04,
        8.25891939e-04,  8.04593583e-04,  7.83844474e-04,  7.63630450e-04,
        7.43937712e-04,  7.24752815e-04,  7.06062664e-04,  6.87854500e-04,
        6.70115893e-04,  6.52834735e-04,  6.35999228e-04,  6.19597880e-04,
        6.03619495e-04,  5.88053165e-04,  5.72888264e-04,  5.58114440e-04,
        5.43721608e-04,  5.29699942e-04,  5.16039871e-04,  5.02732069e-04,
        4.89767453e-04,  4.77137173e-04,  4.64832605e-04,  4.52845351e-04,
        4.41167228e-04,  4.29790264e-04,  4.18706691e-04,  4.07908945e-04,
        3.97389655e-04,  3.87141639e-04,  3.77157901e-04,  3.67431627e-04,
        3.57956176e-04,  3.48725081e-04,  3.39732040e-04,  3.30970914e-04,
        3.22435722e-04,  3.14120638e-04,  3.06019985e-04,  2.98128234e-04,
        2.90439997e-04,  2.82950027e-04,  2.75653210e-04,  2.68544565e-04,
        2.61619239e-04,  2.54872506e-04,  2.48299759e-04,  2.41896511e-04,
        2.35658391e-04,  2.29581142e-04,  2.23660614e-04,  2.17892766e-04,
        2.12273661e-04,  2.06799462e-04,  2.01466433e-04,  1.96270933e-04,
        1.91209415e-04,  1.86278425e-04,  1.81474596e-04,  1.76794649e-04,
        1.72235389e-04,  1.67793705e-04,  1.63466563e-04,  1.59251010e-04,
        1.55144168e-04,  1.51143234e-04,  1.47245476e-04,  1.43448234e-04,
        1.39748916e-04,  1.36144996e-04,  1.32634014e-04,  1.29213574e-04,
        1.25881340e-04,  1.22635037e-04,  1.19472451e-04,  1.16391421e-04,
        1.13389845e-04,  1.10465673e-04,  1.07616910e-04,  1.04841610e-04,
        1.02137879e-04,  9.95038721e-05,  9.69377904e-05,  9.44378823e-05,
        9.20024415e-05,  8.96298052e-05,  8.73183539e-05,  8.50665096e-05,
        8.28727352e-05,  8.07355332e-05,  7.86534444e-05,  7.66250478e-05,
        7.46489585e-05,  7.27238276e-05,  7.08483409e-05,  6.90212183e-05,
        6.72412123e-05,  6.55071079e-05,  6.38177213e-05,  6.21718993e-05,
        6.05685184e-05,  5.90064840e-05,  5.74847299e-05,  5.60022171e-05,
        5.45579338e-05,  5.31508939e-05,  5.17801370e-05,  5.04447273e-05,
        4.91437532e-05,  4.78763267e-05,  4.66415825e-05,  4.54386777e-05,
        4.42667913e-05,  4.31251231e-05,  4.20128939e-05,  4.09293444e-05,
        3.98737350e-05,  3.88453450e-05,  3.78434724e-05,  3.68674333e-05,
        3.59165614e-05,  3.49902076e-05,  3.40877396e-05,  3.32085413e-05,
        3.23520124e-05,  3.15175683e-05,  3.07046395e-05,  2.99126708e-05,
        2.91411218e-05,  2.83894657e-05,  2.76571894e-05,  2.69437930e-05,
        2.62487895e-05,  2.55717046e-05,  2.49120759e-05,  2.42694532e-05,
        2.36433978e-05,  2.30334824e-05,  2.24392906e-05,  2.18604167e-05,
        2.12964657e-05,  2.07470525e-05,  2.02118021e-05,  1.96903490e-05,
        1.91823375e-05,  1.86874205e-05,  1.82052604e-05,  1.77355279e-05,
        1.72779024e-05,  1.68320714e-05,  1.63977308e-05,  1.59745839e-05,
        1.55623419e-05,  1.51607234e-05,  1.47694543e-05,  1.43882673e-05,
        1.40169024e-05,  1.36551060e-05,  1.33026311e-05,  1.29592371e-05,
        1.26246897e-05,  1.22987603e-05,  1.19812266e-05,  1.16718718e-05,
        1.13704846e-05,  1.10768595e-05,  1.07907958e-05,  1.05120984e-05,
        1.02405769e-05,  9.97604613e-06,  9.71832538e-06,  9.46723876e-06,
        9.22261486e-06,  8.98428669e-06,  8.75209156e-06,  8.52587096e-06,
        8.30547047e-06,  8.09073963e-06,  7.88153186e-06,  7.67770435e-06,
        7.47911795e-06,  7.28563710e-06,  7.09712972e-06,  6.91346713e-06,
        6.73452396e-06,  6.56017805e-06,  6.39031038e-06,  6.22480499e-06,
        6.06354892e-06,  5.90643207e-06,  5.75334718e-06,  5.60418977e-06,
        5.45885801e-06,  5.31725268e-06,  5.17927713e-06,  5.04483717e-06,
        4.91384101e-06,  4.78619924e-06,  4.66182473e-06,  4.54063257e-06,
        4.42254003e-06,  4.30746650e-06,  4.19533341e-06,  4.08606424e-06,
        3.97958437e-06,  3.87582114e-06,  3.77470369e-06,  3.67616302e-06,
        3.58013184e-06,  3.48654460e-06,  3.39533742e-06,  3.30644804e-06,
        3.21981578e-06,  3.13538149e-06,  3.05308754e-06,  2.97287775e-06,
        2.89469737e-06,  2.81849303e-06,  2.74421271e-06,  2.67180569e-06,
        2.60122257e-06,  2.53241514e-06,  2.46533644e-06,  2.39994068e-06,
        2.33618322e-06,  2.27402053e-06,  2.21341018e-06,  2.15431079e-06,
        2.09668203e-06,  2.04048454e-06,  1.98567997e-06,  1.93223091e-06,
        1.88010087e-06,  1.82925426e-06,  1.77965638e-06,  1.73127336e-06,
        1.68407218e-06,  1.63802061e-06,  1.59308723e-06,  1.54924135e-06,
        1.50645305e-06,  1.46469311e-06,  1.42393303e-06,  1.38414499e-06,
        1.34530182e-06,  1.30737700e-06,  1.27034466e-06,  1.23417950e-06,
        1.19885685e-06,  1.16435259e-06,  1.13064316e-06,  1.09770555e-06,
        1.06551728e-06,  1.03405638e-06,  1.00330136e-06,  9.73231242e-07,
        9.43825489e-07,  9.15064030e-07,  8.86927231e-07,  8.59395885e-07,
        8.32451197e-07,  8.06074775e-07,  7.80248611e-07,  7.54955078e-07,
        7.30176907e-07,  7.05897185e-07,  6.82099337e-07,  6.58767118e-07,
        6.35884600e-07,  6.13436162e-07,  5.91406482e-07,  5.69780519e-07,
        5.48543512e-07,  5.27680963e-07,  5.07178630e-07,  4.87022518e-07,
        4.67198868e-07,  4.47694147e-07,  4.28495040e-07,  4.09588441e-07,
        3.90961443e-07,  3.72601332e-07,  3.54495574e-07,  3.36631809e-07,
        3.18997843e-07,  3.01581637e-07,  2.84371303e-07,  2.67355093e-07,
        2.50521390e-07,  2.33858704e-07,  2.17355658e-07,  2.01000989e-07,
        1.84783531e-07,  1.68692214e-07,  1.52716053e-07,  1.36844142e-07,
        1.21065647e-07,  1.05369796e-07,  8.97458745e-08,  7.41832174e-08,
        5.86712007e-08,  4.31992354e-08,  2.77567596e-08,  1.23332318e-08,
       -3.08187692e-09, -1.84990894e-08, -3.39289302e-08, -4.93819322e-08,
       -6.48686443e-08, -8.03996384e-08, -9.59855166e-08, -1.11636918e-07,
       -1.27364528e-07, -1.43179082e-07, -1.59091376e-07, -1.75112272e-07,
       -1.91252707e-07, -2.07523698e-07, -2.23936354e-07, -2.40501878e-07,
       -2.57231578e-07, -2.74136875e-07, -2.91229309e-07, -3.08520548e-07,
       -3.26022396e-07, -3.43746800e-07, -3.61705859e-07, -3.79911834e-07,
       -3.98377152e-07, -4.17114418e-07, -4.36136424e-07, -4.55456154e-07,
       -4.75086797e-07, -4.95041753e-07, -5.15334646e-07, -5.35979326e-07,
       -5.56989888e-07, -5.78380674e-07, -6.00166286e-07, -6.22361596e-07,
       -6.44981756e-07, -6.68042206e-07, -6.91558689e-07, -7.15547258e-07,
       -7.40024289e-07, -7.65006491e-07, -7.90510917e-07, -8.16554978e-07,
       -8.43156453e-07, -8.70333501e-07, -8.98104674e-07, -9.26488929e-07,
       -9.55505644e-07, -9.85174626e-07, -1.01551613e-06, -1.04655086e-06,
       -1.07830002e-06, -1.11078526e-06, -1.14402877e-06, -1.17805324e-06,
       -1.21288190e-06, -1.24853853e-06, -1.28504745e-06, -1.32243360e-06,
       -1.36072250e-06, -1.39994028e-06, -1.44011372e-06, -1.48127024e-06,
       -1.52343794e-06, -1.56664559e-06, -1.61092270e-06, -1.65629950e-06])], 1: [], 2: []}
KEDs = {0: [array([6.94698341e-14, 6.95647124e-14, 6.97547280e-14, 7.00403999e-14,
       7.04225083e-14, 7.09020967e-14, 7.14804750e-14, 7.21592225e-14,
       7.29401932e-14, 7.38255197e-14, 7.48176200e-14, 7.59192035e-14,
       7.71332786e-14, 7.84631611e-14, 7.99124829e-14, 8.14852021e-14,
       8.31856138e-14, 8.50183620e-14, 8.69884519e-14, 8.91012640e-14,
       9.13625682e-14, 9.37785404e-14, 9.63557787e-14, 9.91013214e-14,
       1.02022667e-13, 1.05127793e-13, 1.08425181e-13, 1.11923835e-13,
       1.15633310e-13, 1.19563738e-13, 1.23725851e-13, 1.28131018e-13,
       1.32791268e-13, 1.37719329e-13, 1.42928660e-13, 1.48433487e-13,
       1.54248844e-13, 1.60390614e-13, 1.66875569e-13, 1.73721420e-13,
       1.80946864e-13, 1.88571633e-13, 1.96616550e-13, 2.05103587e-13,
       2.14055922e-13, 2.23498004e-13, 2.33455620e-13, 2.43955964e-13,
       2.55027713e-13, 2.66701104e-13, 2.79008017e-13, 2.91982064e-13,
       3.05658676e-13, 3.20075205e-13, 3.35271022e-13, 3.51287629e-13,
       3.68168766e-13, 3.85960538e-13, 4.04711532e-13, 4.24472960e-13,
       4.45298789e-13, 4.67245897e-13, 4.90374221e-13, 5.14746925e-13,
       5.40430572e-13, 5.67495304e-13, 5.96015037e-13, 6.26067658e-13,
       6.57735242e-13, 6.91104274e-13, 7.26265886e-13, 7.63316106e-13,
       8.02356117e-13, 8.43492541e-13, 8.86837721e-13, 9.32510035e-13,
       9.80634214e-13, 1.03134169e-12, 1.08477094e-12, 1.14106789e-12,
       1.20038628e-12, 1.26288811e-12, 1.32874409e-12, 1.39813405e-12,
       1.47124751e-12, 1.54828415e-12, 1.62945435e-12, 1.71497979e-12,
       1.80509405e-12, 1.90004322e-12, 2.00008662e-12, 2.10549747e-12,
       2.21656364e-12, 2.33358847e-12, 2.45689155e-12, 2.58680963e-12,
       2.72369752e-12, 2.86792905e-12, 3.01989813e-12, 3.18001980e-12,
       3.34873135e-12, 3.52649354e-12, 3.71379183e-12, 3.91113775e-12,
       4.11907026e-12, 4.33815722e-12, 4.56899696e-12, 4.81221993e-12,
       5.06849036e-12, 5.33850813e-12, 5.62301068e-12, 5.92277499e-12,
       6.23861973e-12, 6.57140746e-12, 6.92204706e-12, 7.29149612e-12,
       7.68076362e-12, 8.09091266e-12, 8.52306337e-12, 8.97839597e-12,
       9.45815398e-12, 9.96364764e-12, 1.04962575e-11, 1.10574380e-11,
       1.16487219e-11, 1.22717240e-11, 1.29281456e-11, 1.36197795e-11,
       1.43485146e-11, 1.51163410e-11, 1.59253558e-11, 1.67777683e-11,
       1.76759066e-11, 1.86222234e-11, 1.96193032e-11, 2.06698691e-11,
       2.17767901e-11, 2.29430893e-11, 2.41719519e-11, 2.54667339e-11,
       2.68309715e-11, 2.82683904e-11, 2.97829162e-11, 3.13786852e-11,
       3.30600555e-11, 3.48316189e-11, 3.66982136e-11, 3.86649373e-11,
       4.07371612e-11, 4.29205447e-11, 4.52210505e-11, 4.76449615e-11,
       5.01988974e-11, 5.28898331e-11, 5.57251177e-11, 5.87124943e-11,
       6.18601215e-11, 6.51765957e-11, 6.86709742e-11, 7.23528003e-11,
       7.62321291e-11, 8.03195552e-11, 8.46262415e-11, 8.91639497e-11,
       9.39450723e-11, 9.89826668e-11, 1.04290491e-10, 1.09883041e-10,
       1.15775589e-10, 1.21984229e-10, 1.28525917e-10, 1.35418518e-10,
       1.42680856e-10, 1.50332765e-10, 1.58395142e-10, 1.66890005e-10,
       1.75840555e-10, 1.85271237e-10, 1.95207804e-10, 2.05677394e-10,
       2.16708601e-10, 2.28331550e-10, 2.40577984e-10, 2.53481348e-10,
       2.67076883e-10, 2.81401717e-10, 2.96494972e-10, 3.12397869e-10,
       3.29153838e-10, 3.46808640e-10, 3.65410492e-10, 3.85010195e-10,
       4.05661276e-10, 4.27420134e-10, 4.50346193e-10, 4.74502065e-10,
       4.99953719e-10, 5.26770664e-10, 5.55026139e-10, 5.84797308e-10,
       6.16165478e-10, 6.49216315e-10, 6.84040081e-10, 7.20731881e-10,
       7.59391918e-10, 8.00125774e-10, 8.43044692e-10, 8.88265884e-10,
       9.35912847e-10, 9.86115704e-10, 1.03901156e-09, 1.09474486e-09,
       1.15346782e-09, 1.21534081e-09, 1.28053280e-09, 1.34922181e-09,
       1.42159543e-09, 1.49785131e-09, 1.57819769e-09, 1.66285398e-09,
       1.75205136e-09, 1.84603341e-09, 1.94505677e-09, 2.04939185e-09,
       2.15932354e-09, 2.27515205e-09, 2.39719363e-09, 2.52578154e-09,
       2.66126687e-09, 2.80401956e-09, 2.95442937e-09, 3.11290695e-09,
       3.27988497e-09, 3.45581930e-09, 3.64119021e-09, 3.83650373e-09,
       4.04229301e-09, 4.25911976e-09, 4.48757576e-09, 4.72828451e-09,
       4.98190288e-09, 5.24912293e-09, 5.53067376e-09, 5.82732349e-09,
       6.13988134e-09, 6.46919981e-09, 6.81617701e-09, 7.18175905e-09,
       7.56694261e-09, 7.97277762e-09, 8.40037008e-09, 8.85088502e-09,
       9.32554964e-09, 9.82565658e-09, 1.03525674e-08, 1.09077161e-08,
       1.14926131e-08, 1.21088491e-08, 1.27580994e-08, 1.34421283e-08,
       1.41627935e-08, 1.49220514e-08, 1.57219619e-08, 1.65646938e-08,
       1.74525305e-08, 1.83878757e-08, 1.93732600e-08, 2.04113468e-08,
       2.15049393e-08, 2.26569879e-08, 2.38705969e-08, 2.51490328e-08,
       2.64957323e-08, 2.79143103e-08, 2.94085691e-08, 3.09825075e-08,
       3.26403300e-08, 3.43864571e-08, 3.62255353e-08, 3.81624479e-08,
       4.02023260e-08, 4.23505601e-08, 4.46128116e-08, 4.69950254e-08,
       4.95034423e-08, 5.21446121e-08, 5.49254067e-08, 5.78530341e-08,
       6.09350519e-08, 6.41793819e-08, 6.75943244e-08, 7.11885732e-08,
       7.49712298e-08, 7.89518192e-08, 8.31403042e-08, 8.75471007e-08,
       9.21830924e-08, 9.70596456e-08, 1.02188623e-07, 1.07582399e-07,
       1.13253871e-07, 1.19216473e-07, 1.25484187e-07, 1.32071556e-07,
       1.38993690e-07, 1.46266274e-07, 1.53905577e-07, 1.61928456e-07,
       1.70352353e-07, 1.79195303e-07, 1.88475921e-07, 1.98213404e-07,
       2.08427516e-07, 2.19138572e-07, 2.30367425e-07, 2.42135438e-07,
       2.54464459e-07, 2.67376779e-07, 2.80895100e-07, 2.95042483e-07,
       3.09842289e-07, 3.25318123e-07, 3.41493756e-07, 3.58393048e-07,
       3.76039855e-07, 3.94457929e-07, 4.13670804e-07, 4.33701678e-07,
       4.54573271e-07, 4.76307681e-07, 4.98926223e-07, 5.22449252e-07,
       5.46895977e-07, 5.72284256e-07, 5.98630377e-07, 6.25948824e-07,
       6.54252023e-07, 6.83550075e-07, 7.13850467e-07, 7.45157761e-07,
       7.77473261e-07, 8.10794656e-07, 8.45115635e-07, 8.80425465e-07,
       9.16708540e-07, 9.53943879e-07, 9.92104583e-07, 1.03115724e-06,
       1.07106127e-06, 1.11176820e-06, 1.15322090e-06, 1.19535272e-06,
       1.23808661e-06, 1.28133413e-06, 1.32499454e-06, 1.36895375e-06,
       1.41308341e-06, 1.45724008e-06, 1.50126443e-06, 1.54498080e-06,
       1.58819697e-06, 1.63070425e-06, 1.67227815e-06, 1.71267942e-06,
       1.75165579e-06, 1.78894426e-06, 1.82427404e-06, 1.85737005e-06,
       1.88795696e-06, 1.91576361e-06, 1.94052759e-06, 1.96199990e-06,
       1.97994924e-06, 1.99416586e-06, 2.00446457e-06, 2.01068673e-06,
       2.01270099e-06, 2.01040276e-06, 2.00371215e-06, 1.99257078e-06,
       1.97693735e-06, 1.95678246e-06, 1.93208300e-06, 1.90281669e-06,
       1.86895722e-06, 1.83047066e-06, 1.78731376e-06, 1.73943461e-06,
       1.68677624e-06, 1.62928340e-06, 1.56691287e-06, 1.49964712e-06,
       1.42751131e-06, 1.35059290e-06, 1.26906323e-06, 1.18319995e-06,
       1.09340899e-06, 1.00024444e-06, 9.04424578e-07, 8.06842428e-07,
       7.08568837e-07, 6.10846808e-07, 5.15075842e-07, 4.22785729e-07,
       3.35599894e-07, 2.55189139e-07, 1.83217464e-07, 1.21282375e-07,
       7.08527480e-08, 3.32077868e-08, 9.38074860e-09, 1.11065848e-10,
       5.80803665e-09, 2.65285780e-08, 6.19706034e-08, 1.11482518e-07,
       1.74088207e-07, 2.48525846e-07, 3.33297952e-07, 4.26729465e-07,
       5.27030254e-07, 6.32358390e-07, 7.40880761e-07, 8.50828071e-07,
       9.60541897e-07, 1.06851226e-06, 1.17340493e-06, 1.27407839e-06,
       1.36959110e-06, 1.45920007e-06, 1.54235223e-06, 1.61867015e-06,
       1.68793382e-06, 1.75005995e-06, 1.80508036e-06, 1.85312047e-06,
       1.89437898e-06, 1.92910925e-06, 1.95760299e-06, 1.98017630e-06,
       1.99715828e-06, 2.00888194e-06, 2.01567734e-06, 2.01786669e-06,
       2.01576104e-06, 2.00965831e-06, 1.99984243e-06, 1.98658320e-06,
       1.97013674e-06, 1.95074625e-06, 1.92864303e-06, 1.90404751e-06,
       1.87717027e-06, 1.84821296e-06, 1.81736914e-06, 1.78482491e-06,
       1.75075941e-06, 1.71534524e-06, 1.67874863e-06, 1.64112959e-06,
       1.60264195e-06, 1.56343335e-06, 1.52364509e-06, 1.48341211e-06,
       1.44286281e-06, 1.40211895e-06, 1.36129558e-06, 1.32050092e-06,
       1.27983632e-06, 1.23939625e-06, 1.19926832e-06, 1.15953329e-06,
       1.12026523e-06, 1.08153157e-06, 1.04339328e-06, 1.00590505e-06,
       9.69115476e-07, 9.33067313e-07, 8.97797687e-07, 8.63338372e-07,
       8.29716052e-07, 7.96952605e-07, 7.65065381e-07, 7.34067493e-07,
       7.03968102e-07, 6.74772703e-07, 6.46483405e-07, 6.19099210e-07,
       5.92616280e-07, 5.67028194e-07, 5.42326206e-07, 5.18499477e-07,
       4.95535311e-07, 4.73419371e-07, 4.52135883e-07, 4.31667831e-07,
       4.11997141e-07, 3.93104848e-07, 3.74971253e-07, 3.57576073e-07,
       3.40898570e-07, 3.24917679e-07, 3.09612118e-07, 2.94960492e-07,
       2.80941383e-07, 2.67533438e-07, 2.54715437e-07, 2.42466364e-07,
       2.30765465e-07, 2.19592297e-07, 2.08926773e-07, 1.98749202e-07,
       1.89040318e-07, 1.79781311e-07, 1.70953846e-07, 1.62540080e-07,
       1.54522679e-07, 1.46884827e-07, 1.39610229e-07, 1.32683120e-07,
       1.26088262e-07, 1.19810943e-07, 1.13836979e-07, 1.08152699e-07,
       1.02744947e-07, 9.76010698e-08, 9.27089085e-08, 8.80567876e-08,
       8.36335044e-08, 7.94283171e-08, 7.54309324e-08, 7.16314928e-08,
       6.80205633e-08, 6.45891184e-08, 6.13285283e-08, 5.82305460e-08,
       5.52872934e-08, 5.24912482e-08, 4.98352306e-08, 4.73123902e-08,
       4.49161932e-08, 4.26404100e-08, 4.04791026e-08, 3.84266128e-08,
       3.64775504e-08, 3.46267819e-08, 3.28694192e-08, 3.12008094e-08,
       2.96165238e-08, 2.81123486e-08, 2.66842747e-08, 2.53284886e-08,
       2.40413633e-08, 2.28194503e-08, 2.16594703e-08, 2.05583062e-08,
       1.95129948e-08, 1.85207201e-08, 1.75788058e-08, 1.66847088e-08,
       1.58360128e-08, 1.50304224e-08, 1.42657566e-08, 1.35399439e-08,
       1.28510168e-08, 1.21971063e-08, 1.15764376e-08, 1.09873251e-08,
       1.04281682e-08, 9.89744685e-09, 9.39371781e-09, 8.91561070e-09,
       8.46182439e-09, 8.03112352e-09, 7.62233526e-09, 7.23434612e-09,
       6.86609903e-09, 6.51659048e-09, 6.18486781e-09, 5.87002669e-09,
       5.57120867e-09, 5.28759885e-09, 5.01842369e-09, 4.76294894e-09,
       4.52047764e-09, 4.29034823e-09, 4.07193277e-09, 3.86463521e-09,
       3.66788983e-09, 3.48115965e-09, 3.30393499e-09, 3.13573209e-09,
       2.97609179e-09, 2.82457829e-09, 2.68077796e-09, 2.54429820e-09,
       2.41476639e-09, 2.29182887e-09, 2.17514998e-09, 2.06441111e-09,
       1.95930991e-09, 1.85955939e-09, 1.76488715e-09, 1.67503470e-09,
       1.58975665e-09, 1.50882015e-09, 1.43200418e-09, 1.35909895e-09,
       1.28990539e-09, 1.22423453e-09, 1.16190704e-09, 1.10275271e-09,
       1.04660998e-09, 9.93325551e-10, 9.42753893e-10, 8.94756900e-10,
       8.49203497e-10, 8.05969277e-10, 7.64936169e-10, 7.25992113e-10,
       6.89030754e-10, 6.53951150e-10, 6.20657498e-10, 5.89058876e-10,
       5.59068985e-10, 5.30605924e-10, 5.03591960e-10, 4.77953318e-10,
       4.53619977e-10, 4.30525484e-10, 4.08606767e-10, 3.87803965e-10,
       3.68060266e-10, 3.49321749e-10, 3.31537239e-10, 3.14658165e-10,
       2.98638432e-10, 2.83434288e-10, 2.69004210e-10, 2.55308791e-10,
       2.42310626e-10, 2.29974219e-10, 2.18265877e-10, 2.07153625e-10,
       1.96607115e-10, 1.86597544e-10, 1.77097577e-10, 1.68081267e-10,
       1.59523992e-10, 1.51402382e-10, 1.43694255e-10, 1.36378561e-10,
       1.29435321e-10, 1.22845571e-10, 1.16591317e-10, 1.10655476e-10,
       1.05021838e-10, 9.96750173e-11, 9.46004118e-11, 8.97841624e-11,
       8.52131159e-11, 8.08747884e-11, 7.67573321e-11, 7.28495019e-11,
       6.91406255e-11, 6.56205737e-11, 6.22797334e-11, 5.91089805e-11,
       5.60996556e-11, 5.32435401e-11, 5.05328339e-11, 4.79601341e-11,
       4.55184144e-11, 4.32010066e-11, 4.10015816e-11, 3.89141328e-11,
       3.69329592e-11, 3.50526504e-11, 3.32680710e-11, 3.15743473e-11,
       2.99668538e-11, 2.84412003e-11, 2.69932202e-11, 2.56189590e-11,
       2.43146636e-11, 2.30767720e-11, 2.19019034e-11, 2.07868491e-11,
       1.97285641e-11, 1.87241580e-11, 1.77708877e-11, 1.68661500e-11,
       1.60074739e-11, 1.51925143e-11, 1.44190456e-11, 1.36849554e-11,
       1.29882389e-11, 1.23269933e-11, 1.16994128e-11, 1.11037834e-11,
       1.05384784e-11, 1.00019540e-11, 9.49274483e-12, 9.00946034e-12,
       8.55078062e-12, 8.11545301e-12, 7.70228861e-12, 7.31015905e-12,
       6.93799343e-12, 6.58477535e-12, 6.24954015e-12, 5.93137230e-12,
       5.62940287e-12, 5.34280719e-12, 5.07080253e-12, 4.81264607e-12,
       4.56763275e-12, 4.33509345e-12, 4.11439308e-12, 3.90492892e-12,
       3.70612891e-12, 3.51745012e-12, 3.33837726e-12, 3.16842129e-12,
       3.00711803e-12, 2.85402698e-12, 2.70873004e-12, 2.57083039e-12,
       2.43995143e-12, 2.31573572e-12, 2.19784403e-12, 2.08595439e-12,
       1.97976123e-12, 1.87897452e-12, 1.78331903e-12, 1.69253351e-12,
       1.60637002e-12, 1.52459325e-12, 1.44697986e-12, 1.37331790e-12,
       1.30340617e-12, 1.23705377e-12, 1.17407947e-12, 1.11431129e-12,
       1.05758600e-12, 1.00374869e-12, 9.52652315e-13, 9.04157340e-13,
       8.58131319e-13, 8.14448556e-13, 7.72989751e-13, 7.33641678e-13,
       6.96296878e-13, 6.60853360e-13, 6.27214328e-13, 5.95287911e-13,
       5.64986918e-13, 5.36228597e-13, 5.08934406e-13, 4.83029806e-13,
       4.58444050e-13, 4.35109993e-13, 4.12963910e-13, 3.91945319e-13,
       3.71996817e-13, 3.53063925e-13, 3.35094936e-13, 3.18040776e-13,
       3.01854871e-13, 2.86493015e-13, 2.71913256e-13, 2.58075775e-13,
       2.44942783e-13, 2.32478411e-13, 2.20648621e-13, 2.09421103e-13,
       1.98765197e-13, 1.88651799e-13, 1.79053290e-13, 1.69943457e-13,
       1.61297419e-13, 1.53091566e-13, 1.45303485e-13, 1.37911907e-13,
       1.30896647e-13, 1.24238545e-13, 1.17919417e-13, 1.11922006e-13,
       1.06229933e-13, 1.00827652e-13, 9.57004104e-14, 9.08342048e-14,
       8.62157455e-14, 8.18324194e-14, 7.76722556e-14, 7.37238925e-14,
       6.99765470e-14, 6.64199850e-14, 6.30444935e-14, 5.98408538e-14,
       5.68003167e-14, 5.39145785e-14, 5.11757582e-14, 4.85763758e-14,
       4.61093324e-14, 4.37678906e-14, 4.15456556e-14, 3.94365585e-14,
       3.74348394e-14, 3.55350314e-14, 3.37319462e-14, 3.20206594e-14,
       3.03964975e-14, 2.88550249e-14, 2.73920317e-14, 2.60035225e-14,
       2.46857052e-14, 2.34349808e-14, 2.22479335e-14, 2.11213215e-14,
       2.00520680e-14, 1.90372529e-14, 1.80741045e-14, 1.71599926e-14,
       1.62924207e-14, 1.54690194e-14, 1.46875399e-14, 1.39458481e-14,
       1.32419183e-14, 1.25738282e-14, 1.19397530e-14, 1.13379613e-14,
       1.07668093e-14, 1.02247374e-14, 9.71026504e-15, 9.22198724e-15,
       8.75857050e-15, 8.31874921e-15, 7.90132220e-15, 7.50514947e-15,
       7.12914906e-15, 6.77229409e-15, 6.43361000e-15, 6.11217182e-15,
       5.80710170e-15, 5.51756648e-15, 5.24277543e-15, 4.98197809e-15,
       4.73446221e-15, 4.49955183e-15, 4.27660539e-15, 4.06501402e-15,
       3.86419987e-15, 3.67361449e-15, 3.49273740e-15, 3.32107461e-15,
       3.15815732e-15, 3.00354058e-15, 2.85680213e-15, 2.71754124e-15,
       2.58537757e-15, 2.45995017e-15, 2.34091651e-15, 2.22795150e-15,
       2.12074663e-15, 2.01900912e-15, 1.92246112e-15, 1.83083895e-15,
       1.74389240e-15, 1.66138400e-15, 1.58308844e-15, 1.50879187e-15,
       1.43829139e-15, 1.37139447e-15, 1.30791841e-15, 1.24768984e-15,
       1.19054429e-15, 1.13632570e-15, 1.08488598e-15, 1.03608465e-15,
       9.89788439e-16, 9.45870908e-16, 9.04212116e-16, 8.64698293e-16,
       8.27221524e-16, 7.91679460e-16, 7.57975034e-16, 7.26016199e-16,
       6.95715673e-16, 6.66990706e-16, 6.39762849e-16, 6.13957741e-16,
       5.89504909e-16, 5.66337570e-16, 5.44392454e-16, 5.23609628e-16,
       5.03932335e-16, 4.85306833e-16, 4.67682258e-16, 4.51010475e-16,
       4.35245954e-16, 4.20345640e-16, 4.06268842e-16, 3.92977114e-16,
       3.80434157e-16, 3.68605715e-16, 3.57459485e-16, 3.46965026e-16,
       3.37093677e-16, 3.27818480e-16, 3.19114103e-16, 3.10956774e-16,
       3.03324217e-16, 2.96195585e-16, 2.89551411e-16, 2.83373549e-16,
       2.77645127e-16, 2.72350501e-16, 2.67475210e-16, 2.63005941e-16,
       2.58930487e-16, 2.55237719e-16, 2.51917552e-16, 2.48960917e-16,
       2.46359740e-16, 2.44106918e-16, 2.42196297e-16, 2.40622661e-16,
       2.39381711e-16, 2.38470057e-16, 2.37885212e-16, 2.37625576e-16,
       2.37690442e-16, 2.38079985e-16, 2.38795271e-16, 2.39838253e-16,
       2.41211778e-16, 2.42919598e-16, 2.44966378e-16, 2.47357707e-16,
       2.50100116e-16, 2.53201094e-16, 2.56669110e-16, 2.60513636e-16,
       2.64745171e-16, 2.69375271e-16, 2.74416582e-16, 2.79882871e-16,
       2.85789067e-16, 2.92151300e-16, 2.98986946e-16, 3.06314672e-16,
       3.14154492e-16, 3.22527815e-16, 3.31457510e-16, 3.40967963e-16,
       3.51085149e-16, 3.61836697e-16, 3.73251970e-16, 3.85362145e-16,
       3.98200293e-16, 4.11801476e-16, 4.26202840e-16, 4.41443715e-16,
       4.57565724e-16, 4.74612897e-16, 4.92631791e-16, 5.11671615e-16,
       5.31784367e-16, 5.53024977e-16, 5.75451453e-16, 5.99125042e-16,
       6.24110398e-16, 6.50475756e-16, 6.78293121e-16, 7.07638463e-16,
       7.38591925e-16, 7.71238041e-16, 8.05665970e-16, 8.41969734e-16,
       8.80248481e-16, 9.20606751e-16, 9.63154763e-16, 1.00800872e-15,
       1.05529111e-15, 1.10513107e-15, 1.15766472e-15, 1.21303552e-15,
       1.27139470e-15, 1.33290163e-15, 1.39772429e-15, 1.46603971e-15,
       1.53803448e-15, 1.61390519e-15, 1.69385907e-15, 1.77811446e-15,
       1.86690148e-15, 1.96046259e-15, 2.05905333e-15, 0.00000000e+00])], 1: [], 2: []}
v = [-1.99623817e-25 -2.61286159e-25 -3.41772236e-25 -4.46759176e-25
 -5.83615083e-25 -7.61896291e-25 -9.93988905e-25 -1.29593596e-24
 -1.68850313e-24 -2.19855089e-24 -2.86080004e-24 -3.72010167e-24
 -4.83435391e-24 -6.27824699e-24 -8.14806866e-24 -1.05678658e-23
 -1.36973395e-23 -1.77419553e-23 -2.29658787e-23 -2.97085173e-23
 -3.84056583e-23 -4.96164600e-23 -6.40578949e-23 -8.26486713e-23
 -1.06565203e-22 -1.37312881e-22 -1.76816777e-22 -2.27536977e-22
 -2.92615162e-22 -3.76060737e-22 -4.82987049e-22 -6.19910944e-22
 -7.95132394e-22 -1.01921526e-21 -1.30559570e-21 -1.67135164e-21
 -2.13817515e-21 -2.73360053e-21 -3.49255415e-21 -4.45930904e-21
 -5.68994829e-21 -7.25546738e-21 -9.24567864e-21 -1.17741217e-20
 -1.49842348e-20 -1.90571059e-20 -2.42211997e-20 -3.07645579e-20
 -3.90500894e-20 -4.95347199e-20 -6.27933591e-20 -7.95488759e-20
 -1.00709561e-19 -1.27415917e-19 -1.61099055e-19 -2.03553524e-19
 -2.57028087e-19 -3.24338772e-19 -4.09009578e-19 -5.15447472e-19
 -6.49159886e-19 -8.17024842e-19 -1.02762621e-18 -1.29166952e-18
 -1.62249727e-18 -2.03672721e-18 -2.55504222e-18 -3.20316729e-18
 -4.01307695e-18 -5.02448644e-18 -6.28669218e-18 -7.86084149e-18
 -9.82273002e-18 -1.22662469e-17 -1.53076147e-17 -1.90906039e-17
 -2.37929416e-17 -2.96341814e-17 -3.68853626e-17 -4.58808553e-17
 -5.70328769e-17 -7.08492698e-17 -8.79552573e-17 -1.09120049e-16
 -1.35289356e-16 -1.67625093e-16 -2.07553833e-16 -2.56825896e-16
 -3.17587346e-16 -3.92467677e-16 -4.84686501e-16 -5.98183294e-16
 -7.37775045e-16 -9.09347690e-16 -1.12008840e-15 -1.37876725e-15
 -1.69607847e-15 -2.08505373e-15 -2.56156208e-15 -3.14491452e-15
 -3.85859442e-15 -4.73113939e-15 -5.79720531e-15 -7.09884909e-15
 -8.68707423e-15 -1.06236914e-14 -1.29835569e-14 -1.58572638e-14
 -1.93543746e-14 -2.36073022e-14 -2.87759654e-14 -3.50533694e-14
 -4.26722913e-14 -5.19132816e-14 -6.31142357e-14 -7.66818351e-14
 -9.31052121e-14 -1.12972260e-13 -1.36989084e-13 -1.66003191e-13
 -2.01031093e-13 -2.43291176e-13 -2.94242775e-13 -3.55632615e-13
 -4.29549961e-13 -5.18492061e-13 -6.25441743e-13 -7.53959367e-13
 -9.08291698e-13 -1.09350072e-12 -1.31561594e-12 -1.58181434e-12
 -1.90063278e-12 -2.28221863e-12 -2.73862522e-12 -3.28415984e-12
 -3.93579341e-12 -4.71364237e-12 -5.64153502e-12 -6.74767682e-12
 -8.06543109e-12 -9.63423469e-12 -1.15006711e-11 -1.37197271e-11
 -1.63562630e-11 -1.94867325e-11 -2.32011915e-11 -2.76056437e-11
 -3.28247778e-11 -3.90051575e-11 -4.63189391e-11 -5.49681975e-11
 -6.51899600e-11 -7.72620556e-11 -9.15099100e-11 -1.08314431e-10
 -1.28121155e-10 -1.51450842e-10 -1.78911750e-10 -2.11213834e-10
 -2.49185166e-10 -2.93790896e-10 -3.46155159e-10 -4.07586329e-10
 -4.79606140e-10 -5.63983224e-10 -6.62771710e-10 -7.78355620e-10
 -9.13499878e-10 -1.07140890e-09 -1.25579378e-09 -1.47094940e-09
 -1.72184266e-09 -2.01421358e-09 -2.35469088e-09 -2.75092411e-09
 -3.21173455e-09 -3.74728740e-09 -4.36928815e-09 -5.09120632e-09
 -5.92853015e-09 -6.89905638e-09 -8.02321964e-09 -9.32446652e-09
 -1.08296802e-08 -1.25696619e-08 -1.45796764e-08 -1.69000699e-08
 -1.95769685e-08 -2.26630683e-08 -2.62185277e-08 -3.03119739e-08
 -3.50216385e-08 -4.04366371e-08 -4.66584089e-08 -5.38023376e-08
 -6.19995719e-08 -7.13990712e-08 -8.21699001e-08 -9.45038022e-08
 -1.08618082e-07 -1.24758833e-07 -1.43204546e-07 -1.64270141e-07
 -1.88311473e-07 -2.15730354e-07 -2.46980154e-07 -2.82572039e-07
 -3.23081908e-07 -3.69158113e-07 -4.21530033e-07 -4.81017584e-07
 -5.48541776e-07 -6.25136403e-07 -7.11960987e-07 -8.10315094e-07
 -9.21654159e-07 -1.04760695e-06 -1.18999485e-06 -1.35085307e-06
 -1.53245410e-06 -1.73733337e-06 -1.96831759e-06 -2.22855580e-06
 -2.52155343e-06 -2.85120973e-06 -3.22185862e-06 -3.63831351e-06
 -4.10591623e-06 -4.63059049e-06 -5.21890021e-06 -5.87811306e-06
 -6.61626975e-06 -7.44225930e-06 -8.36590092e-06 -9.39803291e-06
 -1.05506091e-05 -1.18368032e-05 -1.32711223e-05 -1.48695285e-05
 -1.66495719e-05 -1.86305326e-05 -2.08335747e-05 -2.32819121e-05
 -2.60009862e-05 -2.90186578e-05 -3.23654126e-05 -3.60745814e-05
 -4.01825764e-05 -4.47291436e-05 -4.97576330e-05 -5.53152866e-05
 -6.14535460e-05 -6.82283791e-05 -7.57006286e-05 -8.39363816e-05
 -9.30073620e-05 -1.02991346e-04 -1.13972604e-04 -1.26042361e-04
 -1.39299294e-04 -1.53850045e-04 -1.69809766e-04 -1.87302695e-04
 -2.06462753e-04 -2.27434177e-04 -2.50372178e-04 -2.75443629e-04
 -3.02827787e-04 -3.32717036e-04 -3.65317671e-04 -4.00850701e-04
 -4.39552689e-04 -4.81676612e-04 -5.27492761e-04 -5.77289653e-04
 -6.31374982e-04 -6.90076583e-04 -7.53743426e-04 -8.22746626e-04
 -8.97480472e-04 -9.78363476e-04 -1.06583943e-03 -1.16037845e-03
 -1.26247811e-03 -1.37266444e-03 -1.49149305e-03 -1.61955019e-03
 -1.75745379e-03 -1.90585451e-03 -2.06543674e-03 -2.23691961e-03
 -2.42105794e-03 -2.61864311e-03 -2.83050399e-03 -3.05750766e-03
 -3.30056022e-03 -3.56060744e-03 -3.83863531e-03 -4.13567058e-03
 -4.45278114e-03 -4.79107628e-03 -5.15170691e-03 -5.53586556e-03
 -5.94478630e-03 -6.37974450e-03 -6.84205641e-03 -7.33307861e-03
 -7.85420723e-03 -8.40687707e-03 -8.99256041e-03 -9.61276570e-03
 -1.02690360e-02 -1.09629472e-02 -1.16961059e-02 -1.24701475e-02
 -1.32867333e-02 -1.41475478e-02 -1.50542962e-02 -1.60087004e-02
 -1.70124960e-02 -1.80674283e-02 -1.91752484e-02 -2.03377090e-02
 -2.15565599e-02 -2.28335431e-02 -2.41703885e-02 -2.55688090e-02
 -2.70304954e-02 -2.85571120e-02 -3.01502924e-02 -3.18116352e-02
 -3.35427013e-02 -3.53450118e-02 -3.72200475e-02 -3.91692503e-02
 -4.11940273e-02 -4.32957579e-02 -4.54758052e-02 -4.77355312e-02
 -5.00763186e-02 -5.24995981e-02 -5.50068825e-02 -5.75998076e-02
 -6.02801814e-02 -6.30500381e-02 -6.59116989e-02 -6.88678353e-02
 -7.19215335e-02 -7.50763541e-02 -7.83363841e-02 -8.17062731e-02
 -8.51912472e-02 -8.87970932e-02 -9.25301043e-02 -9.63969795e-02
 -1.00404671e-01 -1.04560173e-01 -1.08870251e-01 -1.13341116e-01
 -1.17978040e-01 -1.22784939e-01 -1.27763927e-01 -1.32914868e-01
 -1.38234957e-01 -1.43718353e-01 -1.49355907e-01 -1.55135003e-01
 -1.61039569e-01 -1.67050251e-01 -1.73144805e-01 -1.79298683e-01
 -1.85485836e-01 -1.91679700e-01 -1.97854339e-01 -2.03985709e-01
 -2.10052964e-01 -2.16039760e-01 -2.21935469e-01 -2.27736232e-01
 -2.33445771e-01 -2.39075902e-01 -2.44646688e-01 -2.50186195e-01
 -2.55729822e-01 -2.61319219e-01 -2.67000799e-01 -2.72823891e-01
 -2.78838603e-01 -2.85093457e-01 -2.91632902e-01 -2.98494797e-01
 -3.05707971e-01 -3.13289966e-01 -3.21245066e-01 -3.29562697e-01
 -3.38216289e-01 -3.47162656e-01 -3.56341943e-01 -3.65678165e-01
 -3.75080347e-01 -3.84444236e-01 -3.93654556e-01 -4.02587733e-01
 -4.11115007e-01 -4.19105839e-01 -4.26431488e-01 -4.32968639e-01
 -4.38602942e-01 -4.43232344e-01 -4.46770082e-01 -4.49147217e-01
 -4.50314635e-01 -4.50244407e-01 -4.48930489e-01 -4.46388725e-01
 -4.42656161e-01 -4.37789708e-01 -4.31864223e-01 -4.24970082e-01
 -4.17210360e-01 -4.08697737e-01 -3.99551247e-01 -3.89893008e-01
 -3.79845043e-01 -3.69526319e-01 -3.59050078e-01 -3.48521556e-01
 -3.38036130e-01 -3.27677934e-01 -3.17518946e-01 -3.07618542e-01
 -2.98023478e-01 -2.88768268e-01 -2.79875884e-01 -2.71358729e-01
 -2.63219808e-01 -2.55454033e-01 -2.48049590e-01 -2.40989320e-01
 -2.34252054e-01 -2.27813869e-01 -2.21649223e-01 -2.15731958e-01
 -2.10036144e-01 -2.04536779e-01 -1.99210327e-01 -1.94035114e-01
 -1.88991594e-01 -1.84062497e-01 -1.79232875e-01 -1.74490075e-01
 -1.69823639e-01 -1.65225163e-01 -1.60688117e-01 -1.56207656e-01
 -1.51780412e-01 -1.47404290e-01 -1.43078271e-01 -1.38802226e-01
 -1.34576747e-01 -1.30402991e-01 -1.26282546e-01 -1.22217310e-01
 -1.18209390e-01 -1.14261019e-01 -1.10374481e-01 -1.06552055e-01
 -1.02795966e-01 -9.91083516e-02 -9.54912270e-02 -9.19464680e-02
 -8.84757927e-02 -8.50807506e-02 -8.17627152e-02 -7.85228797e-02
 -7.53622555e-02 -7.22816725e-02 -6.92817813e-02 -6.63630566e-02
 -6.35258015e-02 -6.07701529e-02 -5.80960874e-02 -5.55034277e-02
 -5.29918492e-02 -5.05608876e-02 -4.82099456e-02 -4.59383008e-02
 -4.37451131e-02 -4.16294324e-02 -3.95902062e-02 -3.76262871e-02
 -3.57364406e-02 -3.39193521e-02 -3.21736348e-02 -3.04978367e-02
 -2.88904473e-02 -2.73499051e-02 -2.58746038e-02 -2.44628987e-02
 -2.31131135e-02 -2.18235457e-02 -2.05924727e-02 -1.94181571e-02
 -1.82988521e-02 -1.72328065e-02 -1.62182690e-02 -1.52534932e-02
 -1.43367415e-02 -1.34662886e-02 -1.26404260e-02 -1.18574643e-02
 -1.11157372e-02 -1.04136035e-02 -9.74945033e-03 -9.12169508e-03
 -8.52878753e-03 -7.96921173e-03 -7.44148759e-03 -6.94417223e-03
 -6.47586119e-03 -6.03518940e-03 -5.62083197e-03 -5.23150478e-03
 -4.86596495e-03 -4.52301108e-03 -4.20148341e-03 -3.90026378e-03
 -3.61827551e-03 -3.35448312e-03 -3.10789197e-03 -2.87754778e-03
 -2.66253606e-03 -2.46198146e-03 -2.27504706e-03 -2.10093355e-03
 -1.93887840e-03 -1.78815498e-03 -1.64807156e-03 -1.51797039e-03
 -1.39722664e-03 -1.28524743e-03 -1.18147070e-03 -1.08536420e-03
 -9.96424401e-04 -9.14175424e-04 -8.38167960e-04 -7.67978205e-04
 -7.03206797e-04 -6.43477773e-04 -5.88437533e-04 -5.37753824e-04
 -4.91114747e-04 -4.48227778e-04 -4.08818826e-04 -3.72631299e-04
 -3.39425214e-04 -3.08976319e-04 -2.81075257e-04 -2.55526745e-04
 -2.32148796e-04 -2.10771960e-04 -1.91238600e-04 -1.73402201e-04
 -1.57126697e-04 -1.42285840e-04 -1.28762591e-04 -1.16448543e-04
 -1.05243367e-04 -9.50542936e-05 -8.57956101e-05 -7.73881957e-05
 -6.97590730e-05 -6.28409882e-05 -5.65720136e-05 -5.08951729e-05
 -4.57580887e-05 -4.11126512e-05 -3.69147063e-05 -3.31237636e-05
 -2.97027227e-05 -2.66176170e-05 -2.38373738e-05 -2.13335912e-05
 -1.90803289e-05 -1.70539140e-05 -1.52327603e-05 -1.35971995e-05
 -1.21293258e-05 -1.08128499e-05 -9.63296577e-06 -8.57622534e-06
 -7.63042408e-06 -6.78449448e-06 -6.02840799e-06 -5.35308459e-06
 -4.75030944e-06 -4.21265623e-06 -3.73341671e-06 -3.30653587e-06
 -2.92655261e-06 -2.58854523e-06 -2.28808159e-06 -2.02117343e-06
 -1.78423469e-06 -1.57404341e-06 -1.38770693e-06 -1.22263024e-06
 -1.07648711e-06 -9.47193834e-07 -8.32885336e-07 -7.31893508e-07
 -6.42727525e-07 -5.64056008e-07 -4.94690859e-07 -4.33572638e-07
 -3.79757338e-07 -3.32404433e-07 -2.90766096e-07 -2.54177468e-07
 -2.22047894e-07 -1.93853030e-07 -1.69127743e-07 -1.47459732e-07
 -1.28483794e-07 -1.11876685e-07 -9.73525102e-08 -8.46585923e-08
 -7.35717790e-08 -6.38951358e-08 -5.54549941e-08 -4.80983142e-08
 -4.16903338e-08 -3.61124717e-08 -3.12604613e-08 -2.70426892e-08
 -2.33787182e-08 -2.01979755e-08 -1.74385878e-08 -1.50463482e-08
 -1.29738010e-08 -1.11794304e-08 -9.62694413e-09 -8.28463826e-09
 -7.12483768e-09 -6.12340134e-09 -5.25928615e-09 -4.51416264e-09
 -3.87207650e-09 -3.31915078e-09 -2.84332406e-09 -2.43412044e-09
 -2.08244765e-09 -1.78041994e-09 -1.52120285e-09 -1.29887733e-09
 -1.10832076e-09 -9.45102964e-10 -8.05395332e-10 -6.85891494e-10
 -5.83738115e-10 -4.96474574e-10 -4.21980417e-10 -3.58429634e-10
 -3.04250882e-10 -2.58092930e-10 -2.18794649e-10 -1.85358971e-10
 -1.56930316e-10 -1.32775032e-10 -1.12264464e-10 -9.48603061e-11
 -8.01019454e-11 -6.75955228e-11 -5.70044978e-11 -4.80415093e-11
 -4.04613610e-11 -3.40549822e-11 -2.86442301e-11 -2.40774214e-11
 -2.02254932e-11 -1.69787062e-11 -1.42438172e-11 -1.19416549e-11
 -1.00050431e-11 -8.37702362e-12 -7.00933539e-12 -5.86111533e-12
 -4.89778841e-12 -4.09012044e-12 -3.41341034e-12 -2.84680178e-12
 -2.37269701e-12 -1.97625810e-12 -1.64498283e-12 -1.36834434e-12
 -1.13748520e-12 -9.44957854e-13 -7.84504514e-13 -6.50870789e-13
 -5.39647836e-13 -4.47138870e-13 -3.70246307e-13 -3.06376444e-13
 -2.53358998e-13 -2.09379241e-13 -1.72920799e-13 -1.42717481e-13
 -1.17712731e-13 -9.70255307e-14 -7.99217422e-14 -6.57900450e-14
 -5.41217400e-14 -4.44938148e-14 -3.65547536e-14 -3.00126542e-14
 -2.46252855e-14 -2.01917736e-14 -1.65456560e-14 -1.35490809e-14
 -1.10879691e-14 -9.06797898e-15 -7.41114530e-15 -6.05308087e-15
 -4.94064843e-15 -4.03002510e-15 -3.28509457e-15 -2.67611226e-15
 -2.17859802e-15 -1.77241822e-15 -1.44102540e-15 -1.17082878e-15
 -9.50673673e-16 -7.71411080e-16 -6.25542185e-16 -5.06924941e-16
 -4.10532024e-16 -3.32251345e-16 -2.68721726e-16 -2.17197659e-16
 -1.75438063e-16 -1.41614862e-16 -1.14237889e-16 -9.20932565e-17
 -7.41928095e-17 -5.97326977e-17 -4.80594468e-17 -3.86421899e-17
 -3.10499582e-17 -2.49331204e-17 -2.00082256e-17 -1.60456325e-17
 -1.28594215e-17 -1.02991729e-17 -8.24327130e-18 -6.59345675e-18
 -5.27039367e-18 -4.21006960e-18 -3.36087083e-18 -2.68120915e-18
 -2.13759728e-18 -1.70308926e-18 -1.35601739e-18 -1.07897016e-18
 -8.57965712e-19 -6.81783924e-19 -5.41426997e-19 -4.29684199e-19
 -3.40780852e-19 -2.70095477e-19 -2.13932007e-19 -1.69336486e-19
 -1.33949670e-19 -1.05888569e-19 -8.36513266e-20 -6.60408894e-20
 -5.21037907e-20 -4.10810989e-20 -3.23691362e-20 -2.54880432e-20
 -2.00566411e-20 -1.57723439e-20 -1.23951161e-20 -9.73467113e-21
 -7.64026277e-21 -5.99254954e-21 -4.69711611e-21 -3.67931765e-21
 -2.88017979e-21 -2.25314031e-21 -1.76146169e-21 -1.37617763e-21
 -1.07446460e-21 -8.38351321e-22 -6.53696743e-22 -5.09381203e-22
 -3.96666782e-22 -3.08691789e-22 -2.40071523e-22 -1.86583203e-22
 -1.44917478e-22 -1.12482591e-22 -8.72501507e-23 -6.76337370e-23
 -5.23934393e-23 -4.05608230e-23 -3.13799996e-23 -2.42613763e-23
 -1.87453805e-23 -1.44740282e-23 -1.11686554e-23 -8.61248928e-24
 -6.63701537e-24 -5.11132243e-24 -3.93377991e-24 -3.02554185e-24
 -2.32547993e-24 -1.78623400e-24 -1.37113569e-24 -1.05181375e-24
 -8.06331410e-25 -6.17738455e-25 -4.72946507e-25 -3.61855963e-25
 -2.76678728e-25 -2.11413216e-25 -1.61437647e-25 -1.23195213e-25
 -9.39505165e-26 -7.16012883e-26 -5.45329293e-26 -4.15062161e-26
 -3.15706689e-26 -2.39977625e-26 -1.82294701e-26 -1.38386480e-26
 -1.04985569e-26 -7.95942832e-27 -6.03046042e-27 -4.56599458e-27
 -3.45490920e-27 -2.61248744e-27 -1.97418618e-27 -1.49086504e-27
 -1.12513564e-27 -8.48570158e-28 -6.39568337e-28 -4.81728655e-28
 -3.62605454e-28 -2.72761148e-28 -2.05043975e-28 -1.54037989e-28
 -1.15644503e-28 -8.67637818e-29 -6.50531422e-29 -4.87432418e-29
 -3.64986554e-29 -2.73121348e-29 -2.04244681e-29 -1.52637832e-29
 -1.13996088e-29 -8.50812834e-30 -6.34591780e-30 -4.73010932e-30
 -3.52341857e-30 -2.62285104e-30 -1.95118900e-30 -1.45057897e-30
 -1.07770461e-30 -8.00155566e-31 -5.93697809e-31 -4.40223058e-31
 -3.26209386e-31 -2.41566354e-31 -1.78769227e-31 -1.32210335e-31
 -9.77134561e-32 -7.21704925e-32 -5.32698273e-32 -3.92933661e-32
 -2.89649982e-32 -2.13375280e-32 -1.57083665e-32 -1.15567116e-32
 -8.49676971e-33 -6.24294842e-33 -4.58397217e-33 -3.36364786e-33
 -2.46658110e-33 -1.80757614e-33 -1.32377486e-33 -9.68830900e-34
 -7.08595126e-34 -5.17922365e-34 -3.78309716e-34 -2.76151019e-34
 -2.01447616e-34 -1.46856759e-34 -1.06989725e-34 -7.78944526e-35
 -5.66744499e-35 -4.12082738e-35 -2.99431756e-35 -2.17434082e-35
 -1.57787903e-35 -1.14429004e-35 -8.29306089e-36 -6.00634006e-36
 -4.34731696e-36 -3.14448133e-36 -2.27296663e-36 -1.64192542e-36
 -1.18530500e-36 -8.55112262e-37 -6.16499142e-37 -4.44179125e-37
 -3.19815964e-37 -2.30122168e-37 -1.65475272e-37 -1.18911559e-37
 -8.53947889e-38 -6.12851130e-38 -4.39536493e-38 -3.15029491e-38
 -2.25644011e-38 -1.61514953e-38 -1.15536175e-38 -8.25923000e-39
 -5.90034575e-39 -4.21242021e-39 -3.00539971e-39 -2.14283691e-39
 -1.52683576e-39 -1.08720603e-39 -7.73655659e-40 -5.50173778e-40
 -3.90992470e-40 -2.77685514e-40 -1.97085368e-40 -1.39788635e-40
 -9.90844890e-41 -7.01868592e-41 -4.96846538e-41 -3.51483590e-41
 -2.48487282e-41 -1.75557587e-41 -1.23951379e-41 -8.74579820e-42
 -6.16685683e-42 -4.34554854e-42 -3.06014264e-42 -2.15355050e-42
 -1.51455405e-42 -1.06446361e-42 -7.47641131e-43 -5.24773479e-43
 -3.68100915e-43 -2.58034776e-43 -1.80761490e-43 -1.26546433e-43
 -8.85340289e-44 -6.18994620e-44 -4.32493761e-44 -3.01987624e-44
 -2.10724372e-44 -1.46945644e-44 -1.02403545e-44 -7.13164297e-45
 -4.96341420e-45 -3.45213500e-45 -2.39944803e-45 -1.66667627e-45
 -1.15693106e-45 -8.02564663e-46 -5.56376674e-46 -3.85455386e-46
 -2.66867477e-46 -1.84643280e-46 -1.27669656e-46 -8.82182010e-47
 -6.09179150e-47 -4.20385947e-47 -2.89912990e-47 -1.99803681e-47
 -1.37611783e-47 -9.47161600e-48 -6.51491674e-48 -4.47826699e-48
 -3.07629104e-48 -2.11184085e-48 -1.44880947e-48 -9.93293722e-49
 -6.80550616e-49 -4.65971654e-49 -3.18841534e-49 -2.18025157e-49
 -1.48989153e-49 -1.01746393e-49 -6.94384017e-50 -4.73583689e-50]
symrep = 0 - 0.17*np.exp(-(x--3.4824599999999997)**2/(2*0.5**2))- 0.03*np.exp(-(x--4.743899999999999)**2/(2*0.43333333333333335**2))- 0.28*np.exp(-(x--3.4792199999999998)**2/(2*1.5666666666666669**2))
    