energies = {0: [-0.7604913926423053], 1: [-0.12229503309099735], 2: []}
wfns = {0: [array([ 0.00000000e+00,  2.33276186e-13,  4.67121320e-13,  7.02105735e-13,
        9.38802546e-13,  1.17778904e-12,  1.41964810e-12,  1.66496960e-12,
        1.91435186e-12,  2.16840311e-12,  2.42774298e-12,  2.69300397e-12,
        2.96483304e-12,  3.24389318e-12,  3.53086498e-12,  3.82644835e-12,
        4.13136422e-12,  4.44635624e-12,  4.77219267e-12,  5.10966821e-12,
        5.45960593e-12,  5.82285932e-12,  6.20031432e-12,  6.59289154e-12,
        7.00154844e-12,  7.42728171e-12,  7.87112970e-12,  8.33417492e-12,
        8.81754671e-12,  9.32242400e-12,  9.85003813e-12,  1.04016760e-11,
        1.09786829e-11,  1.15824661e-11,  1.22144984e-11,  1.28763211e-11,
        1.35695484e-11,  1.42958711e-11,  1.50570606e-11,  1.58549733e-11,
        1.66915555e-11,  1.75688474e-11,  1.84889887e-11,  1.94542236e-11,
        2.04669062e-11,  2.15295064e-11,  2.26446158e-11,  2.38149542e-11,
        2.50433759e-11,  2.63328769e-11,  2.76866023e-11,  2.91078537e-11,
        3.06000975e-11,  3.21669732e-11,  3.38123023e-11,  3.55400977e-11,
        3.73545733e-11,  3.92601545e-11,  4.12614891e-11,  4.33634580e-11,
        4.55711879e-11,  4.78900633e-11,  5.03257398e-11,  5.28841579e-11,
        5.55715575e-11,  5.83944928e-11,  6.13598490e-11,  6.44748583e-11,
        6.77471181e-11,  7.11846092e-11,  7.47957155e-11,  7.85892443e-11,
        8.25744477e-11,  8.67610454e-11,  9.11592483e-11,  9.57797834e-11,
        1.00633920e-10,  1.05733497e-10,  1.11090951e-10,  1.16719351e-10,
        1.22632422e-10,  1.28844586e-10,  1.35370995e-10,  1.42227566e-10,
        1.49431022e-10,  1.56998931e-10,  1.64949752e-10,  1.73302876e-10,
        1.82078676e-10,  1.91298555e-10,  2.00985000e-10,  2.11161636e-10,
        2.21853283e-10,  2.33086018e-10,  2.44887236e-10,  2.57285720e-10,
        2.70311709e-10,  2.83996972e-10,  2.98374888e-10,  3.13480523e-10,
        3.29350720e-10,  3.46024183e-10,  3.63541580e-10,  3.81945634e-10,
        4.01281231e-10,  4.21595530e-10,  4.42938076e-10,  4.65360923e-10,
        4.88918758e-10,  5.13669038e-10,  5.39672128e-10,  5.66991446e-10,
        5.95693624e-10,  6.25848665e-10,  6.57530115e-10,  6.90815242e-10,
        7.25785229e-10,  7.62525364e-10,  8.01125254e-10,  8.41679043e-10,
        8.84285638e-10,  9.29048956e-10,  9.76078170e-10,  1.02548798e-09,
        1.07739890e-09,  1.13193754e-09,  1.18923690e-09,  1.24943674e-09,
        1.31268389e-09,  1.37913260e-09,  1.44894494e-09,  1.52229116e-09,
        1.59935017e-09,  1.68030990e-09,  1.76536781e-09,  1.85473136e-09,
        1.94861848e-09,  2.04725817e-09,  2.15089101e-09,  2.25976975e-09,
        2.37415993e-09,  2.49434056e-09,  2.62060474e-09,  2.75326042e-09,
        2.89263115e-09,  3.03905684e-09,  3.19289461e-09,  3.35451967e-09,
        3.52432621e-09,  3.70272838e-09,  3.89016129e-09,  4.08708208e-09,
        4.29397103e-09,  4.51133273e-09,  4.73969731e-09,  4.97962173e-09,
        5.23169117e-09,  5.49652041e-09,  5.77475534e-09,  6.06707456e-09,
        6.37419103e-09,  6.69685379e-09,  7.03584979e-09,  7.39200583e-09,
        7.76619054e-09,  8.15931654e-09,  8.57234264e-09,  9.00627620e-09,
        9.46217555e-09,  9.94115260e-09,  1.04443755e-08,  1.09730717e-08,
        1.15285306e-08,  1.21121069e-08,  1.27252239e-08,  1.33693770e-08,
        1.40461373e-08,  1.47571553e-08,  1.55041651e-08,  1.62889887e-08,
        1.71135402e-08,  1.79798307e-08,  1.88899729e-08,  1.98461867e-08,
        2.08508042e-08,  2.19062756e-08,  2.30151751e-08,  2.41802074e-08,
        2.54042137e-08,  2.66901795e-08,  2.80412411e-08,  2.94606937e-08,
        3.09519992e-08,  3.25187949e-08,  3.41649020e-08,  3.58943354e-08,
        3.77113130e-08,  3.96202663e-08,  4.16258512e-08,  4.37329591e-08,
        4.59467292e-08,  4.82725607e-08,  5.07161262e-08,  5.32833855e-08,
        5.59805998e-08,  5.88143477e-08,  6.17915403e-08,  6.49194389e-08,
        6.82056724e-08,  7.16582555e-08,  7.52856090e-08,  7.90965798e-08,
        8.31004626e-08,  8.73070226e-08,  9.17265195e-08,  9.63697321e-08,
        1.01247985e-07,  1.06373176e-07,  1.11757805e-07,  1.17415004e-07,
        1.23358572e-07,  1.29603005e-07,  1.36163532e-07,  1.43056154e-07,
        1.50297682e-07,  1.57905777e-07,  1.65898995e-07,  1.74296831e-07,
        1.83119767e-07,  1.92389322e-07,  2.02128103e-07,  2.12359863e-07,
        2.23109557e-07,  2.34403402e-07,  2.46268943e-07,  2.58735120e-07,
        2.71832337e-07,  2.85592538e-07,  3.00049282e-07,  3.15237828e-07,
        3.31195222e-07,  3.47960382e-07,  3.65574197e-07,  3.84079626e-07,
        4.03521802e-07,  4.23948145e-07,  4.45408473e-07,  4.67955125e-07,
        4.91643093e-07,  5.16530149e-07,  5.42676991e-07,  5.70147390e-07,
        5.99008344e-07,  6.29330243e-07,  6.61187040e-07,  6.94656432e-07,
        7.29820047e-07,  7.66763648e-07,  8.05577336e-07,  8.46355776e-07,
        8.89198422e-07,  9.34209763e-07,  9.81499579e-07,  1.03118320e-06,
        1.08338181e-06,  1.13822271e-06,  1.19583965e-06,  1.25637314e-06,
        1.31997083e-06,  1.38678782e-06,  1.45698707e-06,  1.53073978e-06,
        1.60822582e-06,  1.68963416e-06,  1.77516334e-06,  1.86502196e-06,
        1.95942914e-06,  2.05861514e-06,  2.16282182e-06,  2.27230333e-06,
        2.38732665e-06,  2.50817227e-06,  2.63513490e-06,  2.76852413e-06,
        2.90866524e-06,  3.05589996e-06,  3.21058731e-06,  3.37310447e-06,
        3.54384772e-06,  3.72323335e-06,  3.91169876e-06,  4.10970343e-06,
        4.31773011e-06,  4.53628595e-06,  4.76590375e-06,  5.00714327e-06,
        5.26059254e-06,  5.52686936e-06,  5.80662274e-06,  6.10053451e-06,
        6.40932095e-06,  6.73373455e-06,  7.07456583e-06,  7.43264525e-06,
        7.80884522e-06,  8.20408224e-06,  8.61931908e-06,  9.05556713e-06,
        9.51388886e-06,  9.99540037e-06,  1.05012741e-05,  1.10327417e-05,
        1.15910968e-05,  1.21776986e-05,  1.27939745e-05,  1.34414241e-05,
        1.41216226e-05,  1.48362246e-05,  1.55869679e-05,  1.63756781e-05,
        1.72042726e-05,  1.80747654e-05,  1.89892720e-05,  1.99500142e-05,
        2.09593259e-05,  2.20196580e-05,  2.31335850e-05,  2.43038107e-05,
        2.55331750e-05,  2.68246603e-05,  2.81813991e-05,  2.96066810e-05,
        3.11039609e-05,  3.26768674e-05,  3.43292108e-05,  3.60649931e-05,
        3.78884166e-05,  3.98038947e-05,  4.18160622e-05,  4.39297860e-05,
        4.61501773e-05,  4.84826032e-05,  5.09326999e-05,  5.35063860e-05,
        5.62098765e-05,  5.90496978e-05,  6.20327033e-05,  6.51660892e-05,
        6.84574125e-05,  7.19146084e-05,  7.55460094e-05,  7.93603652e-05,
        8.33668636e-05,  8.75751524e-05,  9.19953624e-05,  9.66381319e-05,
        1.01514632e-04,  1.06636592e-04,  1.12016331e-04,  1.17666783e-04,
        1.23601532e-04,  1.29834841e-04,  1.36381687e-04,  1.43257802e-04,
        1.50479702e-04,  1.58064735e-04,  1.66031116e-04,  1.74397977e-04,
        1.83185408e-04,  1.92414509e-04,  2.02107439e-04,  2.12287472e-04,
        2.22979050e-04,  2.34207842e-04,  2.46000812e-04,  2.58386278e-04,
        2.71393982e-04,  2.85055165e-04,  2.99402641e-04,  3.14470875e-04,
        3.30296070e-04,  3.46916253e-04,  3.64371369e-04,  3.82703376e-04,
        4.01956348e-04,  4.22176583e-04,  4.43412716e-04,  4.65715834e-04,
        4.89139606e-04,  5.13740406e-04,  5.39577457e-04,  5.66712971e-04,
        5.95212301e-04,  6.25144098e-04,  6.56580479e-04,  6.89597202e-04,
        7.24273848e-04,  7.60694011e-04,  7.98945503e-04,  8.39120565e-04,
        8.81316084e-04,  9.25633830e-04,  9.72180699e-04,  1.02106896e-03,
        1.07241654e-03,  1.12634729e-03,  1.18299126e-03,  1.24248505e-03,
        1.30497210e-03,  1.37060302e-03,  1.43953597e-03,  1.51193699e-03,
        1.58798042e-03,  1.66784928e-03,  1.75173569e-03,  1.83984129e-03,
        1.93237774e-03,  2.02956716e-03,  2.13164263e-03,  2.23884870e-03,
        2.35144196e-03,  2.46969154e-03,  2.59387976e-03,  2.72430268e-03,
        2.86127073e-03,  3.00510941e-03,  3.15615990e-03,  3.31477978e-03,
        3.48134379e-03,  3.65624450e-03,  3.83989314e-03,  4.03272037e-03,
        4.23517711e-03,  4.44773533e-03,  4.67088898e-03,  4.90515480e-03,
        5.15107328e-03,  5.40920953e-03,  5.68015422e-03,  5.96452454e-03,
        6.26296514e-03,  6.57614905e-03,  6.90477872e-03,  7.24958689e-03,
        7.61133758e-03,  7.99082701e-03,  8.38888448e-03,  8.80637329e-03,
        9.24419152e-03,  9.70327281e-03,  1.01845871e-02,  1.06891413e-02,
        1.12179797e-02,  1.17721844e-02,  1.23528757e-02,  1.29612124e-02,
        1.35983911e-02,  1.42656467e-02,  1.49642515e-02,  1.56955146e-02,
        1.64607806e-02,  1.72614285e-02,  1.80988698e-02,  1.89745463e-02,
        1.98899273e-02,  2.08465065e-02,  2.18457985e-02,  2.28893339e-02,
        2.39786545e-02,  2.51153076e-02,  2.63008390e-02,  2.75367858e-02,
        2.88246679e-02,  3.01659786e-02,  3.15621742e-02,  3.30146624e-02,
        3.45247895e-02,  3.60938269e-02,  3.77229558e-02,  3.94132508e-02,
        4.11656628e-02,  4.29809998e-02,  4.48599072e-02,  4.68028468e-02,
        4.88100743e-02,  5.08816168e-02,  5.30172481e-02,  5.52164647e-02,
        5.74784604e-02,  5.98021011e-02,  6.21858993e-02,  6.46279893e-02,
        6.71261029e-02,  6.96775461e-02,  7.22791774e-02,  7.49273879e-02,
        7.76180840e-02,  8.03466728e-02,  8.31080511e-02,  8.58965983e-02,
        8.87061733e-02,  9.15301174e-02,  9.43612615e-02,  9.71919399e-02,
        1.00014010e-01,  1.02818878e-01,  1.05597534e-01,  1.08340591e-01,
        1.11038330e-01,  1.13680758e-01,  1.16257664e-01,  1.18758692e-01,
        1.21173408e-01,  1.23491380e-01,  1.25702262e-01,  1.27795877e-01,
        1.29762308e-01,  1.31591987e-01,  1.33275784e-01,  1.34805095e-01,
        1.36171931e-01,  1.37368998e-01,  1.38389775e-01,  1.39228582e-01,
        1.39880650e-01,  1.40342164e-01,  1.40610317e-01,  1.40683340e-01,
        1.40560522e-01,  1.40242224e-01,  1.39729878e-01,  1.39025970e-01,
        1.38134017e-01,  1.37058532e-01,  1.35804977e-01,  1.34379702e-01,
        1.32789885e-01,  1.31043454e-01,  1.29149007e-01,  1.27115731e-01,
        1.24953306e-01,  1.22671819e-01,  1.20281669e-01,  1.17793473e-01,
        1.15217976e-01,  1.12565963e-01,  1.09848175e-01,  1.07075227e-01,
        1.04257536e-01,  1.01405251e-01,  9.85281952e-02,  9.56358067e-02,
        9.27370965e-02,  8.98406070e-02,  8.69543805e-02,  8.40859349e-02,
        8.12422458e-02,  7.84297356e-02,  7.56542687e-02,  7.29211524e-02,
        7.02351432e-02,  6.76004575e-02,  6.50207862e-02,  6.24993134e-02,
        6.00387373e-02,  5.76412944e-02,  5.53087843e-02,  5.30425969e-02,
        5.08437404e-02,  4.87128692e-02,  4.66503126e-02,  4.46561028e-02,
        4.27300029e-02,  4.08715333e-02,  3.90799988e-02,  3.73545124e-02,
        3.56940199e-02,  3.40973218e-02,  3.25630947e-02,  3.10899106e-02,
        2.96762551e-02,  2.83205443e-02,  2.70211398e-02,  2.57763629e-02,
        2.45845067e-02,  2.34438479e-02,  2.23526567e-02,  2.13092052e-02,
        2.03117761e-02,  1.93586688e-02,  1.84482057e-02,  1.75787370e-02,
        1.67486451e-02,  1.59563482e-02,  1.52003028e-02,  1.44790065e-02,
        1.37909997e-02,  1.31348665e-02,  1.25092363e-02,  1.19127837e-02,
        1.13442290e-02,  1.08023385e-02,  1.02859237e-02,  9.79384089e-03,
        9.32499088e-03,  8.87831787e-03,  8.45280865e-03,  8.04749158e-03,
        7.66143549e-03,  7.29374859e-03,  6.94357723e-03,  6.61010470e-03,
        6.29255001e-03,  5.99016662e-03,  5.70224121e-03,  5.42809247e-03,
        5.16706982e-03,  4.91855224e-03,  4.68194706e-03,  4.45668887e-03,
        4.24223827e-03,  4.03808091e-03,  3.84372629e-03,  3.65870684e-03,
        3.48257683e-03,  3.31491147e-03,  3.15530594e-03,  3.00337451e-03,
        2.85874968e-03,  2.72108132e-03,  2.59003593e-03,  2.46529583e-03,
        2.34655846e-03,  2.23353565e-03,  2.12595298e-03,  2.02354911e-03,
        1.92607519e-03,  1.83329427e-03,  1.74498073e-03,  1.66091974e-03,
        1.58090678e-03,  1.50474712e-03,  1.43225537e-03,  1.36325503e-03,
        1.29757808e-03,  1.23506457e-03,  1.17556220e-03,  1.11892604e-03,
        1.06501809e-03,  1.01370698e-03,  9.64867668e-04,  9.18381134e-04,
        8.74134070e-04,  8.32018623e-04,  7.91932127e-04,  7.53776861e-04,
        7.17459803e-04,  6.82892412e-04,  6.49990407e-04,  6.18673566e-04,
        5.88865528e-04,  5.60493610e-04,  5.33488628e-04,  5.07784732e-04,
        4.83319241e-04,  4.60032493e-04,  4.37867701e-04,  4.16770812e-04,
        3.96690376e-04,  3.77577424e-04,  3.59385344e-04,  3.42069768e-04,
        3.25588468e-04,  3.09901249e-04,  2.94969853e-04,  2.80757864e-04,
        2.67230621e-04,  2.54355133e-04,  2.42099999e-04,  2.30435329e-04,
        2.19332674e-04,  2.08764957e-04,  1.98706404e-04,  1.89132483e-04,
        1.80019843e-04,  1.71346261e-04,  1.63090581e-04,  1.55232669e-04,
        1.47753360e-04,  1.40634412e-04,  1.33858464e-04,  1.27408988e-04,
        1.21270255e-04,  1.15427292e-04,  1.09865851e-04,  1.04572365e-04,
        9.95339256e-05,  9.47382435e-05,  9.01736223e-05,  8.58289294e-05,
        8.16935682e-05,  7.77574529e-05,  7.40109836e-05,  7.04450227e-05,
        6.70508732e-05,  6.38202569e-05,  6.07452945e-05,  5.78184864e-05,
        5.50326942e-05,  5.23811236e-05,  4.98573075e-05,  4.74550906e-05,
        4.51686138e-05,  4.29923007e-05,  4.09208434e-05,  3.89491897e-05,
        3.70725307e-05,  3.52862896e-05,  3.35861097e-05,  3.19678444e-05,
        3.04275468e-05,  2.89614602e-05,  2.75660090e-05,  2.62377897e-05,
        2.49735628e-05,  2.37702451e-05,  2.26249016e-05,  2.15347389e-05,
        2.04970982e-05,  1.95094488e-05,  1.85693818e-05,  1.76746044e-05,
        1.68229344e-05,  1.60122946e-05,  1.52407078e-05,  1.45062922e-05,
        1.38072567e-05,  1.31418962e-05,  1.25085881e-05,  1.19057877e-05,
        1.13320248e-05,  1.07859001e-05,  1.02660816e-05,  9.77130151e-06,
        9.30035302e-06,  8.85208756e-06,  8.42541183e-06,  8.01928520e-06,
        7.63271714e-06,  7.26476484e-06,  6.91453089e-06,  6.58116108e-06,
        6.26384234e-06,  5.96180076e-06,  5.67429966e-06,  5.40063785e-06,
        5.14014789e-06,  4.89219446e-06,  4.65617280e-06,  4.43150728e-06,
        4.21764996e-06,  4.01407924e-06,  3.82029863e-06,  3.63583551e-06,
        3.46023998e-06,  3.29308378e-06,  3.13395922e-06,  2.98247820e-06,
        2.83827128e-06,  2.70098674e-06,  2.57028975e-06,  2.44586155e-06,
        2.32739867e-06,  2.21461218e-06,  2.10722699e-06,  2.00498122e-06,
        1.90762548e-06,  1.81492233e-06,  1.72664566e-06,  1.64258019e-06,
        1.56252088e-06,  1.48627246e-06,  1.41364898e-06,  1.34447331e-06,
        1.27857673e-06,  1.21579853e-06,  1.15598558e-06,  1.09899202e-06,
        1.04467884e-06,  9.92913574e-07,  9.43569964e-07,  8.96527666e-07,
        8.51671948e-07,  8.08893409e-07,  7.68087715e-07,  7.29155342e-07,
        6.92001337e-07,  6.56535084e-07,  6.22670082e-07,  5.90323736e-07,
        5.59417157e-07,  5.29874963e-07,  5.01625104e-07,  4.74598680e-07,
        4.48729775e-07,  4.23955296e-07,  4.00214819e-07,  3.77450444e-07,
        3.55606648e-07,  3.34630157e-07,  3.14469809e-07,  2.95076435e-07,
        2.76402735e-07,  2.58403166e-07,  2.41033828e-07,  2.24252357e-07,
        2.08017824e-07,  1.92290635e-07,  1.77032432e-07,  1.62206001e-07,
        1.47775181e-07,  1.33704776e-07,  1.19960470e-07,  1.06508740e-07,
        9.33167784e-08,  8.03524115e-08,  6.75840194e-08,  5.49804609e-08,
        4.25109966e-08,  3.01452141e-08,  1.78529541e-08,  5.60423643e-09,
       -6.63081283e-09, -1.88820343e-08, -3.11793079e-08, -4.35526261e-08,
       -5.60321666e-08, -6.86483664e-08, -8.14319956e-08, -9.44142327e-08,
       -1.07626741e-07, -1.21101744e-07, -1.34872108e-07, -1.48971417e-07,
       -1.63434058e-07, -1.78295306e-07, -1.93591406e-07, -2.09359665e-07,
       -2.25638539e-07, -2.42467733e-07, -2.59888292e-07, -2.77942703e-07,
       -2.96675001e-07, -3.16130872e-07, -3.36357768e-07, -3.57405021e-07,
       -3.79323964e-07, -4.02168057e-07, -4.25993015e-07, -4.50856945e-07,
       -4.76820489e-07, -5.03946971e-07, -5.32302551e-07, -5.61956386e-07,
       -5.92980800e-07, -6.25451460e-07, -6.59447561e-07, -6.95052016e-07,
       -7.32351664e-07, -7.71437474e-07, -8.12404777e-07, -8.55353488e-07,
       -9.00388357e-07, -9.47619221e-07, -9.97161274e-07, -1.04913535e-06,
       -1.10366820e-06, -1.16089284e-06, -1.22094882e-06, -1.28398263e-06,
       -1.35014801e-06, -1.41960631e-06, -1.49252695e-06, -1.56908778e-06,
       -1.64947553e-06, -1.73388625e-06, -1.82252582e-06, -1.91561042e-06,
       -2.01336709e-06, -2.11603425e-06, -2.22386229e-06, -2.33711421e-06,
       -2.45606621e-06, -2.58100841e-06, -2.71224555e-06, -2.85009770e-06,
       -2.99490107e-06, -3.14700883e-06, -3.30679197e-06, -3.47464018e-06,
       -3.65096284e-06, -3.83618999e-06, -4.03077339e-06, -4.23518761e-06,
       -4.44993121e-06, -4.67552793e-06, -4.91252800e-06, -5.16150945e-06,
       -5.42307951e-06, -5.69787616e-06, -5.98656960e-06, -6.28986394e-06,
       -6.60849889e-06, -6.94325160e-06, -7.29493849e-06, -7.66441733e-06,
       -8.05258923e-06, -8.46040094e-06, -8.88884708e-06, -9.33897260e-06,
       -9.81187534e-06, -1.03087087e-05, -1.08306844e-05, -1.13790755e-05,
       -1.19552195e-05, -1.25605216e-05, -1.31964581e-05, -1.38645800e-05,
       -1.45665168e-05, -1.53039806e-05, -1.60787698e-05, -1.68927742e-05,
       -1.77479792e-05, -1.86464704e-05, -1.95904393e-05, -2.05821882e-05,
       -2.16241359e-05, -2.27188235e-05, -2.38689211e-05, -2.50772336e-05,
       -2.63467080e-05, -2.76804406e-05, -2.90816841e-05, -3.05538562e-05,
       -3.21005474e-05, -3.37255300e-05, -3.54327672e-05, -3.72264229e-05,
       -3.91108717e-05, -4.10907097e-05, -4.31707655e-05, -4.53561124e-05,
       -4.76520802e-05, -5.00642687e-05, -5.25985610e-05, -5.52611383e-05,
       -5.80584943e-05, -6.09974516e-05, -6.40851782e-05, -6.73292048e-05,
       -7.07374435e-05, -7.43182068e-05, -7.80802279e-05, -8.20326822e-05,
       -8.61852095e-05, -9.05479375e-05, -9.51315068e-05, -9.99470963e-05,
       -1.05006451e-04, -1.10321911e-04, -1.15906439e-04, -1.21773656e-04,
       -1.27937873e-04, -1.34414122e-04, -1.41218200e-04, -1.48366701e-04,
       -1.55877059e-04, -1.63767593e-04, -1.72057547e-04, -1.80767139e-04,
       -1.89917612e-04, -1.99531283e-04, -2.09631599e-04, -2.20243195e-04,
       -2.31391951e-04, -2.43105059e-04, -2.55411086e-04, -2.68340046e-04,
       -2.81923472e-04, -2.96194493e-04, -3.11187915e-04, -3.26940307e-04,
       -3.43490088e-04, -3.60877621e-04, -3.79145314e-04, -3.98337720e-04,
       -4.18501650e-04, -4.39686280e-04, -4.61943281e-04, -4.85326934e-04])], 1: [array([ 0.00000000e+00,  3.31137806e-07,  6.62405465e-07,  9.93932880e-07,
        1.32585006e-06,  1.65828715e-06,  1.99137453e-06,  2.32524281e-06,
        2.66002291e-06,  2.99584611e-06,  3.33284411e-06,  3.67114905e-06,
        4.01089360e-06,  4.35221098e-06,  4.69523505e-06,  5.04010030e-06,
        5.38694199e-06,  5.73589611e-06,  6.08709951e-06,  6.44068992e-06,
        6.79680598e-06,  7.15558734e-06,  7.51717471e-06,  7.88170986e-06,
        8.24933575e-06,  8.62019655e-06,  8.99443767e-06,  9.37220588e-06,
        9.75364932e-06,  1.01389176e-05,  1.05281617e-05,  1.09215343e-05,
        1.13191897e-05,  1.17212839e-05,  1.21279744e-05,  1.25394208e-05,
        1.29557844e-05,  1.33772286e-05,  1.38039184e-05,  1.42360214e-05,
        1.46737069e-05,  1.51171465e-05,  1.55665142e-05,  1.60219861e-05,
        1.64837410e-05,  1.69519597e-05,  1.74268261e-05,  1.79085261e-05,
        1.83972489e-05,  1.88931860e-05,  1.93965318e-05,  1.99074839e-05,
        2.04262424e-05,  2.09530110e-05,  2.14879960e-05,  2.20314074e-05,
        2.25834582e-05,  2.31443649e-05,  2.37143474e-05,  2.42936293e-05,
        2.48824377e-05,  2.54810036e-05,  2.60895616e-05,  2.67083503e-05,
        2.73376125e-05,  2.79775949e-05,  2.86285484e-05,  2.92907284e-05,
        2.99643945e-05,  3.06498108e-05,  3.13472461e-05,  3.20569740e-05,
        3.27792728e-05,  3.35144256e-05,  3.42627208e-05,  3.50244518e-05,
        3.57999173e-05,  3.65894215e-05,  3.73932738e-05,  3.82117896e-05,
        3.90452897e-05,  3.98941012e-05,  4.07585567e-05,  4.16389953e-05,
        4.25357623e-05,  4.34492092e-05,  4.43796944e-05,  4.53275827e-05,
        4.62932457e-05,  4.72770623e-05,  4.82794181e-05,  4.93007062e-05,
        5.03413271e-05,  5.14016889e-05,  5.24822075e-05,  5.35833064e-05,
        5.47054176e-05,  5.58489809e-05,  5.70144449e-05,  5.82022667e-05,
        5.94129119e-05,  6.06468553e-05,  6.19045808e-05,  6.31865817e-05,
        6.44933605e-05,  6.58254299e-05,  6.71833121e-05,  6.85675396e-05,
        6.99786552e-05,  7.14172123e-05,  7.28837751e-05,  7.43789185e-05,
        7.59032289e-05,  7.74573041e-05,  7.90417534e-05,  8.06571983e-05,
        8.23042721e-05,  8.39836208e-05,  8.56959029e-05,  8.74417898e-05,
        8.92219663e-05,  9.10371303e-05,  9.28879937e-05,  9.47752822e-05,
        9.66997360e-05,  9.86621097e-05,  1.00663173e-04,  1.02703710e-04,
        1.04784522e-04,  1.06906424e-04,  1.09070248e-04,  1.11276843e-04,
        1.13527074e-04,  1.15821824e-04,  1.18161993e-04,  1.20548497e-04,
        1.22982274e-04,  1.25464277e-04,  1.27995479e-04,  1.30576874e-04,
        1.33209473e-04,  1.35894309e-04,  1.38632435e-04,  1.41424925e-04,
        1.44272872e-04,  1.47177395e-04,  1.50139633e-04,  1.53160746e-04,
        1.56241920e-04,  1.59384362e-04,  1.62589306e-04,  1.65858008e-04,
        1.69191749e-04,  1.72591837e-04,  1.76059606e-04,  1.79596414e-04,
        1.83203650e-04,  1.86882728e-04,  1.90635089e-04,  1.94462207e-04,
        1.98365581e-04,  2.02346742e-04,  2.06407252e-04,  2.10548703e-04,
        2.14772718e-04,  2.19080954e-04,  2.23475101e-04,  2.27956882e-04,
        2.32528054e-04,  2.37190409e-04,  2.41945777e-04,  2.46796021e-04,
        2.51743044e-04,  2.56788786e-04,  2.61935225e-04,  2.67184380e-04,
        2.72538309e-04,  2.77999111e-04,  2.83568928e-04,  2.89249943e-04,
        2.95044386e-04,  3.00954527e-04,  3.06982685e-04,  3.13131223e-04,
        3.19402553e-04,  3.25799134e-04,  3.32323474e-04,  3.38978131e-04,
        3.45765715e-04,  3.52688889e-04,  3.59750366e-04,  3.66952916e-04,
        3.74299363e-04,  3.81792588e-04,  3.89435529e-04,  3.97231184e-04,
        4.05182610e-04,  4.13292924e-04,  4.21565308e-04,  4.30003004e-04,
        4.38609322e-04,  4.47387636e-04,  4.56341390e-04,  4.65474093e-04,
        4.74789328e-04,  4.84290747e-04,  4.93982077e-04,  5.03867116e-04,
        5.13949743e-04,  5.24233910e-04,  5.34723651e-04,  5.45423079e-04,
        5.56336389e-04,  5.67467862e-04,  5.78821862e-04,  5.90402842e-04,
        6.02215342e-04,  6.14263996e-04,  6.26553528e-04,  6.39088756e-04,
        6.51874598e-04,  6.64916066e-04,  6.78218275e-04,  6.91786441e-04,
        7.05625885e-04,  7.19742033e-04,  7.34140422e-04,  7.48826697e-04,
        7.63806617e-04,  7.79086057e-04,  7.94671008e-04,  8.10567582e-04,
        8.26782013e-04,  8.43320658e-04,  8.60190004e-04,  8.77396665e-04,
        8.94947389e-04,  9.12849058e-04,  9.31108692e-04,  9.49733451e-04,
        9.68730639e-04,  9.88107705e-04,  1.00787225e-03,  1.02803202e-03,
        1.04859492e-03,  1.06956902e-03,  1.09096254e-03,  1.11278387e-03,
        1.13504156e-03,  1.15774435e-03,  1.18090113e-03,  1.20452100e-03,
        1.22861320e-03,  1.25318718e-03,  1.27825259e-03,  1.30381925e-03,
        1.32989718e-03,  1.35649661e-03,  1.38362797e-03,  1.41130190e-03,
        1.43952924e-03,  1.46832107e-03,  1.49768868e-03,  1.52764357e-03,
        1.55819749e-03,  1.58936242e-03,  1.62115058e-03,  1.65357442e-03,
        1.68664666e-03,  1.72038026e-03,  1.75478844e-03,  1.78988469e-03,
        1.82568276e-03,  1.86219669e-03,  1.89944077e-03,  1.93742959e-03,
        1.97617806e-03,  2.01570133e-03,  2.05601489e-03,  2.09713453e-03,
        2.13907635e-03,  2.18185678e-03,  2.22549254e-03,  2.27000074e-03,
        2.31539877e-03,  2.36170439e-03,  2.40893573e-03,  2.45711124e-03,
        2.50624975e-03,  2.55637047e-03,  2.60749296e-03,  2.65963721e-03,
        2.71282355e-03,  2.76707273e-03,  2.82240591e-03,  2.87884466e-03,
        2.93641096e-03,  2.99512722e-03,  3.05501627e-03,  3.11610142e-03,
        3.17840638e-03,  3.24195535e-03,  3.30677296e-03,  3.37288435e-03,
        3.44031510e-03,  3.50909129e-03,  3.57923949e-03,  3.65078677e-03,
        3.72376071e-03,  3.79818939e-03,  3.87410143e-03,  3.95152596e-03,
        4.03049266e-03,  4.11103174e-03,  4.19317398e-03,  4.27695068e-03,
        4.36239375e-03,  4.44953563e-03,  4.53840938e-03,  4.62904860e-03,
        4.72148753e-03,  4.81576096e-03,  4.91190434e-03,  5.00995368e-03,
        5.10994566e-03,  5.21191755e-03,  5.31590728e-03,  5.42195341e-03,
        5.53009515e-03,  5.64037237e-03,  5.75282560e-03,  5.86749607e-03,
        5.98442564e-03,  6.10365689e-03,  6.22523311e-03,  6.34919826e-03,
        6.47559704e-03,  6.60447486e-03,  6.73587788e-03,  6.86985299e-03,
        7.00644784e-03,  7.14571085e-03,  7.28769122e-03,  7.43243892e-03,
        7.58000477e-03,  7.73044036e-03,  7.88379816e-03,  8.04013146e-03,
        8.19949444e-03,  8.36194215e-03,  8.52753057e-03,  8.69631659e-03,
        8.86835805e-03,  9.04371379e-03,  9.22244362e-03,  9.40460838e-03,
        9.59026999e-03,  9.77949143e-03,  9.97233678e-03,  1.01688713e-02,
        1.03691614e-02,  1.05732748e-02,  1.07812803e-02,  1.09932481e-02,
        1.12092498e-02,  1.14293583e-02,  1.16536478e-02,  1.18821943e-02,
        1.21150750e-02,  1.23523688e-02,  1.25941562e-02,  1.28405194e-02,
        1.30915422e-02,  1.33473104e-02,  1.36079114e-02,  1.38734348e-02,
        1.41439717e-02,  1.44196156e-02,  1.47004619e-02,  1.49866083e-02,
        1.52781543e-02,  1.55752022e-02,  1.58778561e-02,  1.61862227e-02,
        1.65004113e-02,  1.68205334e-02,  1.71467032e-02,  1.74790375e-02,
        1.78176557e-02,  1.81626800e-02,  1.85142352e-02,  1.88724491e-02,
        1.92374523e-02,  1.96093782e-02,  1.99883633e-02,  2.03745470e-02,
        2.07680715e-02,  2.11690824e-02,  2.15777279e-02,  2.19941596e-02,
        2.24185320e-02,  2.28510026e-02,  2.32917320e-02,  2.37408837e-02,
        2.41986244e-02,  2.46651235e-02,  2.51405534e-02,  2.56250893e-02,
        2.61189090e-02,  2.66221932e-02,  2.71351248e-02,  2.76578894e-02,
        2.81906748e-02,  2.87336708e-02,  2.92870691e-02,  2.98510633e-02,
        3.04258483e-02,  3.10116203e-02,  3.16085765e-02,  3.22169147e-02,
        3.28368330e-02,  3.34685294e-02,  3.41122015e-02,  3.47680460e-02,
        3.54362581e-02,  3.61170311e-02,  3.68105560e-02,  3.75170202e-02,
        3.82366078e-02,  3.89694981e-02,  3.97158650e-02,  4.04758764e-02,
        4.12496929e-02,  4.20374670e-02,  4.28393422e-02,  4.36554513e-02,
        4.44859158e-02,  4.53308439e-02,  4.61903294e-02,  4.70644504e-02,
        4.79532669e-02,  4.88568194e-02,  4.97751272e-02,  5.07081858e-02,
        5.16559648e-02,  5.26184057e-02,  5.35954189e-02,  5.45868812e-02,
        5.55926330e-02,  5.66124743e-02,  5.76461623e-02,  5.86934067e-02,
        5.97538667e-02,  6.08271460e-02,  6.19127890e-02,  6.30102752e-02,
        6.41190151e-02,  6.52383439e-02,  6.63675164e-02,  6.75057004e-02,
        6.86519707e-02,  6.98053022e-02,  7.09645626e-02,  7.21285054e-02,
        7.32957616e-02,  7.44648319e-02,  7.56340784e-02,  7.68017158e-02,
        7.79658026e-02,  7.91242322e-02,  8.02747234e-02,  8.14148119e-02,
        8.25418406e-02,  8.36529510e-02,  8.47450744e-02,  8.58149238e-02,
        8.68589862e-02,  8.78735154e-02,  8.88545264e-02,  8.97977902e-02,
        9.06988305e-02,  9.15529215e-02,  9.23550881e-02,  9.31001075e-02,
        9.37825142e-02,  9.43966067e-02,  9.49364578e-02,  9.53959278e-02,
        9.57686817e-02,  9.60482095e-02,  9.62278517e-02,  9.63008277e-02,
        9.62602699e-02,  9.60992616e-02,  9.58108800e-02,  9.53882441e-02,
        9.48245663e-02,  9.41132097e-02,  9.32477485e-02,  9.22220337e-02,
        9.10302607e-02,  8.96670406e-02,  8.81274743e-02,  8.64072265e-02,
        8.45026017e-02,  8.24106189e-02,  8.01290853e-02,  7.76566665e-02,
        7.49929533e-02,  7.21385235e-02,  6.90949963e-02,  6.58650797e-02,
        6.24526085e-02,  5.88625718e-02,  5.51011297e-02,  5.11756176e-02,
        4.70945371e-02,  4.28675339e-02,  3.85053611e-02,  3.40198290e-02,
        2.94237404e-02,  2.47308130e-02,  1.99555880e-02,  1.51133277e-02,
        1.02199016e-02,  5.29166360e-03,  3.45321298e-04, -4.60220068e-03,
       -9.53390109e-03, -1.44328445e-02, -1.92823033e-02, -2.40658978e-02,
       -2.87677313e-02, -3.33725194e-02, -3.78657102e-02, -4.22335958e-02,
       -4.64634108e-02, -5.05434196e-02, -5.44629890e-02, -5.82126475e-02,
       -6.17841284e-02, -6.51703995e-02, -6.83656772e-02, -7.13654264e-02,
       -7.41663465e-02, -7.67663451e-02, -7.91644992e-02, -8.13610058e-02,
       -8.33571237e-02, -8.51551067e-02, -8.67581301e-02, -8.81702130e-02,
       -8.93961358e-02, -9.04413557e-02, -9.13119217e-02, -9.20143890e-02,
       -9.25557351e-02, -9.29432783e-02, -9.31845987e-02, -9.32874640e-02,
       -9.32597591e-02, -9.31094207e-02, -9.28443779e-02, -9.24724970e-02,
       -9.20015335e-02, -9.14390885e-02, -9.07925714e-02, -9.00691677e-02,
       -8.92758125e-02, -8.84191684e-02, -8.75056086e-02, -8.65412040e-02,
       -8.55317145e-02, -8.44825838e-02, -8.33989376e-02, -8.22855848e-02,
       -8.11470208e-02, -7.99874333e-02, -7.88107100e-02, -7.76204481e-02,
       -7.64199638e-02, -7.52123047e-02, -7.40002614e-02, -7.27863802e-02,
       -7.15729765e-02, -7.03621475e-02, -6.91557854e-02, -6.79555909e-02,
       -6.67630856e-02, -6.55796247e-02, -6.44064091e-02, -6.32444968e-02,
       -6.20948146e-02, -6.09581682e-02, -5.98352527e-02, -5.87266618e-02,
       -5.76328970e-02, -5.65543758e-02, -5.54914396e-02, -5.44443612e-02,
       -5.34133509e-02, -5.23985637e-02, -5.14001043e-02, -5.04180326e-02,
       -4.94523688e-02, -4.85030974e-02, -4.75701718e-02, -4.66535175e-02,
       -4.57530357e-02, -4.48686063e-02, -4.40000907e-02, -4.31473340e-02,
       -4.23101678e-02, -4.14884116e-02, -4.06818750e-02, -3.98903592e-02,
       -3.91136583e-02, -3.83515610e-02, -3.76038512e-02, -3.68703094e-02,
       -3.61507134e-02, -3.54448393e-02, -3.47524621e-02, -3.40733562e-02,
       -3.34072961e-02, -3.27540570e-02, -3.21134148e-02, -3.14851468e-02,
       -3.08690320e-02, -3.02648512e-02, -2.96723875e-02, -2.90914261e-02,
       -2.85217549e-02, -2.79631643e-02, -2.74154475e-02, -2.68784005e-02,
       -2.63518225e-02, -2.58355153e-02, -2.53292841e-02, -2.48329369e-02,
       -2.43462850e-02, -2.38691427e-02, -2.34013274e-02, -2.29426598e-02,
       -2.24929635e-02, -2.20520654e-02, -2.16197952e-02, -2.11959860e-02,
       -2.07804736e-02, -2.03730969e-02, -1.99736980e-02, -1.95821215e-02,
       -1.91982153e-02, -1.88218299e-02, -1.84528187e-02, -1.80910378e-02,
       -1.77363461e-02, -1.73886052e-02, -1.70476792e-02, -1.67134351e-02,
       -1.63857421e-02, -1.60644722e-02, -1.57494997e-02, -1.54407013e-02,
       -1.51379562e-02, -1.48411460e-02, -1.45501544e-02, -1.42648674e-02,
       -1.39851734e-02, -1.37109628e-02, -1.34421282e-02, -1.31785642e-02,
       -1.29201675e-02, -1.26668370e-02, -1.24184733e-02, -1.21749791e-02,
       -1.19362589e-02, -1.17022192e-02, -1.14727682e-02, -1.12478160e-02,
       -1.10272743e-02, -1.08110568e-02, -1.05990787e-02, -1.03912568e-02,
       -1.01875096e-02, -9.98775734e-03, -9.79192162e-03, -9.59992567e-03,
       -9.41169420e-03, -9.22715341e-03, -9.04623093e-03, -8.86885583e-03,
       -8.69495855e-03, -8.52447090e-03, -8.35732602e-03, -8.19345839e-03,
       -8.03280373e-03, -7.87529906e-03, -7.72088260e-03, -7.56949381e-03,
       -7.42107332e-03, -7.27556294e-03, -7.13290559e-03, -6.99304535e-03,
       -6.85592736e-03, -6.72149786e-03, -6.58970413e-03, -6.46049449e-03,
       -6.33381828e-03, -6.20962581e-03, -6.08786838e-03, -5.96849826e-03,
       -5.85146863e-03, -5.73673360e-03, -5.62424817e-03, -5.51396825e-03,
       -5.40585057e-03, -5.29985275e-03, -5.19593321e-03, -5.09405122e-03,
       -4.99416680e-03, -4.89624081e-03, -4.80023483e-03, -4.70611122e-03,
       -4.61383306e-03, -4.52336418e-03, -4.43466909e-03, -4.34771302e-03,
       -4.26246187e-03, -4.17888219e-03, -4.09694123e-03, -4.01660685e-03,
       -3.93784754e-03, -3.86063243e-03, -3.78493122e-03, -3.71071424e-03,
       -3.63795238e-03, -3.56661711e-03, -3.49668046e-03, -3.42811500e-03,
       -3.36089384e-03, -3.29499063e-03, -3.23037952e-03, -3.16703516e-03,
       -3.10493274e-03, -3.04404788e-03, -2.98435672e-03, -2.92583585e-03,
       -2.86846232e-03, -2.81221363e-03, -2.75706772e-03, -2.70300297e-03,
       -2.64999818e-03, -2.59803256e-03, -2.54708573e-03, -2.49713772e-03,
       -2.44816894e-03, -2.40016019e-03, -2.35309264e-03, -2.30694783e-03,
       -2.26170767e-03, -2.21735442e-03, -2.17387068e-03, -2.13123941e-03,
       -2.08944388e-03, -2.04846771e-03, -2.00829483e-03, -1.96890948e-03,
       -1.93029622e-03, -1.89243991e-03, -1.85532570e-03, -1.81893904e-03,
       -1.78326566e-03, -1.74829157e-03, -1.71400306e-03, -1.68038668e-03,
       -1.64742924e-03, -1.61511784e-03, -1.58343978e-03, -1.55238266e-03,
       -1.52193428e-03, -1.49208272e-03, -1.46281627e-03, -1.43412345e-03,
       -1.40599300e-03, -1.37841391e-03, -1.35137534e-03, -1.32486671e-03,
       -1.29887760e-03, -1.27339785e-03, -1.24841744e-03, -1.22392659e-03,
       -1.19991569e-03, -1.17637532e-03, -1.15329626e-03, -1.13066946e-03,
       -1.10848603e-03, -1.08673729e-03, -1.06541470e-03, -1.04450991e-03,
       -1.02401471e-03, -1.00392107e-03, -9.84221106e-04, -9.64907095e-04,
       -9.45971465e-04, -9.27406788e-04, -9.09205786e-04, -8.91361320e-04,
       -8.73866393e-04, -8.56714145e-04, -8.39897849e-04, -8.23410912e-04,
       -8.07246867e-04, -7.91399378e-04, -7.75862228e-04, -7.60629325e-04,
       -7.45694696e-04, -7.31052484e-04, -7.16696948e-04, -7.02622458e-04,
       -6.88823495e-04, -6.75294647e-04, -6.62030610e-04, -6.49026183e-04,
       -6.36276265e-04, -6.23775857e-04, -6.11520057e-04, -5.99504058e-04,
       -5.87723150e-04, -5.76172712e-04, -5.64848215e-04, -5.53745218e-04,
       -5.42859367e-04, -5.32186393e-04, -5.21722111e-04, -5.11462418e-04,
       -5.01403290e-04, -4.91540783e-04, -4.81871029e-04, -4.72390236e-04,
       -4.63094687e-04, -4.53980735e-04, -4.45044809e-04, -4.36283402e-04,
       -4.27693080e-04, -4.19270474e-04, -4.11012281e-04, -4.02915263e-04,
       -3.94976244e-04, -3.87192112e-04, -3.79559813e-04, -3.72076355e-04,
       -3.64738804e-04, -3.57544281e-04, -3.50489966e-04, -3.43573093e-04,
       -3.36790949e-04, -3.30140874e-04, -3.23620260e-04, -3.17226552e-04,
       -3.10957241e-04, -3.04809869e-04, -2.98782025e-04, -2.92871346e-04,
       -2.87075514e-04, -2.81392255e-04, -2.75819343e-04, -2.70354590e-04,
       -2.64995854e-04, -2.59741034e-04, -2.54588069e-04, -2.49534938e-04,
       -2.44579660e-04, -2.39720292e-04, -2.34954928e-04, -2.30281699e-04,
       -2.25698773e-04, -2.21204353e-04, -2.16796676e-04, -2.12474014e-04,
       -2.08234672e-04, -2.04076987e-04, -1.99999329e-04, -1.96000099e-04,
       -1.92077728e-04, -1.88230679e-04, -1.84457443e-04, -1.80756540e-04,
       -1.77126519e-04, -1.73565957e-04, -1.70073456e-04, -1.66647649e-04,
       -1.63287191e-04, -1.59990765e-04, -1.56757077e-04, -1.53584861e-04,
       -1.50472871e-04, -1.47419888e-04, -1.44424714e-04, -1.41486175e-04,
       -1.38603118e-04, -1.35774413e-04, -1.32998952e-04, -1.30275644e-04,
       -1.27603423e-04, -1.24981240e-04, -1.22408067e-04, -1.19882896e-04,
       -1.17404736e-04, -1.14972615e-04, -1.12585579e-04, -1.10242693e-04,
       -1.07943037e-04, -1.05685710e-04, -1.03469827e-04, -1.01294519e-04,
       -9.91589324e-05, -9.70622300e-05, -9.50035897e-05, -9.29822042e-05,
       -9.09972808e-05, -8.90480411e-05, -8.71337208e-05, -8.52535692e-05,
       -8.34068490e-05, -8.15928360e-05, -7.98108189e-05, -7.80600989e-05,
       -7.63399894e-05, -7.46498159e-05, -7.29889157e-05, -7.13566374e-05,
       -6.97523410e-05, -6.81753973e-05, -6.66251879e-05, -6.51011050e-05,
       -6.36025509e-05, -6.21289380e-05, -6.06796883e-05, -5.92542337e-05,
       -5.78520150e-05, -5.64724824e-05, -5.51150951e-05, -5.37793206e-05,
       -5.24646352e-05, -5.11705232e-05, -4.98964774e-05, -4.86419980e-05,
       -4.74065931e-05, -4.61897782e-05, -4.49910763e-05, -4.38100172e-05,
       -4.26461377e-05, -4.14989816e-05, -4.03680989e-05, -3.92530462e-05,
       -3.81533862e-05, -3.70686877e-05, -3.59985254e-05, -3.49424795e-05,
       -3.39001361e-05, -3.28710862e-05, -3.18549264e-05, -3.08512583e-05,
       -2.98596882e-05, -2.88798273e-05, -2.79112913e-05, -2.69537005e-05,
       -2.60066794e-05, -2.50698565e-05, -2.41428645e-05, -2.32253400e-05,
       -2.23169230e-05, -2.14172574e-05, -2.05259905e-05, -1.96427725e-05,
       -1.87672573e-05, -1.78991016e-05, -1.70379648e-05, -1.61835092e-05,
       -1.53353999e-05, -1.44933042e-05, -1.36568920e-05, -1.28258351e-05,
       -1.19998078e-05, -1.11784861e-05, -1.03615480e-05, -9.54867298e-06,
       -8.73954244e-06, -7.93383903e-06, -7.13124679e-06, -6.33145101e-06,
       -5.53413806e-06, -4.73899526e-06, -3.94571081e-06, -3.15397364e-06,
       -2.36347327e-06, -1.57389972e-06, -7.84943354e-07,  3.70520204e-09])], 2: []}
KEDs = {0: [array([5.44177791e-26, 5.46835465e-26, 5.52176756e-26, 5.60253804e-26,
       5.71145455e-26, 5.84958031e-26, 6.01826366e-26, 6.21915124e-26,
       6.45420405e-26, 6.72571662e-26, 7.03633938e-26, 7.38910453e-26,
       7.78745567e-26, 8.23528140e-26, 8.73695326e-26, 9.29736843e-26,
       9.92199752e-26, 1.06169380e-25, 1.13889737e-25, 1.22456409e-25,
       1.31953023e-25, 1.42472282e-25, 1.54116871e-25, 1.67000462e-25,
       1.81248821e-25, 1.97001036e-25, 2.14410876e-25, 2.33648291e-25,
       2.54901071e-25, 2.78376680e-25, 3.04304280e-25, 3.32936969e-25,
       3.64554252e-25, 3.99464767e-25, 4.38009300e-25, 4.80564114e-25,
       5.27544615e-25, 5.79409415e-25, 6.36664803e-25, 6.99869690e-25,
       7.69641063e-25, 8.46660013e-25, 9.31678376e-25, 1.02552608e-24,
       1.12911923e-24, 1.24346909e-24, 1.36969189e-24, 1.50901980e-24,
       1.66281289e-24, 1.83257245e-24, 2.01995563e-24, 2.22679159e-24,
       2.45509943e-24, 2.70710781e-24, 2.98527677e-24, 3.29232172e-24,
       3.63123995e-24, 4.00533987e-24, 4.41827335e-24, 4.87407133e-24,
       5.37718317e-24, 5.93252012e-24, 6.54550322e-24, 7.22211623e-24,
       7.96896407e-24, 8.79333725e-24, 9.70328306e-24, 1.07076842e-23,
       1.18163452e-23, 1.30400886e-23, 1.43908603e-23, 1.58818461e-23,
       1.75276005e-23, 1.93441889e-23, 2.13493445e-23, 2.35626409e-23,
       2.60056837e-23, 2.87023213e-23, 3.16788774e-23, 3.49644083e-23,
       3.85909865e-23, 4.25940136e-23, 4.70125660e-23, 5.18897764e-23,
       5.72732548e-23, 6.32155531e-23, 6.97746784e-23, 7.70146590e-23,
       8.50061696e-23, 9.38272211e-23, 1.03563922e-22, 1.14311319e-22,
       1.26174326e-22, 1.39268746e-22, 1.53722402e-22, 1.69676388e-22,
       1.87286442e-22, 2.06724467e-22, 2.28180214e-22, 2.51863125e-22,
       2.78004389e-22, 3.06859187e-22, 3.38709193e-22, 3.73865318e-22,
       4.12670744e-22, 4.55504281e-22, 5.02784058e-22, 5.54971605e-22,
       6.12576363e-22, 6.76160654e-22, 7.46345170e-22, 8.23815031e-22,
       9.09326478e-22, 1.00371425e-21, 1.10789973e-21, 1.22289995e-21,
       1.34983751e-21, 1.48995154e-21, 1.64460979e-21, 1.81532199e-21,
       2.00375459e-21, 2.21174701e-21, 2.44132962e-21, 2.69474354e-21,
       2.97446251e-21, 3.28321709e-21, 3.62402125e-21, 4.00020181e-21,
       4.41543095e-21, 4.87376202e-21, 5.37966912e-21, 5.93809077e-21,
       6.55447812e-21, 7.23484818e-21, 7.98584253e-21, 8.81479215e-21,
       9.72978903e-21, 1.07397651e-20, 1.18545795e-20, 1.30851147e-20,
       1.44433828e-20, 1.59426429e-20, 1.75975303e-20, 1.94241996e-20,
       2.14404822e-20, 2.36660604e-20, 2.61226599e-20, 2.88342611e-20,
       3.18273340e-20, 3.51310961e-20, 3.87777978e-20, 4.28030372e-20,
       4.72461075e-20, 5.21503807e-20, 5.75637310e-20, 6.35390020e-20,
       7.01345226e-20, 7.74146764e-20, 8.54505302e-20, 9.43205278e-20,
       1.04111256e-19, 1.14918288e-19, 1.26847120e-19, 1.40014197e-19,
       1.54548054e-19, 1.70590564e-19, 1.88298332e-19, 2.07844215e-19,
       2.29419014e-19, 2.53233336e-19, 2.79519651e-19, 3.08534558e-19,
       3.40561292e-19, 3.75912490e-19, 4.14933239e-19, 4.58004449e-19,
       5.05546569e-19, 5.58023692e-19, 6.15948086e-19, 6.79885191e-19,
       7.50459143e-19, 8.28358866e-19, 9.14344795e-19, 1.00925630e-18,
       1.11401988e-18, 1.22965821e-18, 1.35730012e-18, 1.49819160e-18,
       1.65370801e-18, 1.82536746e-18, 2.01484563e-18, 2.22399215e-18,
       2.45484865e-18, 2.70966870e-18, 2.99093977e-18, 3.30140756e-18,
       3.64410275e-18, 4.02237065e-18, 4.43990380e-18, 4.90077804e-18,
       5.40949229e-18, 5.97101249e-18, 6.59082003e-18, 7.27496530e-18,
       8.03012673e-18, 8.86367599e-18, 9.78374997e-18, 1.07993302e-17,
       1.19203304e-17, 1.31576935e-17, 1.45234983e-17, 1.60310774e-17,
       1.76951474e-17, 1.95319524e-17, 2.15594229e-17, 2.37973503e-17,
       2.62675808e-17, 2.89942281e-17, 3.20039088e-17, 3.53260026e-17,
       3.89929389e-17, 4.30405134e-17, 4.75082371e-17, 5.24397229e-17,
       5.78831105e-17, 6.38915367e-17, 7.05236540e-17, 7.78442034e-17,
       8.59246458e-17, 9.48438604e-17, 1.04688914e-16, 1.15555911e-16,
       1.27550932e-16, 1.40791069e-16, 1.55405569e-16, 1.71537094e-16,
       1.89343115e-16, 2.08997449e-16, 2.30691957e-16, 2.54638414e-16,
       2.81070577e-16, 3.10246471e-16, 3.42450901e-16, 3.77998237e-16,
       4.17235482e-16, 4.60545657e-16, 5.08351543e-16, 5.61119806e-16,
       6.19365551e-16, 6.83657356e-16, 7.54622816e-16, 8.32954670e-16,
       9.19417566e-16, 1.01485553e-15, 1.12020018e-15, 1.23647985e-15,
       1.36482963e-15, 1.50650241e-15, 1.66288113e-15, 1.83549230e-15,
       2.02602086e-15, 2.23632666e-15, 2.46846259e-15, 2.72469463e-15,
       3.00752397e-15, 3.31971140e-15, 3.66430429e-15, 4.04466630e-15,
       4.46451023e-15, 4.92793423e-15, 5.43946183e-15, 6.00408605e-15,
       6.62731816e-15, 7.31524143e-15, 8.07457048e-15, 8.91271686e-15,
       9.83786129e-15, 1.08590335e-14, 1.19862005e-14, 1.32303633e-14,
       1.46036649e-14, 1.61195083e-14, 1.77926874e-14, 1.96395311e-14,
       2.16780628e-14, 2.39281760e-14, 2.64118282e-14, 2.91532551e-14,
       3.21792071e-14, 3.55192095e-14, 3.92058505e-14, 4.32750990e-14,
       4.77666548e-14, 5.27243354e-14, 5.81965029e-14, 6.42365351e-14,
       7.09033447e-14, 7.82619538e-14, 8.63841258e-14, 9.53490646e-14,
       1.05244185e-13, 1.16165962e-13, 1.28220871e-13, 1.41526421e-13,
       1.56212300e-13, 1.72421630e-13, 1.90312362e-13, 2.10058810e-13,
       2.31853339e-13, 2.55908237e-13, 2.82457774e-13, 3.11760471e-13,
       3.44101610e-13, 3.79796001e-13, 4.19191027e-13, 4.62670012e-13,
       5.10655934e-13, 5.63615516e-13, 6.22063744e-13, 6.86568844e-13,
       7.57757781e-13, 8.36322312e-13, 9.23025671e-13, 1.01870994e-12,
       1.12430417e-12, 1.24083335e-12, 1.36942830e-12, 1.51133655e-12,
       1.66793437e-12, 1.84074005e-12, 2.03142849e-12, 2.24184731e-12,
       2.47403468e-12, 2.73023887e-12, 3.01293989e-12, 3.32487331e-12,
       3.66905657e-12, 4.04881795e-12, 4.46782851e-12, 4.93013737e-12,
       5.44021055e-12, 6.00297382e-12, 6.62385999e-12, 7.30886096e-12,
       8.06458525e-12, 8.89832135e-12, 9.81810760e-12, 1.08328092e-11,
       1.19522035e-11, 1.31870731e-11, 1.45493101e-11, 1.60520293e-11,
       1.77096945e-11, 1.95382570e-11, 2.15553086e-11, 2.37802504e-11,
       2.62344787e-11, 2.89415909e-11, 3.19276112e-11, 3.52212412e-11,
       3.88541353e-11, 4.28612043e-11, 4.72809518e-11, 5.21558436e-11,
       5.75327165e-11, 6.34632286e-11, 7.00043567e-11, 7.72189447e-11,
       8.51763088e-11, 9.39529059e-11, 1.03633070e-10, 1.14309826e-10,
       1.26085786e-10, 1.39074142e-10, 1.53399756e-10, 1.69200367e-10,
       1.86627925e-10, 2.05850055e-10, 2.27051677e-10, 2.50436802e-10,
       2.76230498e-10, 3.04681071e-10, 3.36062468e-10, 3.70676929e-10,
       4.08857915e-10, 4.50973331e-10, 4.97429095e-10, 5.48673065e-10,
       6.05199374e-10, 6.67553217e-10, 7.36336125e-10, 8.12211785e-10,
       8.95912462e-10, 9.88246077e-10, 1.09010402e-09, 1.20246974e-09,
       1.32642828e-09, 1.46317667e-09, 1.61403556e-09, 1.78046183e-09,
       1.96406266e-09, 2.16661098e-09, 2.39006241e-09, 2.63657406e-09,
       2.90852511e-09, 3.20853954e-09, 3.53951114e-09, 3.90463101e-09,
       4.30741783e-09, 4.75175120e-09, 5.24190820e-09, 5.78260374e-09,
       6.37903472e-09, 7.03692873e-09, 7.76259742e-09, 8.56299515e-09,
       9.44578332e-09, 1.04194010e-08, 1.14931422e-08, 1.26772411e-08,
       1.39829645e-08, 1.54227138e-08, 1.70101367e-08, 1.87602485e-08,
       2.06895652e-08, 2.28162493e-08, 2.51602683e-08, 2.77435674e-08,
       3.05902582e-08, 3.37268239e-08, 3.71823425e-08, 4.09887289e-08,
       4.51809979e-08, 4.97975494e-08, 5.48804765e-08, 6.04758990e-08,
       6.66343227e-08, 7.34110269e-08, 8.08664801e-08, 8.90667870e-08,
       9.80841660e-08, 1.07997459e-07, 1.18892674e-07, 1.30863562e-07,
       1.44012224e-07, 1.58449753e-07, 1.74296904e-07, 1.91684797e-07,
       2.10755639e-07, 2.31663471e-07, 2.54574928e-07, 2.79670012e-07,
       3.07142850e-07, 3.37202454e-07, 3.70073440e-07, 4.05996708e-07,
       4.45230057e-07, 4.88048699e-07, 5.34745668e-07, 5.85632063e-07,
       6.41037105e-07, 7.01307959e-07, 7.66809265e-07, 8.37922325e-07,
       9.15043894e-07, 9.98584480e-07, 1.08896611e-06, 1.18661944e-06,
       1.29198017e-06, 1.40548463e-06, 1.52756448e-06, 1.65864035e-06,
       1.79911451e-06, 1.94936219e-06, 2.10972185e-06, 2.28048393e-06,
       2.46187840e-06, 2.65406086e-06, 2.85709733e-06, 3.07094776e-06,
       3.29544837e-06, 3.53029307e-06, 3.77501413e-06, 4.02896248e-06,
       4.29128812e-06, 4.56092111e-06, 4.83655371e-06, 5.11662464e-06,
       5.39930596e-06, 5.68249378e-06, 5.96380362e-06, 6.24057160e-06,
       6.50986242e-06, 6.76848529e-06, 7.01301878e-06, 7.23984542e-06,
       7.44519693e-06, 7.62521031e-06, 7.77599518e-06, 7.89371197e-06,
       7.97466039e-06, 8.01537695e-06, 8.01273977e-06, 7.96407848e-06,
       7.86728626e-06, 7.72093064e-06, 7.52435919e-06, 7.27779591e-06,
       6.98242374e-06, 6.64044875e-06, 6.25514162e-06, 5.83085231e-06,
       5.37299458e-06, 4.88799775e-06, 4.38322414e-06, 3.86685198e-06,
       3.34772488e-06, 2.83517049e-06, 2.33879238e-06, 1.86824090e-06,
       1.43296952e-06, 1.04198485e-06, 7.03598729e-07, 4.25191480e-07,
       2.12995303e-07, 7.19062331e-08, 5.33230719e-09, 1.50842261e-08,
       1.01313198e-07, 2.62498752e-07, 4.95487286e-07, 7.95579979e-07,
       1.15666672e-06, 1.57140079e-06, 2.03140746e-06, 2.52751843e-06,
       3.05002320e-06, 3.58892805e-06, 4.13421340e-06, 4.67608064e-06,
       5.20518074e-06, 5.71281764e-06, 6.19112113e-06, 6.63318554e-06,
       7.03317180e-06, 7.38637246e-06, 7.68924032e-06, 7.93938303e-06,
       8.13552663e-06, 8.27745236e-06, 8.36591113e-06, 8.40252090e-06,
       8.38965164e-06, 8.33030316e-06, 8.22797997e-06, 8.08656762e-06,
       7.91021370e-06, 7.70321668e-06, 7.46992461e-06, 7.21464529e-06,
       6.94156901e-06, 6.65470408e-06, 6.35782524e-06, 6.05443432e-06,
       5.74773261e-06, 5.44060361e-06, 5.13560520e-06, 4.83496991e-06,
       4.54061194e-06, 4.25413971e-06, 3.97687263e-06, 3.70986116e-06,
       3.45390892e-06, 3.20959608e-06, 2.97730330e-06, 2.75723544e-06,
       2.54944473e-06, 2.35385281e-06, 2.17027146e-06, 1.99842180e-06,
       1.83795178e-06, 1.68845198e-06, 1.54946967e-06, 1.42052113e-06,
       1.30110238e-06, 1.19069841e-06, 1.08879093e-06, 9.94864817e-07,
       9.08413481e-07, 8.28943066e-07, 7.55975804e-07, 6.89052529e-07,
       6.27734504e-07, 5.71604653e-07, 5.20268285e-07, 4.73353410e-07,
       4.30510702e-07, 3.91413194e-07, 3.55755745e-07, 3.23254350e-07,
       2.93645308e-07, 2.66684313e-07, 2.42145478e-07, 2.19820329e-07,
       1.99516776e-07, 1.81058097e-07, 1.64281932e-07, 1.49039300e-07,
       1.35193655e-07, 1.22619983e-07, 1.11203928e-07, 1.00840984e-07,
       9.14357156e-08, 8.29010367e-08, 7.51575322e-08, 6.81328254e-08,
       6.17609903e-08, 5.59820067e-08, 5.07412562e-08, 4.59890562e-08,
       4.16802308e-08, 3.77737163e-08, 3.42321984e-08, 3.10217792e-08,
       2.81116725e-08, 2.54739247e-08, 2.30831591e-08, 2.09163436e-08,
       1.89525767e-08, 1.71728942e-08, 1.55600917e-08, 1.40985634e-08,
       1.27741554e-08, 1.15740316e-08, 1.04865526e-08, 9.50116454e-09,
       8.60829917e-09, 7.79928202e-09, 7.06624957e-09, 6.40207385e-09,
       5.80029398e-09, 5.25505403e-09, 4.76104658e-09, 4.31346157e-09,
       3.90793980e-09, 3.54053087e-09, 3.20765489e-09, 2.90606782e-09,
       2.63283006e-09, 2.38527792e-09, 2.16099779e-09, 1.95780267e-09,
       1.77371094e-09, 1.60692712e-09, 1.45582436e-09, 1.31892866e-09,
       1.19490453e-09, 1.08254193e-09, 9.80744557e-10, 8.88519134e-10,
       8.04965733e-10, 7.29269015e-10, 6.60690280e-10, 5.98560265e-10,
       5.42272625e-10, 4.91278014e-10, 4.45078735e-10, 4.03223880e-10,
       3.65304935e-10, 3.30951797e-10, 2.99829159e-10, 2.71633243e-10,
       2.46088835e-10, 2.22946595e-10, 2.01980635e-10, 1.82986301e-10,
       1.65778187e-10, 1.50188322e-10, 1.36064526e-10, 1.23268934e-10,
       1.11676642e-10, 1.01174493e-10, 9.16599702e-11, 8.30401978e-11,
       7.52310337e-11, 6.81562482e-11, 6.17467804e-11, 5.59400635e-11,
       5.06794147e-11, 4.59134816e-11, 4.15957407e-11, 3.76840439e-11,
       3.41402066e-11, 3.09296349e-11, 2.80209883e-11, 2.53858736e-11,
       2.29985676e-11, 2.08357661e-11, 1.88763566e-11, 1.71012119e-11,
       1.54930035e-11, 1.40360327e-11, 1.27160769e-11, 1.15202510e-11,
       1.04368818e-11, 9.45539374e-12, 8.56620582e-12, 7.76063804e-12,
       7.03082667e-12, 6.36964752e-12, 5.77064633e-12, 5.22797583e-12,
       4.73633862e-12, 4.29093548e-12, 3.88741851e-12, 3.52184869e-12,
       3.19065744e-12, 2.89061175e-12, 2.61878267e-12, 2.37251667e-12,
       2.14940979e-12, 1.94728411e-12, 1.76416653e-12, 1.59826952e-12,
       1.44797364e-12, 1.31181174e-12, 1.18845465e-12, 1.07669818e-12,
       9.75451406e-13, 8.83725985e-13, 8.00626517e-13, 7.25341810e-13,
       6.57136954e-13, 5.95346153e-13, 5.39366224e-13, 4.88650705e-13,
       4.42704526e-13, 4.01079173e-13, 3.63368312e-13, 3.29203819e-13,
       2.98252191e-13, 2.70211285e-13, 2.44807376e-13, 2.21792477e-13,
       2.00941923e-13, 1.82052176e-13, 1.64938841e-13, 1.49434862e-13,
       1.35388894e-13, 1.22663823e-13, 1.11135431e-13, 1.00691181e-13,
       9.12291198e-14, 8.26568807e-14, 7.48907841e-14, 6.78550197e-14,
       6.14809063e-14, 5.57062214e-14, 5.04745944e-14, 4.57349556e-14,
       4.14410378e-14, 3.75509252e-14, 3.40266435e-14, 3.08337896e-14,
       2.79411959e-14, 2.53206256e-14, 2.29464975e-14, 2.07956360e-14,
       1.88470450e-14, 1.70817029e-14, 1.54823769e-14, 1.40334549e-14,
       1.27207929e-14, 1.15315771e-14, 1.04541986e-14, 9.47814039e-15,
       8.59387449e-15, 7.79276893e-15, 7.06700355e-15, 6.40949362e-15,
       5.81382072e-15, 5.27417006e-15, 4.78527371e-15, 4.34235922e-15,
       3.94110297e-15, 3.57758801e-15, 3.24826582e-15, 2.94992164e-15,
       2.67964312e-15, 2.43479188e-15, 2.21297775e-15, 2.01203544e-15,
       1.83000340e-15, 1.66510471e-15, 1.51572965e-15, 1.38042007e-15,
       1.25785512e-15, 1.14683836e-15, 1.04628606e-15, 9.55216674e-16,
       8.72741197e-16, 7.98054529e-16, 7.30427601e-16, 6.69200258e-16,
       6.13774815e-16, 5.63610225e-16, 5.18216795e-16, 4.77151408e-16,
       4.40013194e-16, 4.06439621e-16, 3.76102954e-16, 3.48707053e-16,
       3.23984489e-16, 3.01693925e-16, 2.81617769e-16, 2.63560042e-16,
       2.47344470e-16, 2.32812761e-16, 2.19823061e-16, 2.08248567e-16,
       1.97976293e-16, 1.88905964e-16, 1.80949038e-16, 1.74027841e-16,
       1.68074811e-16, 1.63031836e-16, 1.58849687e-16, 1.55487541e-16,
       1.52912576e-16, 1.51099656e-16, 1.50031085e-16, 1.49696431e-16,
       1.50092427e-16, 1.51222939e-16, 1.53099003e-16, 1.55738932e-16,
       1.59168496e-16, 1.63421175e-16, 1.68538481e-16, 1.74570368e-16,
       1.81575718e-16, 1.89622915e-16, 1.98790513e-16, 2.09168005e-16,
       2.20856691e-16, 2.33970674e-16, 2.48637969e-16, 2.65001754e-16,
       2.83221767e-16, 3.03475867e-16, 3.25961769e-16, 3.50898974e-16,
       3.78530913e-16, 4.09127319e-16, 4.42986867e-16, 4.80440083e-16,
       5.21852577e-16, 5.67628605e-16, 6.18215019e-16, 6.74105630e-16,
       7.35846026e-16, 8.04038900e-16, 8.79349931e-16, 9.62514285e-16,
       1.05434379e-15, 1.15573485e-15, 1.26767724e-15, 1.39126368e-15,
       1.52770061e-15, 1.67831987e-15, 1.84459178e-15, 2.02813942e-15,
       2.23075455e-15, 2.45441504e-15, 2.70130419e-15, 2.97383206e-15,
       3.27465901e-15, 3.60672160e-15, 3.97326136e-15, 4.37785633e-15,
       4.82445606e-15, 5.31742012e-15, 5.86156070e-15, 6.46218954e-15,
       7.12516981e-15, 7.85697334e-15, 8.66474379e-15, 9.55636638e-15,
       1.05405449e-14, 1.16268866e-14, 1.28259960e-14, 1.41495786e-14,
       1.56105547e-14, 1.72231860e-14, 1.90032146e-14, 2.09680166e-14,
       2.31367718e-14, 2.55306510e-14, 2.81730225e-14, 3.10896806e-14,
       3.43090967e-14, 3.78626979e-14, 4.17851735e-14, 4.61148135e-14,
       5.08938827e-14, 5.61690331e-14, 6.19917590e-14, 6.84189005e-14,
       7.55131973e-14, 8.33439021e-14, 9.19874559e-14, 1.01528235e-13,
       1.12059373e-13, 1.23683673e-13, 1.36514607e-13, 1.50677428e-13,
       1.66310388e-13, 1.83566093e-13, 2.02612989e-13, 2.23637004e-13,
       2.46843370e-13, 2.72458621e-13, 3.00732806e-13, 3.31941930e-13,
       3.66390646e-13, 4.04415234e-13, 4.46386879e-13, 4.92715296e-13,
       5.43852731e-13, 6.00298372e-13, 6.62603227e-13, 7.31375497e-13,
       8.07286518e-13, 8.91077312e-13, 9.83565821e-13, 1.08565489e-12,
       1.19834109e-12, 1.32272443e-12, 1.46001910e-12, 1.61156533e-12,
       1.77884248e-12, 1.96348346e-12, 2.16729068e-12, 2.39225365e-12,
       2.64056840e-12, 2.91465890e-12, 3.21720075e-12, 3.55114728e-12,
       3.91975838e-12, 4.32663233e-12, 4.77574091e-12, 5.27146820e-12,
       5.81865335e-12, 6.42263782e-12, 7.08931755e-12, 7.82520046e-12,
       8.63747005e-12, 9.53405547e-12, 1.05237089e-11, 1.16160911e-11,
       1.28218656e-11, 1.41528028e-11, 1.56218949e-11, 1.72434829e-11,
       1.90333961e-11, 2.10091073e-11, 2.31899027e-11, 2.55970707e-11,
       2.82541094e-11, 3.11869560e-11, 3.44242401e-11, 3.79975633e-11,
       4.19418072e-11, 4.62954746e-11, 5.11010646e-11, 5.64054880e-11,
       6.22605253e-11, 6.87233315e-11, 7.58569948e-11, 8.37311520e-11,
       9.24226684e-11, 1.02016388e-10, 1.12605962e-10, 1.24294764e-10,
       1.37196895e-10, 1.51438303e-10, 1.67158008e-10, 1.84509461e-10,
       2.03662044e-10, 2.24802717e-10, 2.48137851e-10, 2.73895235e-10,
       3.02326307e-10, 3.33708603e-10, 3.68348467e-10, 4.06584045e-10,
       4.48788580e-10, 4.95374063e-10, 5.46795248e-10, 0.00000000e+00])], 1: [array([1.09652247e-13, 1.09738262e-13, 1.09910427e-13, 1.10169012e-13,
       1.10514423e-13, 1.10947202e-13, 1.11468027e-13, 1.12077715e-13,
       1.12777224e-13, 1.13567650e-13, 1.14450233e-13, 1.15426358e-13,
       1.16497556e-13, 1.17665508e-13, 1.18932045e-13, 1.20299154e-13,
       1.21768981e-13, 1.23343830e-13, 1.25026173e-13, 1.26818649e-13,
       1.28724068e-13, 1.30745421e-13, 1.32885878e-13, 1.35148798e-13,
       1.37537729e-13, 1.40056420e-13, 1.42708821e-13, 1.45499094e-13,
       1.48431616e-13, 1.51510986e-13, 1.54742037e-13, 1.58129835e-13,
       1.61679696e-13, 1.65397189e-13, 1.69288144e-13, 1.73358667e-13,
       1.77615142e-13, 1.82064247e-13, 1.86712961e-13, 1.91568576e-13,
       1.96638710e-13, 2.01931316e-13, 2.07454697e-13, 2.13217517e-13,
       2.19228817e-13, 2.25498027e-13, 2.32034981e-13, 2.38849935e-13,
       2.45953577e-13, 2.53357054e-13, 2.61071977e-13, 2.69110450e-13,
       2.77485083e-13, 2.86209014e-13, 2.95295927e-13, 3.04760077e-13,
       3.14616312e-13, 3.24880092e-13, 3.35567519e-13, 3.46695358e-13,
       3.58281066e-13, 3.70342817e-13, 3.82899533e-13, 3.95970911e-13,
       4.09577458e-13, 4.23740518e-13, 4.38482308e-13, 4.53825954e-13,
       4.69795527e-13, 4.86416078e-13, 5.03713679e-13, 5.21715467e-13,
       5.40449680e-13, 5.59945708e-13, 5.80234133e-13, 6.01346784e-13,
       6.23316779e-13, 6.46178583e-13, 6.69968060e-13, 6.94722530e-13,
       7.20480824e-13, 7.47283350e-13, 7.75172155e-13, 8.04190986e-13,
       8.34385368e-13, 8.65802665e-13, 8.98492164e-13, 9.32505144e-13,
       9.67894963e-13, 1.00471714e-12, 1.04302943e-12, 1.08289194e-12,
       1.12436720e-12, 1.16752028e-12, 1.21241887e-12, 1.25913341e-12,
       1.30773717e-12, 1.35830640e-12, 1.41092043e-12, 1.46566180e-12,
       1.52261638e-12, 1.58187351e-12, 1.64352616e-12, 1.70767103e-12,
       1.77440876e-12, 1.84384404e-12, 1.91608579e-12, 1.99124734e-12,
       2.06944659e-12, 2.15080622e-12, 2.23545385e-12, 2.32352229e-12,
       2.41514967e-12, 2.51047974e-12, 2.60966205e-12, 2.71285217e-12,
       2.82021200e-12, 2.93190994e-12, 3.04812122e-12, 3.16902815e-12,
       3.29482038e-12, 3.42569525e-12, 3.56185807e-12, 3.70352244e-12,
       3.85091059e-12, 4.00425374e-12, 4.16379242e-12, 4.32977692e-12,
       4.50246761e-12, 4.68213540e-12, 4.86906214e-12, 5.06354106e-12,
       5.26587724e-12, 5.47638810e-12, 5.69540386e-12, 5.92326810e-12,
       6.16033827e-12, 6.40698627e-12, 6.66359902e-12, 6.93057908e-12,
       7.20834525e-12, 7.49733327e-12, 7.79799649e-12, 8.11080656e-12,
       8.43625420e-12, 8.77484992e-12, 9.12712491e-12, 9.49363177e-12,
       9.87494546e-12, 1.02716641e-11, 1.06844102e-11, 1.11138310e-11,
       1.15606003e-11, 1.20254189e-11, 1.25090160e-11, 1.30121501e-11,
       1.35356107e-11, 1.40802188e-11, 1.46468288e-11, 1.52363295e-11,
       1.58496457e-11, 1.64877396e-11, 1.71516120e-11, 1.78423044e-11,
       1.85609004e-11, 1.93085272e-11, 2.00863575e-11, 2.08956117e-11,
       2.17375592e-11, 2.26135208e-11, 2.35248706e-11, 2.44730382e-11,
       2.54595112e-11, 2.64858369e-11, 2.75536253e-11, 2.86645516e-11,
       2.98203585e-11, 3.10228591e-11, 3.22739398e-11, 3.35755631e-11,
       3.49297710e-11, 3.63386878e-11, 3.78045238e-11, 3.93295783e-11,
       4.09162438e-11, 4.25670094e-11, 4.42844645e-11, 4.60713034e-11,
       4.79303291e-11, 4.98644579e-11, 5.18767240e-11, 5.39702840e-11,
       5.61484221e-11, 5.84145551e-11, 6.07722381e-11, 6.32251694e-11,
       6.57771972e-11, 6.84323248e-11, 7.11947173e-11, 7.40687082e-11,
       7.70588060e-11, 8.01697011e-11, 8.34062739e-11, 8.67736015e-11,
       9.02769662e-11, 9.39218640e-11, 9.77140127e-11, 1.01659361e-10,
       1.05764098e-10, 1.10034663e-10, 1.14477755e-10, 1.19100344e-10,
       1.23909682e-10, 1.28913313e-10, 1.34119087e-10, 1.39535170e-10,
       1.45170057e-10, 1.51032590e-10, 1.57131964e-10, 1.63477747e-10,
       1.70079894e-10, 1.76948763e-10, 1.84095128e-10, 1.91530200e-10,
       1.99265642e-10, 2.07313590e-10, 2.15686668e-10, 2.24398011e-10,
       2.33461284e-10, 2.42890706e-10, 2.52701068e-10, 2.62907759e-10,
       2.73526792e-10, 2.84574823e-10, 2.96069185e-10, 3.08027908e-10,
       3.20469752e-10, 3.33414234e-10, 3.46881660e-10, 3.60893156e-10,
       3.75470702e-10, 3.90637164e-10, 4.06416334e-10, 4.22832963e-10,
       4.39912803e-10, 4.57682647e-10, 4.76170368e-10, 4.95404965e-10,
       5.15416610e-10, 5.36236693e-10, 5.57897869e-10, 5.80434116e-10,
       6.03880780e-10, 6.28274636e-10, 6.53653945e-10, 6.80058510e-10,
       7.07529742e-10, 7.36110724e-10, 7.65846277e-10, 7.96783030e-10,
       8.28969496e-10, 8.62456141e-10, 8.97295470e-10, 9.33542105e-10,
       9.71252869e-10, 1.01048688e-09, 1.05130562e-09, 1.09377309e-09,
       1.13795581e-09, 1.18392304e-09, 1.23174678e-09, 1.28150195e-09,
       1.33326647e-09, 1.38712142e-09, 1.44315110e-09, 1.50144323e-09,
       1.56208902e-09, 1.62518337e-09, 1.69082496e-09, 1.75911642e-09,
       1.83016452e-09, 1.90408026e-09, 1.98097910e-09, 2.06098110e-09,
       2.14421111e-09, 2.23079895e-09, 2.32087960e-09, 2.41459342e-09,
       2.51208631e-09, 2.61350998e-09, 2.71902212e-09, 2.82878666e-09,
       2.94297397e-09, 3.06176116e-09, 3.18533227e-09, 3.31387856e-09,
       3.44759876e-09, 3.58669938e-09, 3.73139493e-09, 3.88190830e-09,
       4.03847096e-09, 4.20132337e-09, 4.37071520e-09, 4.54690575e-09,
       4.73016424e-09, 4.92077015e-09, 5.11901359e-09, 5.32519570e-09,
       5.53962896e-09, 5.76263764e-09, 5.99455817e-09, 6.23573955e-09,
       6.48654377e-09, 6.74734625e-09, 7.01853630e-09, 7.30051751e-09,
       7.59370831e-09, 7.89854240e-09, 8.21546923e-09, 8.54495454e-09,
       8.88748090e-09, 9.24354820e-09, 9.61367424e-09, 9.99839531e-09,
       1.03982668e-08, 1.08138636e-08, 1.12457812e-08, 1.16946359e-08,
       1.21610656e-08, 1.26457307e-08, 1.31493146e-08, 1.36725246e-08,
       1.42160926e-08, 1.47807760e-08, 1.53673586e-08, 1.59766513e-08,
       1.66094935e-08, 1.72667535e-08, 1.79493301e-08, 1.86581533e-08,
       1.93941857e-08, 2.01584237e-08, 2.09518986e-08, 2.17756783e-08,
       2.26308684e-08, 2.35186140e-08, 2.44401011e-08, 2.53965585e-08,
       2.63892596e-08, 2.74195240e-08, 2.84887199e-08, 2.95982661e-08,
       3.07496343e-08, 3.19443515e-08, 3.31840025e-08, 3.44702326e-08,
       3.58047506e-08, 3.71893313e-08, 3.86258195e-08, 4.01161325e-08,
       4.16622640e-08, 4.32662880e-08, 4.49303621e-08, 4.66567322e-08,
       4.84477363e-08, 5.03058093e-08, 5.22334876e-08, 5.42334138e-08,
       5.63083421e-08, 5.84611436e-08, 6.06948117e-08, 6.30124679e-08,
       6.54173678e-08, 6.79129076e-08, 7.05026301e-08, 7.31902315e-08,
       7.59795684e-08, 7.88746646e-08, 8.18797185e-08, 8.49991106e-08,
       8.82374108e-08, 9.15993865e-08, 9.50900103e-08, 9.87144681e-08,
       1.02478167e-07, 1.06386744e-07, 1.10446075e-07, 1.14662279e-07,
       1.19041733e-07, 1.23591073e-07, 1.28317210e-07, 1.33227330e-07,
       1.38328908e-07, 1.43629709e-07, 1.49137803e-07, 1.54861566e-07,
       1.60809688e-07, 1.66991176e-07, 1.73415365e-07, 1.80091915e-07,
       1.87030816e-07, 1.94242395e-07, 2.01737307e-07, 2.09526542e-07,
       2.17621420e-07, 2.26033583e-07, 2.34774993e-07, 2.43857920e-07,
       2.53294933e-07, 2.63098879e-07, 2.73282871e-07, 2.83860265e-07,
       2.94844630e-07, 3.06249719e-07, 3.18089436e-07, 3.30377790e-07,
       3.43128851e-07, 3.56356692e-07, 3.70075330e-07, 3.84298654e-07,
       3.99040347e-07, 4.14313796e-07, 4.30131995e-07, 4.46507431e-07,
       4.63451963e-07, 4.80976684e-07, 4.99091770e-07, 5.17806310e-07,
       5.37128124e-07, 5.57063560e-07, 5.77617268e-07, 5.98791958e-07,
       6.20588134e-07, 6.43003799e-07, 6.66034143e-07, 6.89671195e-07,
       7.13903450e-07, 7.38715468e-07, 7.64087435e-07, 7.89994697e-07,
       8.16407259e-07, 8.43289239e-07, 8.70598305e-07, 8.98285056e-07,
       9.26292381e-07, 9.54554780e-07, 9.82997648e-07, 1.01153654e-06,
       1.04007639e-06, 1.06851075e-06, 1.09672095e-06, 1.12457537e-06,
       1.15192855e-06, 1.17862054e-06, 1.20447610e-06, 1.22930412e-06,
       1.25289703e-06, 1.27503042e-06, 1.29546281e-06, 1.31393564e-06,
       1.33017350e-06, 1.34388480e-06, 1.35476277e-06, 1.36248697e-06,
       1.36672542e-06, 1.36713742e-06, 1.36337712e-06, 1.35509812e-06,
       1.34195899e-06, 1.32363011e-06, 1.29980175e-06, 1.27019367e-06,
       1.23456627e-06, 1.19273355e-06, 1.14457779e-06, 1.09006619e-06,
       1.02926953e-06, 9.62382602e-07, 8.89746685e-07, 8.11873625e-07,
       7.29471456e-07, 6.43471134e-07, 5.55053937e-07, 4.65678916e-07,
       3.77109624e-07, 2.91439199e-07, 2.11112702e-07, 1.38945434e-07,
       7.81358270e-08, 3.22713089e-08, 5.32549562e-09, 1.64493855e-09,
       2.59236774e-08, 8.31638948e-08, 1.78621118e-07, 3.17732654e-07,
       5.06028316e-07, 7.49022941e-07, 1.05209085e-06, 1.42032304e-06,
       1.85836886e-06, 2.37026457e-06, 2.95925259e-06, 3.62759566e-06,
       4.37639171e-06, 5.20539560e-06, 6.11285498e-06, 7.09536783e-06,
       8.14776959e-06, 9.26305774e-06, 1.04323610e-05, 1.16449600e-05,
       1.28883637e-05, 1.41484464e-05, 1.54096452e-05, 1.66552177e-05,
       1.78675561e-05, 1.90285515e-05, 2.01199985e-05, 2.11240301e-05,
       2.20235680e-05, 2.28027738e-05, 2.34474850e-05, 2.39456189e-05,
       2.42875296e-05, 2.44663022e-05, 2.44779738e-05, 2.43216689e-05,
       2.39996461e-05, 2.35172508e-05, 2.28827763e-05, 2.21072386e-05,
       2.12040731e-05, 2.01887643e-05, 1.90784242e-05, 1.78913349e-05,
       1.66464715e-05, 1.53630249e-05, 1.40599384e-05, 1.27554758e-05,
       1.14668322e-05, 1.02097997e-05, 8.99849505e-06, 7.84515360e-06,
       6.75999281e-06, 5.75114282e-06, 4.82464130e-06, 3.98448674e-06,
       3.23274263e-06, 2.56968418e-06, 1.99397817e-06, 1.50288657e-06,
       1.09248468e-06, 7.57885175e-07, 4.93460322e-07, 2.93055652e-07,
       1.50189694e-07, 5.82355345e-08, 1.05812690e-08, 7.67563704e-10,
       2.26016140e-08, 7.02477084e-08, 1.38295365e-07, 2.21806610e-07,
       3.16344392e-07, 4.17984426e-07, 5.23312898e-07, 6.29412479e-07,
       7.33839063e-07, 8.34591479e-07, 9.30076232e-07, 1.01906911e-06,
       1.10067526e-06, 1.17428899e-06, 1.23955446e-06, 1.29632809e-06,
       1.34464320e-06, 1.38467753e-06, 1.41672362e-06, 1.44116252e-06,
       1.45844050e-06, 1.46904899e-06, 1.47350736e-06, 1.47234853e-06,
       1.46610702e-06, 1.45530944e-06, 1.44046681e-06, 1.42206885e-06,
       1.40057970e-06, 1.37643503e-06, 1.35004016e-06, 1.32176922e-06,
       1.29196497e-06, 1.26093922e-06, 1.22897373e-06, 1.19632144e-06,
       1.16320798e-06, 1.12983328e-06, 1.09637335e-06, 1.06298210e-06,
       1.02979306e-06, 9.96921235e-07, 9.64464782e-07, 9.32506638e-07,
       9.01116080e-07, 8.70350171e-07, 8.40255110e-07, 8.10867478e-07,
       7.82215374e-07, 7.54319466e-07, 7.27193928e-07, 7.00847299e-07,
       6.75283249e-07, 6.50501268e-07, 6.26497278e-07, 6.03264179e-07,
       5.80792331e-07, 5.59069981e-07, 5.38083635e-07, 5.17818391e-07,
       4.98258219e-07, 4.79386214e-07, 4.61184814e-07, 4.43635983e-07,
       4.26721371e-07, 4.10422455e-07, 3.94720656e-07, 3.79597434e-07,
       3.65034376e-07, 3.51013263e-07, 3.37516131e-07, 3.24525315e-07,
       3.12023492e-07, 2.99993709e-07, 2.88419406e-07, 2.77284438e-07,
       2.66573085e-07, 2.56270064e-07, 2.46360534e-07, 2.36830094e-07,
       2.27664790e-07, 2.18851108e-07, 2.10375970e-07, 2.02226733e-07,
       1.94391175e-07, 1.86857492e-07, 1.79614288e-07, 1.72650568e-07,
       1.65955722e-07, 1.59519523e-07, 1.53332109e-07, 1.47383980e-07,
       1.41665980e-07, 1.36169291e-07, 1.30885422e-07, 1.25806196e-07,
       1.20923744e-07, 1.16230489e-07, 1.11719140e-07, 1.07382684e-07,
       1.03214369e-07, 9.92077030e-08, 9.53564394e-08, 9.16545700e-08,
       8.80963162e-08, 8.46761206e-08, 8.13886389e-08, 7.82287317e-08,
       7.51914573e-08, 7.22720641e-08, 6.94659833e-08, 6.67688226e-08,
       6.41763588e-08, 6.16845319e-08, 5.92894387e-08, 5.69873268e-08,
       5.47745892e-08, 5.26477581e-08, 5.06035001e-08, 4.86386108e-08,
       4.67500102e-08, 4.49347372e-08, 4.31899457e-08, 4.15128999e-08,
       3.99009702e-08, 3.83516286e-08, 3.68624455e-08, 3.54310855e-08,
       3.40553037e-08, 3.27329422e-08, 3.14619271e-08, 3.02402649e-08,
       2.90660392e-08, 2.79374084e-08, 2.68526021e-08, 2.58099187e-08,
       2.48077227e-08, 2.38444419e-08, 2.29185655e-08, 2.20286409e-08,
       2.11732723e-08, 2.03511178e-08, 1.95608878e-08, 1.88013426e-08,
       1.80712908e-08, 1.73695871e-08, 1.66951308e-08, 1.60468639e-08,
       1.54237695e-08, 1.48248700e-08, 1.42492260e-08, 1.36959345e-08,
       1.31641275e-08, 1.26529708e-08, 1.21616626e-08, 1.16894320e-08,
       1.12355384e-08, 1.07992696e-08, 1.03799413e-08, 9.97689574e-09,
       9.58950060e-09, 9.21714818e-09, 8.85925436e-09, 8.51525771e-09,
       8.18461860e-09, 7.86681836e-09, 7.56135843e-09, 7.26775965e-09,
       6.98556143e-09, 6.71432110e-09, 6.45361314e-09, 6.20302859e-09,
       5.96217435e-09, 5.73067258e-09, 5.50816013e-09, 5.29428793e-09,
       5.08872048e-09, 4.89113531e-09, 4.70122246e-09, 4.51868400e-09,
       4.34323360e-09, 4.17459601e-09, 4.01250669e-09, 3.85671137e-09,
       3.70696565e-09, 3.56303463e-09, 3.42469251e-09, 3.29172227e-09,
       3.16391533e-09, 3.04107118e-09, 2.92299713e-09, 2.80950795e-09,
       2.70042560e-09, 2.59557896e-09, 2.49480357e-09, 2.39794133e-09,
       2.30484029e-09, 2.21535441e-09, 2.12934330e-09, 2.04667204e-09,
       1.96721094e-09, 1.89083535e-09, 1.81742546e-09, 1.74686611e-09,
       1.67904661e-09, 1.61386057e-09, 1.55120573e-09, 1.49098381e-09,
       1.43310033e-09, 1.37746449e-09, 1.32398902e-09, 1.27259002e-09,
       1.22318687e-09, 1.17570206e-09, 1.13006111e-09, 1.08619242e-09,
       1.04402717e-09, 1.00349921e-09, 9.64544973e-10, 9.27103346e-10,
       8.91115593e-10, 8.56525260e-10, 8.23278086e-10, 7.91321913e-10,
       7.60606613e-10, 7.31084002e-10, 7.02707767e-10, 6.75433394e-10,
       6.49218096e-10, 6.24020750e-10, 5.99801828e-10, 5.76523338e-10,
       5.54148762e-10, 5.32643001e-10, 5.11972317e-10, 4.92104286e-10,
       4.73007739e-10, 4.54652720e-10, 4.37010434e-10, 4.20053206e-10,
       4.03754435e-10, 3.88088553e-10, 3.73030983e-10, 3.58558106e-10,
       3.44647218e-10, 3.31276495e-10, 3.18424964e-10, 3.06072463e-10,
       2.94199616e-10, 2.82787797e-10, 2.71819104e-10, 2.61276331e-10,
       2.51142938e-10, 2.41403030e-10, 2.32041327e-10, 2.23043143e-10,
       2.14394363e-10, 2.06081419e-10, 1.98091271e-10, 1.90411385e-10,
       1.83029712e-10, 1.75934673e-10, 1.69115137e-10, 1.62560408e-10,
       1.56260203e-10, 1.50204637e-10, 1.44384213e-10, 1.38789798e-10,
       1.33412618e-10, 1.28244236e-10, 1.23276546e-10, 1.18501753e-10,
       1.13912369e-10, 1.09501193e-10, 1.05261306e-10, 1.01186056e-10,
       9.72690503e-11, 9.35041446e-11, 8.98854327e-11, 8.64072378e-11,
       8.30641035e-11, 7.98507856e-11, 7.67622431e-11, 7.37936311e-11,
       7.09402925e-11, 6.81977515e-11, 6.55617055e-11, 6.30280196e-11,
       6.05927189e-11, 5.82519833e-11, 5.60021408e-11, 5.38396620e-11,
       5.17611545e-11, 4.97633579e-11, 4.78431381e-11, 4.59974828e-11,
       4.42234967e-11, 4.25183970e-11, 4.08795089e-11, 3.93042613e-11,
       3.77901832e-11, 3.63348994e-11, 3.49361269e-11, 3.35916716e-11,
       3.22994242e-11, 3.10573577e-11, 2.98635237e-11, 2.87160492e-11,
       2.76131343e-11, 2.65530488e-11, 2.55341297e-11, 2.45547787e-11,
       2.36134593e-11, 2.27086950e-11, 2.18390664e-11, 2.10032093e-11,
       2.01998125e-11, 1.94276157e-11, 1.86854075e-11, 1.79720236e-11,
       1.72863450e-11, 1.66272959e-11, 1.59938425e-11, 1.53849912e-11,
       1.47997868e-11, 1.42373112e-11, 1.36966822e-11, 1.31770516e-11,
       1.26776042e-11, 1.21975566e-11, 1.17361558e-11, 1.12926778e-11,
       1.08664271e-11, 1.04567349e-11, 1.00629586e-11, 9.68448036e-12,
       9.32070658e-12, 8.97106655e-12, 8.63501178e-12, 8.31201511e-12,
       8.00156983e-12, 7.70318896e-12, 7.41640441e-12, 7.14076630e-12,
       6.87584223e-12, 6.62121662e-12, 6.37649003e-12, 6.14127854e-12,
       5.91521318e-12, 5.69793932e-12, 5.48911612e-12, 5.28841599e-12,
       5.09552409e-12, 4.91013782e-12, 4.73196638e-12, 4.56073025e-12,
       4.39616081e-12, 4.23799992e-12, 4.08599944e-12, 3.93992095e-12,
       3.79953528e-12, 3.66462220e-12, 3.53497008e-12, 3.41037554e-12,
       3.29064310e-12, 3.17558496e-12, 3.06502062e-12, 2.95877662e-12,
       2.85668631e-12, 2.75858954e-12, 2.66433241e-12, 2.57376707e-12,
       2.48675144e-12, 2.40314903e-12, 2.32282867e-12, 2.24566438e-12,
       2.17153511e-12, 2.10032456e-12, 2.03192102e-12, 1.96621720e-12,
       1.90311002e-12, 1.84250048e-12, 1.78429350e-12, 1.72839778e-12,
       1.67472563e-12, 1.62319285e-12, 1.57371860e-12, 1.52622528e-12,
       1.48063837e-12, 1.43688636e-12, 1.39490063e-12, 1.35461530e-12,
       1.31596718e-12, 1.27889565e-12, 1.24334254e-12, 1.20925209e-12,
       1.17657081e-12, 1.14524744e-12, 1.11523285e-12, 1.08647994e-12,
       1.05894361e-12, 1.03258067e-12, 1.00734975e-12, 9.83211286e-13,
       9.60127403e-13, 9.38061890e-13, 9.16980133e-13, 8.96849060e-13,
       8.77637092e-13, 8.59314090e-13, 8.41851311e-13, 8.25221361e-13,
       8.09398152e-13, 7.94356861e-13, 7.80073893e-13, 7.66526843e-13,
       7.53694459e-13, 7.41556610e-13, 7.30094256e-13, 7.19289415e-13,
       7.09125138e-13, 6.99585479e-13, 6.90655475e-13, 6.82321115e-13,
       6.74569327e-13, 6.67387948e-13, 6.60765715e-13, 6.54692239e-13,
       6.49157991e-13, 6.44154291e-13, 6.39673289e-13, 6.35707955e-13,
       6.32252069e-13, 6.29300210e-13, 6.26847747e-13, 6.24890833e-13,
       6.23426398e-13, 6.22452145e-13, 6.21966545e-13, 0.00000000e+00])], 2: []}
v = [-1.49173937e-36 -2.23582638e-36 -3.34753761e-36 -5.00674096e-36
 -7.48043831e-36 -1.11645503e-35 -1.66455325e-35 -2.47911354e-35
 -3.68839486e-35 -5.48176819e-35 -8.13853417e-35 -1.20701866e-34
 -1.78823274e-34 -2.64652723e-34 -3.91264962e-34 -5.77840286e-34
 -8.52485386e-34 -1.25634332e-33 -1.84957521e-33 -2.72005647e-33
 -3.99600584e-33 -5.86430533e-33 -8.59704699e-33 -1.25899584e-32
 -1.84179612e-32 -2.69154151e-32 -3.92918861e-32 -5.72989860e-32
 -8.34705480e-32 -1.21467994e-31 -1.76576425e-31 -2.56416430e-31
 -3.71964286e-31 -5.39012586e-31 -7.80259086e-31 -1.12829076e-30
 -1.62984195e-30 -2.35186409e-30 -3.39016798e-30 -4.88171567e-30
 -7.02208384e-30 -1.00902472e-29 -1.44837117e-29 -2.07682643e-29
 -2.97483442e-29 -4.25664726e-29 -6.08435846e-29 -8.68768750e-29
 -1.23918416e-28 -1.76567101e-28 -2.51319383e-28 -3.57342317e-28
 -5.07557420e-28 -7.20158647e-28 -1.02073603e-27 -1.44524334e-27
 -2.04414066e-27 -2.88817060e-27 -4.07640359e-27 -5.74743112e-27
 -8.09492151e-27 -1.13892146e-26 -1.60072665e-26 -2.24741276e-26
 -3.15203315e-26 -4.41612113e-26 -6.18063995e-26 -8.64108305e-26
 -1.20682745e-25 -1.68369898e-25 -2.34652931e-25 -3.26685444e-25
 -4.54334643e-25 -6.31195928e-25 -8.75981211e-25 -1.21441650e-24
 -1.68183271e-24 -2.32669898e-24 -3.21543599e-24 -4.43896586e-24
 -6.12161493e-24 -8.43320151e-24 -1.16054294e-23 -1.59540966e-23
 -2.19091480e-23 -3.00552972e-23 -4.11868740e-23 -5.63817955e-23
 -7.71012182e-23 -1.05323636e-22 -1.43725132e-22 -1.95921391e-22
 -2.66792281e-22 -3.62916682e-22 -4.93154353e-22 -6.69423689e-22
 -9.07740159e-22 -1.22960123e-21 -1.66383132e-21 -2.24903684e-21
 -3.03686935e-21 -4.09635810e-21 -5.51965570e-21 -7.42964956e-21
 -9.99003332e-21 -1.34186187e-20 -1.80049099e-20 -2.41332804e-20
 -3.23135025e-20 -4.32209169e-20 -5.77492282e-20 -7.70798142e-20
 -1.02772614e-19 -1.36885173e-19 -1.82128406e-19 -2.42070144e-19
 -3.21400862e-19 -4.26280154e-19 -5.64787995e-19 -7.47511824e-19
 -9.88309440e-19 -1.30529925e-18 -1.72214414e-18 -2.26971420e-18
 -2.98823755e-18 -3.93007945e-18 -5.16332911e-18 -6.77642369e-18
 -8.88410256e-18 -1.16350657e-17 -1.52218132e-17 -1.98932710e-17
 -2.59709764e-17 -3.38697993e-17 -4.41244429e-17 -5.74232957e-17
 -7.46516241e-17 -9.69466203e-17 -1.25767478e-16 -1.62984498e-16
 -2.10992255e-16 -2.72853164e-16 -3.52479400e-16 -4.54863150e-16
 -5.86367695e-16 -7.55094980e-16 -9.71349224e-16 -1.24822098e-15
 -1.60232212e-15 -2.05470956e-15 -2.63204508e-15 -3.36804955e-15
 -4.30532447e-15 -5.49763079e-15 -7.01273648e-15 -8.93597069e-15
 -1.13746546e-14 -1.44636188e-14 -1.83720655e-14 -2.33120930e-14
 -2.95492742e-14 -3.74157655e-14 -4.73265361e-14 -5.97994334e-14
 -7.54799644e-14 -9.51718631e-14 -1.19874752e-13 -1.50830490e-13
 -1.89580134e-13 -2.38033881e-13 -2.98556820e-13 -3.74073963e-13
 -4.68198732e-13 -5.85389937e-13 -7.31143356e-13 -9.12225254e-13
 -1.13695666e-12 -1.41555907e-12 -1.76057427e-12 -2.18737362e-12
 -2.71477510e-12 -3.36578996e-12 -4.16852520e-12 -5.15727297e-12
 -6.37382409e-12 -7.86904981e-12 -9.70480430e-12 -1.19562101e-11
 -1.47144000e-11 -1.80898034e-11 -2.22160785e-11 -2.72548141e-11
 -3.34011418e-11 -4.08904292e-11 -5.00062504e-11 -6.10898672e-11
 -7.45514916e-11 -9.08836500e-11 -1.10677018e-10 -1.34639164e-10
 -1.63616701e-10 -1.98621438e-10 -2.40861218e-10 -2.91776226e-10
 -3.53081688e-10 -4.26818025e-10 -5.15409686e-10 -6.21734072e-10
 -7.49202169e-10 -9.01852786e-10 -1.08446251e-09 -1.30267387e-09
 -1.56314450e-09 -1.87372055e-09 -2.24363796e-09 -2.68375586e-09
 -3.20682676e-09 -3.82780900e-09 -4.56422753e-09 -5.43658997e-09
 -6.46886577e-09 -7.68903729e-09 -9.12973267e-09 -1.08289518e-08
 -1.28308979e-08 -1.51869284e-08 -1.79566412e-08 -2.12091144e-08
 -2.50243168e-08 -2.94947141e-08 -3.47270922e-08 -4.08446253e-08
 -4.79892186e-08 -5.63241580e-08 -6.60371017e-08 -7.73434548e-08
 -9.04901686e-08 -1.05760013e-07 -1.23476371e-07 -1.44008620e-07
 -1.67778144e-07 -1.95265065e-07 -2.27015746e-07 -2.63651156e-07
 -3.05876170e-07 -3.54489908e-07 -4.10397186e-07 -4.74621208e-07
 -5.48317583e-07 -6.32789803e-07 -7.29506285e-07 -8.40119125e-07
 -9.66484673e-07 -1.11068610e-06 -1.27505809e-06 -1.46221378e-06
 -1.67507417e-06 -1.91690008e-06 -2.19132694e-06 -2.50240239e-06
 -2.85462708e-06 -3.25299866e-06 -3.70305919e-06 -4.21094618e-06
 -4.78344731e-06 -5.42805908e-06 -6.15304943e-06 -6.96752458e-06
 -7.88150003e-06 -8.90597602e-06 -1.00530173e-05 -1.13358373e-05
 -1.27688870e-05 -1.43679482e-05 -1.61502307e-05 -1.81344744e-05
 -2.03410555e-05 -2.27920959e-05 -2.55115773e-05 -2.85254580e-05
 -3.18617928e-05 -3.55508558e-05 -3.96252649e-05 -4.41201079e-05
 -4.90730693e-05 -5.45245570e-05 -6.05178289e-05 -6.70991165e-05
 -7.43177466e-05 -8.22262594e-05 -9.08805204e-05 -1.00339827e-04
 -1.10667005e-04 -1.21928502e-04 -1.34194462e-04 -1.47538790e-04
 -1.62039209e-04 -1.77777292e-04 -1.94838479e-04 -2.13312078e-04
 -2.33291245e-04 -2.54872928e-04 -2.78157807e-04 -3.03250186e-04
 -3.30257872e-04 -3.59292010e-04 -3.90466899e-04 -4.23899760e-04
 -4.59710478e-04 -4.98021304e-04 -5.38956519e-04 -5.82642055e-04
 -6.29205084e-04 -6.78773555e-04 -7.31475705e-04 -7.87439510e-04
 -8.46792118e-04 -9.09659217e-04 -9.76164388e-04 -1.04642840e-03
 -1.12056850e-03 -1.19869760e-03 -1.28092354e-03 -1.36734822e-03
 -1.45806679e-03 -1.55316673e-03 -1.65272701e-03 -1.75681718e-03
 -1.86549646e-03 -1.97881284e-03 -2.09680217e-03 -2.21948730e-03
 -2.34687719e-03 -2.47896607e-03 -2.61573260e-03 -2.75713915e-03
 -2.90313103e-03 -3.05363584e-03 -3.20856282e-03 -3.36780234e-03
 -3.53122542e-03 -3.69868335e-03 -3.87000737e-03 -4.04500850e-03
 -4.22347742e-03 -4.40518449e-03 -4.58987990e-03 -4.77729383e-03
 -4.96713694e-03 -5.15910073e-03 -5.35285827e-03 -5.54806486e-03
 -5.74435897e-03 -5.94136323e-03 -6.13868557e-03 -6.33592048e-03
 -6.53265041e-03 -6.72844732e-03 -6.92287426e-03 -7.11548716e-03
 -7.30583666e-03 -7.49347009e-03 -7.67793348e-03 -7.85877373e-03
 -8.03554077e-03 -8.20778985e-03 -8.37508386e-03 -8.53699568e-03
 -8.69311056e-03 -8.84302860e-03 -8.98636709e-03 -9.12276298e-03
 -9.25187526e-03 -9.37338739e-03 -9.48700960e-03 -9.59248118e-03
 -9.68957281e-03 -9.77808863e-03 -9.85786844e-03 -9.92878966e-03
 -9.99076933e-03 -1.00437659e-02 -1.00877810e-02 -1.01228612e-02
 -1.01490991e-02 -1.01666356e-02 -1.01756604e-02 -1.01764136e-02
 -1.01691868e-02 -1.01543242e-02 -1.01322232e-02 -1.01033358e-02
 -1.00681687e-02 -1.00272844e-02 -9.98130167e-03 -9.93089613e-03
 -9.87680070e-03 -9.81980607e-03 -9.76076113e-03 -9.70057336e-03
 -9.64020920e-03 -9.58069449e-03 -9.52311484e-03 -9.46861609e-03
 -9.41840475e-03 -9.37374855e-03 -9.33597699e-03 -9.30648202e-03
 -9.28671875e-03 -9.27820627e-03 -9.28252861e-03 -9.30133576e-03
 -9.33634484e-03 -9.38934144e-03 -9.46218106e-03 -9.55679076e-03
 -9.67517094e-03 -9.81939740e-03 -9.99162351e-03 -1.01940827e-02
 -1.04290911e-02 -1.06990506e-02 -1.10064522e-02 -1.13538792e-02
 -1.17440118e-02 -1.21796311e-02 -1.26636239e-02 -1.31989880e-02
 -1.37888382e-02 -1.44364122e-02 -1.51450783e-02 -1.59183424e-02
 -1.67598567e-02 -1.76734288e-02 -1.86630319e-02 -1.97328154e-02
 -2.08871170e-02 -2.21304755e-02 -2.34676446e-02 -2.49036081e-02
 -2.64435959e-02 -2.80931012e-02 -2.98578988e-02 -3.17440647e-02
 -3.37579963e-02 -3.59064344e-02 -3.81964849e-02 -4.06356425e-02
 -4.32318143e-02 -4.59933436e-02 -4.89290347e-02 -5.20481770e-02
 -5.53605682e-02 -5.88765378e-02 -6.26069684e-02 -6.65633152e-02
 -7.07576238e-02 -7.52025447e-02 -7.99113439e-02 -8.48979097e-02
 -9.01767547e-02 -9.57630111e-02 -1.01672420e-01 -1.07921315e-01
 -1.14526591e-01 -1.21505675e-01 -1.28876475e-01 -1.36657328e-01
 -1.44866930e-01 -1.53524255e-01 -1.62648463e-01 -1.72258795e-01
 -1.82374452e-01 -1.93014458e-01 -2.04197515e-01 -2.15941838e-01
 -2.28264978e-01 -2.41183631e-01 -2.54713436e-01 -2.68868757e-01
 -2.83662458e-01 -2.99105666e-01 -3.15207524e-01 -3.31974947e-01
 -3.49412361e-01 -3.67521450e-01 -3.86300903e-01 -4.05746158e-01
 -4.25849167e-01 -4.46598152e-01 -4.67977395e-01 -4.89967027e-01
 -5.12542853e-01 -5.35676187e-01 -5.59333726e-01 -5.83477448e-01
 -6.08064547e-01 -6.33047403e-01 -6.58373594e-01 -6.83985946e-01
 -7.09822634e-01 -7.35817326e-01 -7.61899366e-01 -7.87994021e-01
 -8.14022760e-01 -8.39903587e-01 -8.65551425e-01 -8.90878534e-01
 -9.15794979e-01 -9.40209133e-01 -9.64028218e-01 -9.87158878e-01
 -1.00950777e+00 -1.03098221e+00 -1.05149075e+00 -1.07094390e+00
 -1.08925473e+00 -1.10633951e+00 -1.12211838e+00 -1.13651596e+00
 -1.14946192e+00 -1.16089158e+00 -1.17074644e+00 -1.17897465e+00
 -1.18553147e+00 -1.19037964e+00 -1.19348975e+00 -1.19484044e+00
 -1.19441868e+00 -1.19221987e+00 -1.18824790e+00 -1.18251515e+00
 -1.17504245e+00 -1.16585890e+00 -1.15500166e+00 -1.14251571e+00
 -1.12845345e+00 -1.11287436e+00 -1.09584451e+00 -1.07743607e+00
 -1.05772676e+00 -1.03679927e+00 -1.01474062e+00 -9.91641572e-01
 -9.67595900e-01 -9.42699774e-01 -9.17051064e-01 -8.90748669e-01
 -8.63891854e-01 -8.36579607e-01 -8.08910005e-01 -7.80979622e-01
 -7.52882957e-01 -7.24711904e-01 -6.96555262e-01 -6.68498287e-01
 -6.40622293e-01 -6.13004298e-01 -5.85716721e-01 -5.58827132e-01
 -5.32398049e-01 -5.06486788e-01 -4.81145363e-01 -4.56420426e-01
 -4.32353265e-01 -4.08979837e-01 -3.86330844e-01 -3.64431844e-01
 -3.43303403e-01 -3.22961271e-01 -3.03416587e-01 -2.84676109e-01
 -2.66742462e-01 -2.49614403e-01 -2.33287098e-01 -2.17752406e-01
 -2.02999173e-01 -1.89013522e-01 -1.75779148e-01 -1.63277605e-01
 -1.51488591e-01 -1.40390220e-01 -1.29959288e-01 -1.20171528e-01
 -1.11001846e-01 -1.02424547e-01 -9.44135446e-02 -8.69425580e-02
 -7.99852859e-02 -7.35155698e-02 -6.75075383e-02 -6.19357365e-02
 -5.67752382e-02 -5.20017441e-02 -4.75916644e-02 -4.35221880e-02
 -3.97713381e-02 -3.63180161e-02 -3.31420335e-02 -3.02241338e-02
 -2.75460046e-02 -2.50902813e-02 -2.28405437e-02 -2.07813047e-02
 -1.88979944e-02 -1.71769385e-02 -1.56053330e-02 -1.41712148e-02
 -1.28634305e-02 -1.16716022e-02 -1.05860920e-02 -9.59796593e-03
 -8.69895695e-03 -7.88142764e-03 -7.13833350e-03 -6.46318653e-03
 -5.85001968e-03 -5.29335227e-03 -4.78815657e-03 -4.32982572e-03
 -3.91414305e-03 -3.53725288e-03 -3.19563286e-03 -2.88606788e-03
 -2.60562552e-03 -2.35163307e-03 -2.12165606e-03 -1.91347825e-03
 -1.72508309e-03 -1.55463652e-03 -1.40047108e-03 -1.26107129e-03
 -1.13506016e-03 -1.02118685e-03 -9.18315344e-04 -8.25414036e-04
 -7.41546305e-04 -6.65861848e-04 -5.97588799e-04 -5.36026555e-04
 -4.80539245e-04 -4.30549794e-04 -3.85534526e-04 -3.45018267e-04
 -3.08569891e-04 -2.75798284e-04 -2.46348681e-04 -2.19899331e-04
 -1.96158486e-04 -1.74861653e-04 -1.55769108e-04 -1.38663632e-04
 -1.23348464e-04 -1.09645428e-04 -9.73932381e-05 -8.64459604e-05
 -7.66716049e-05 -6.79508511e-05 -6.01758859e-05 -5.32493460e-05
 -4.70833543e-05 -4.15986431e-05 -3.67237553e-05 -3.23943166e-05
 -2.85523725e-05 -2.51457850e-05 -2.21276828e-05 -1.94559605e-05
 -1.70928233e-05 -1.50043720e-05 -1.31602265e-05 -1.15331821e-05
 -1.00988986e-05 -8.83561693e-06 -7.72390202e-06 -6.74641011e-06
 -5.88767722e-06 -5.13392782e-06 -4.47290156e-06 -3.89369654e-06
 -3.38662774e-06 -2.94309916e-06 -2.55548842e-06 -2.21704289e-06
 -1.92178601e-06 -1.66443316e-06 -1.44031592e-06 -1.24531420e-06
 -1.07579526e-06 -9.28559170e-07 -8.00789907e-07 -6.90011698e-07
 -5.94049994e-07 -5.10996656e-07 -4.39178934e-07 -3.77131833e-07
 -3.23573555e-07 -2.77383666e-07 -2.37583726e-07 -2.03320118e-07
 -1.73848844e-07 -1.48522066e-07 -1.26776227e-07 -1.08121552e-07
 -9.21328045e-08 -7.84411289e-08 -6.67268877e-08 -5.67133576e-08
 -4.81611979e-08 -4.08635981e-08 -3.46420282e-08 -2.93425179e-08
 -2.48324055e-08 -2.09974974e-08 -1.77395907e-08 -1.49743148e-08
 -1.26292517e-08 -1.06423016e-08 -8.96026350e-09 -7.53760323e-09
 -6.33538523e-09 -5.32034802e-09 -4.46410407e-09 -3.74244847e-09
 -3.13476215e-09 -2.62349718e-09 -2.19373342e-09 -1.83279689e-09
 -1.52993177e-09 -1.27601865e-09 -1.06333281e-09 -8.85337053e-10
 -7.36504315e-10 -6.12165966e-10 -5.08382151e-10 -4.21831140e-10
 -3.49714957e-10 -2.89678994e-10 -2.39743602e-10 -1.98245928e-10
 -1.63790516e-10 -1.35207397e-10 -1.11516564e-10 -9.18978880e-11
 -7.56656743e-11 -6.22471551e-11 -5.11643349e-11 -4.20186779e-11
 -3.44782058e-11 -2.82666380e-11 -2.31542586e-11 -1.89502449e-11
 -1.54962280e-11 -1.26608946e-11 -1.03354648e-11 -8.42990842e-12
 -6.86978150e-12 -5.59358466e-12 -4.55055881e-12 -3.69884788e-12
 -3.00396891e-12 -2.43753927e-12 -1.97621883e-12 -1.60083167e-12
 -1.29563755e-12 -1.04772814e-12 -8.46527197e-13 -6.83377138e-13
 -5.51197451e-13 -4.44202684e-13 -3.57669890e-13 -2.87747001e-13
 -2.31295113e-13 -1.85758771e-13 -1.49059420e-13 -1.19507937e-13
 -9.57329175e-14 -7.66219258e-14 -6.12734109e-14 -4.89573919e-14
 -3.90833439e-14 -3.11739891e-14 -2.48439283e-14 -1.97822360e-14
 -1.57382962e-14 -1.25102871e-14 -9.93582787e-15 -7.88438943e-15
 -6.25114105e-15 -4.95196714e-15 -3.91943470e-15 -3.09953351e-15
 -2.44904330e-15 -1.93340935e-15 -1.52503001e-15 -1.20187745e-15
 -9.46387967e-16 -7.44569866e-16 -5.85287065e-16 -4.59684246e-16
 -3.60726076e-16 -2.82828180e-16 -2.21561882e-16 -1.73418184e-16
 -1.35619284e-16 -1.05968182e-16 -8.27288039e-17 -6.45305297e-17
 -5.02922353e-17 -3.91619106e-17 -3.04687072e-17 -2.36848919e-17
 -1.83956870e-17 -1.42753853e-17 -1.10684521e-17 -8.57458613e-18
 -6.63692128e-18 -5.13271783e-18 -3.96602399e-18 -3.06189651e-18
 -2.36185321e-18 -1.82029813e-18 -1.40171385e-18 -1.07845848e-18
 -8.29038542e-19 -6.36756278e-19 -4.88651204e-19 -3.74672601e-19
 -2.87033192e-19 -2.19704793e-19 -1.68025101e-19 -1.28391426e-19
 -9.80223482e-20 -7.47724149e-20 -5.69881995e-20 -4.33965984e-20
 -3.30182206e-20 -2.51002973e-20 -1.90647577e-20 -1.44680812e-20
 -1.09702825e-20 -8.31097366e-21 -6.29090643e-21 -4.75775166e-21
 -3.59515432e-21 -2.71431676e-21 -2.04753221e-21 -1.54322120e-21
 -1.16212500e-21 -8.74389093e-22 -6.57330588e-22 -4.93730750e-22
 -3.70530306e-22 -2.77833440e-22 -2.08148134e-22 -1.55807282e-22
 -1.16527977e-22 -8.70762833e-23 -6.50124877e-23 -4.84976740e-23
 -3.61470000e-23 -2.69184985e-23 -2.00288784e-23 -1.48898269e-23
 -1.10598667e-23 -8.20800027e-24 -6.08628177e-24 -4.50914261e-24
 -3.33782152e-24 -2.46864973e-24 -1.82424457e-24 -1.34689541e-24
 -9.93600745e-25 -7.32347440e-25 -5.39323881e-25 -3.96834441e-25
 -2.91740208e-25 -2.14294213e-25 -1.57272149e-25 -1.15324193e-25
 -8.44921283e-26 -6.18499424e-26 -4.52365602e-26 -3.30572766e-26
 -2.41363610e-26 -1.76077449e-26 -1.28340258e-26 -9.34650625e-27
 -6.80084564e-27 -4.94428798e-27 -3.59146653e-27 -2.60655631e-27
 -1.89012107e-27 -1.36942850e-27 -9.91325598e-28 -7.17002227e-28
 -5.18145717e-28 -3.74119671e-28 -2.69895970e-28 -1.94540254e-28
 -1.40103757e-28 -1.00813179e-28 -7.24789779e-29 -5.20635809e-29
 -3.73665700e-29 -2.67953637e-29 -1.91983234e-29 -1.37433996e-29
 -9.82997169e-30 -7.02485857e-30 -5.01591452e-30 -3.57840830e-30
 -2.55068532e-30 -1.81656564e-30 -1.29262494e-30 -9.19012024e-31
 -6.52825452e-31 -4.63340419e-31 -3.28571976e-31 -2.32802734e-31
 -1.64805938e-31 -1.16569480e-31 -8.23804365e-32 -5.81688584e-32
 -4.10378138e-32 -2.89271146e-32 -2.03729181e-32 -1.43360196e-32
 -1.00793182e-32 -7.08045151e-33 -4.96956038e-33 -3.48499544e-33
 -2.44182019e-33 -1.70943413e-33 -1.19568914e-33 -8.35624999e-34
 -5.83487808e-34 -4.07079631e-34 -2.83761964e-34 -1.97631522e-34
 -1.37526209e-34 -9.56185060e-35 -6.64240970e-35 -4.61037857e-35
 -3.19723634e-35 -2.21533861e-35 -1.53367281e-35 -1.06084649e-35
 -7.33161398e-36 -5.06260289e-36 -3.49281319e-36 -2.40770946e-36
 -1.65828825e-36 -1.14115120e-36 -7.84609534e-37 -5.39003017e-37
 -3.69961077e-37 -2.53716142e-37 -1.73847074e-37 -1.19018342e-37
 -8.14118513e-38 -5.56401880e-38 -3.79941533e-38 -2.59222191e-38
 -1.76707429e-38 -1.20355145e-38 -8.19033637e-39 -5.56885667e-39
 -3.78318488e-39 -2.56788940e-39 -1.74149522e-39 -1.18003662e-39
 -7.98906409e-40 -5.40410215e-40 -3.65240071e-40 -2.46638296e-40
 -1.66406324e-40 -1.12177657e-40 -7.55562040e-41 -5.08465064e-41
 -3.41884436e-41 -2.29680839e-41 -1.54169131e-41 -1.03394469e-41
 -6.92826379e-42 -4.63851265e-42 -3.10284657e-42 -2.07381055e-42
 -1.38485748e-42 -9.23992206e-43 -6.15968861e-43 -4.10276302e-43
 -2.73036891e-43 -1.81548829e-43 -1.20612633e-43 -8.00606970e-44
 -5.30973883e-44 -3.51847263e-44 -2.32949841e-44 -1.54098312e-44]
symrep = 0 - 0.91*np.exp(-(x-1.1761199999999998)**2/(2*0.9666666666666667**2))- 0.3*np.exp(-(x-0.7036199999999999)**2/(2*1.366666666666667**2))- 0.01*np.exp(-(x--4.606739999999999)**2/(2*1.2333333333333334**2))
    