energies = {0: [-0.515331289794792], 1: [-0.13203418615157841], 2: []}
wfns = {0: [array([ 0.00000000e+00,  4.11218209e-09,  8.23115993e-09,  1.23637405e-08,
        1.65167533e-08,  2.06970615e-08,  2.49115735e-08,  2.91672541e-08,
        3.34711363e-08,  3.78303326e-08,  4.22520469e-08,  4.67435865e-08,
        5.13123742e-08,  5.59659602e-08,  6.07120351e-08,  6.55584421e-08,
        7.05131904e-08,  7.55844681e-08,  8.07806560e-08,  8.61103413e-08,
        9.15823317e-08,  9.72056703e-08,  1.02989650e-07,  1.08943830e-07,
        1.15078049e-07,  1.21402445e-07,  1.27927469e-07,  1.34663905e-07,
        1.41622886e-07,  1.48815911e-07,  1.56254868e-07,  1.63952051e-07,
        1.71920179e-07,  1.80172421e-07,  1.88722414e-07,  1.97584288e-07,
        2.06772688e-07,  2.16302798e-07,  2.26190369e-07,  2.36451739e-07,
        2.47103868e-07,  2.58164358e-07,  2.69651489e-07,  2.81584242e-07,
        2.93982340e-07,  3.06866270e-07,  3.20257324e-07,  3.34177632e-07,
        3.48650200e-07,  3.63698943e-07,  3.79348732e-07,  3.95625429e-07,
        4.12555933e-07,  4.30168223e-07,  4.48491406e-07,  4.67555761e-07,
        4.87392794e-07,  5.08035288e-07,  5.29517357e-07,  5.51874501e-07,
        5.75143668e-07,  5.99363311e-07,  6.24573458e-07,  6.50815768e-07,
        6.78133611e-07,  7.06572131e-07,  7.36178325e-07,  7.67001121e-07,
        7.99091456e-07,  8.32502362e-07,  8.67289054e-07,  9.03509020e-07,
        9.41222116e-07,  9.80490667e-07,  1.02137957e-06,  1.06395639e-06,
        1.10829150e-06,  1.15445816e-06,  1.20253267e-06,  1.25259447e-06,
        1.30472630e-06,  1.35901430e-06,  1.41554820e-06,  1.47442143e-06,
        1.53573126e-06,  1.59957904e-06,  1.66607026e-06,  1.73531482e-06,
        1.80742714e-06,  1.88252639e-06,  1.96073670e-06,  2.04218730e-06,
        2.12701279e-06,  2.21535337e-06,  2.30735503e-06,  2.40316979e-06,
        2.50295602e-06,  2.60687860e-06,  2.71510929e-06,  2.82782694e-06,
        2.94521783e-06,  3.06747597e-06,  3.19480338e-06,  3.32741050e-06,
        3.46551647e-06,  3.60934951e-06,  3.75914734e-06,  3.91515749e-06,
        4.07763780e-06,  4.24685678e-06,  4.42309407e-06,  4.60664093e-06,
        4.79780067e-06,  4.99688922e-06,  5.20423559e-06,  5.42018242e-06,
        5.64508660e-06,  5.87931979e-06,  6.12326910e-06,  6.37733766e-06,
        6.64194535e-06,  6.91752946e-06,  7.20454542e-06,  7.50346754e-06,
        7.81478982e-06,  8.13902675e-06,  8.47671416e-06,  8.82841011e-06,
        9.19469581e-06,  9.57617658e-06,  9.97348285e-06,  1.03872712e-05,
        1.08182255e-05,  1.12670578e-05,  1.17345100e-05,  1.22213546e-05,
        1.27283960e-05,  1.32564723e-05,  1.38064561e-05,  1.43792563e-05,
        1.49758195e-05,  1.55971317e-05,  1.62442195e-05,  1.69181523e-05,
        1.76200440e-05,  1.83510544e-05,  1.91123915e-05,  1.99053136e-05,
        2.07311311e-05,  2.15912086e-05,  2.24869676e-05,  2.34198883e-05,
        2.43915125e-05,  2.54034459e-05,  2.64573608e-05,  2.75549988e-05,
        2.86981741e-05,  2.98887756e-05,  3.11287711e-05,  3.24202097e-05,
        3.37652256e-05,  3.51660416e-05,  3.66249727e-05,  3.81444299e-05,
        3.97269242e-05,  4.13750709e-05,  4.30915936e-05,  4.48793291e-05,
        4.67412318e-05,  4.86803786e-05,  5.06999741e-05,  5.28033560e-05,
        5.49940002e-05,  5.72755269e-05,  5.96517067e-05,  6.21264663e-05,
        6.47038956e-05,  6.73882539e-05,  7.01839774e-05,  7.30956863e-05,
        7.61281925e-05,  7.92865074e-05,  8.25758505e-05,  8.60016576e-05,
        8.95695903e-05,  9.32855449e-05,  9.71556623e-05,  1.01186338e-04,
        1.05384234e-04,  1.09756286e-04,  1.14309721e-04,  1.19052063e-04,
        1.23991149e-04,  1.29135142e-04,  1.34492543e-04,  1.40072205e-04,
        1.45883348e-04,  1.51935577e-04,  1.58238894e-04,  1.64803714e-04,
        1.71640888e-04,  1.78761714e-04,  1.86177960e-04,  1.93901881e-04,
        2.01946244e-04,  2.10324340e-04,  2.19050017e-04,  2.28137694e-04,
        2.37602389e-04,  2.47459744e-04,  2.57726048e-04,  2.68418268e-04,
        2.79554073e-04,  2.91151867e-04,  3.03230816e-04,  3.15810881e-04,
        3.28912853e-04,  3.42558383e-04,  3.56770021e-04,  3.71571255e-04,
        3.86986543e-04,  4.03041362e-04,  4.19762244e-04,  4.37176821e-04,
        4.55313872e-04,  4.74203370e-04,  4.93876533e-04,  5.14365871e-04,
        5.35705246e-04,  5.57929922e-04,  5.81076628e-04,  6.05183616e-04,
        6.30290725e-04,  6.56439447e-04,  6.83672994e-04,  7.12036373e-04,
        7.41576456e-04,  7.72342062e-04,  8.04384034e-04,  8.37755323e-04,
        8.72511078e-04,  9.08708738e-04,  9.46408121e-04,  9.85671529e-04,
        1.02656385e-03,  1.06915266e-03,  1.11350834e-03,  1.15970420e-03,
        1.20781657e-03,  1.25792497e-03,  1.31011220e-03,  1.36446451e-03,
        1.42107173e-03,  1.48002739e-03,  1.54142894e-03,  1.60537783e-03,
        1.67197976e-03,  1.74134478e-03,  1.81358754e-03,  1.88882741e-03,
        1.96718875e-03,  2.04880104e-03,  2.13379916e-03,  2.22232358e-03,
        2.31452058e-03,  2.41054255e-03,  2.51054815e-03,  2.61470267e-03,
        2.72317821e-03,  2.83615406e-03,  2.95381691e-03,  3.07636120e-03,
        3.20398947e-03,  3.33691262e-03,  3.47535032e-03,  3.61953135e-03,
        3.76969398e-03,  3.92608638e-03,  4.08896699e-03,  4.25860499e-03,
        4.43528072e-03,  4.61928615e-03,  4.81092537e-03,  5.01051509e-03,
        5.21838513e-03,  5.43487903e-03,  5.66035457e-03,  5.89518435e-03,
        6.13975645e-03,  6.39447507e-03,  6.65976113e-03,  6.93605305e-03,
        7.22380743e-03,  7.52349981e-03,  7.83562545e-03,  8.16070018e-03,
        8.49926120e-03,  8.85186801e-03,  9.21910334e-03,  9.60157407e-03,
        9.99991227e-03,  1.04147762e-02,  1.08468515e-02,  1.12968521e-02,
        1.17655218e-02,  1.22536350e-02,  1.27619983e-02,  1.32914518e-02,
        1.38428703e-02,  1.44171650e-02,  1.50152847e-02,  1.56382177e-02,
        1.62869928e-02,  1.69626816e-02,  1.76664000e-02,  1.83993094e-02,
        1.91626193e-02,  1.99575885e-02,  2.07855271e-02,  2.16477982e-02,
        2.25458199e-02,  2.34810663e-02,  2.44550697e-02,  2.54694217e-02,
        2.65257738e-02,  2.76258387e-02,  2.87713900e-02,  2.99642619e-02,
        3.12063477e-02,  3.24995975e-02,  3.38460149e-02,  3.52476509e-02,
        3.67065976e-02,  3.82249781e-02,  3.98049345e-02,  4.14486128e-02,
        4.31581432e-02,  4.49356174e-02,  4.67830604e-02,  4.87023972e-02,
        5.06954139e-02,  5.27637127e-02,  5.49086603e-02,  5.71313297e-02,
        5.94324354e-02,  6.18122624e-02,  6.42705889e-02,  6.68066046e-02,
        6.94188251e-02,  7.21050040e-02,  7.48620455e-02,  7.76859200e-02,
        8.05715845e-02,  8.35129131e-02,  8.65026401e-02,  8.95323196e-02,
        9.25923065e-02,  9.56717613e-02,  9.87586838e-02,  1.01839977e-01,
        1.04901543e-01,  1.07928416e-01,  1.10904923e-01,  1.13814880e-01,
        1.16641819e-01,  1.19369225e-01,  1.21980808e-01,  1.24460770e-01,
        1.26794076e-01,  1.28966716e-01,  1.30965954e-01,  1.32780539e-01,
        1.34400891e-01,  1.35819238e-01,  1.37029712e-01,  1.38028389e-01,
        1.38813287e-01,  1.39384306e-01,  1.39743133e-01,  1.39893097e-01,
        1.39839002e-01,  1.39586929e-01,  1.39144025e-01,  1.38518289e-01,
        1.37718351e-01,  1.36753272e-01,  1.35632352e-01,  1.34364966e-01,
        1.32960421e-01,  1.31427841e-01,  1.29776086e-01,  1.28013695e-01,
        1.26148851e-01,  1.24189382e-01,  1.22142765e-01,  1.20016162e-01,
        1.17816453e-01,  1.15550288e-01,  1.13224132e-01,  1.10844312e-01,
        1.08417065e-01,  1.05948569e-01,  1.03444973e-01,  1.00912411e-01,
        9.83570111e-02,  9.57848905e-02,  9.32021385e-02,  9.06147948e-02,
        8.80288191e-02,  8.54500546e-02,  8.28841887e-02,  8.03367120e-02,
        7.78128777e-02,  7.53176626e-02,  7.28557320e-02,  7.04314091e-02,
        6.80486498e-02,  6.57110235e-02,  6.34217009e-02,  6.11834477e-02,
        5.89986247e-02,  5.68691937e-02,  5.47967286e-02,  5.27824316e-02,
        5.08271521e-02,  4.89314100e-02,  4.70954201e-02,  4.53191190e-02,
        4.36021922e-02,  4.19441015e-02,  4.03441123e-02,  3.88013201e-02,
        3.73146756e-02,  3.58830083e-02,  3.45050491e-02,  3.31794499e-02,
        3.19048027e-02,  3.06796556e-02,  2.95025276e-02,  2.83719214e-02,
        2.72863346e-02,  2.62442690e-02,  2.52442384e-02,  2.42847755e-02,
        2.33644372e-02,  2.24818088e-02,  2.16355072e-02,  2.08241837e-02,
        2.00465255e-02,  1.93012570e-02,  1.85871402e-02,  1.79029752e-02,
        1.72475999e-02,  1.66198895e-02,  1.60187558e-02,  1.54431469e-02,
        1.48920453e-02,  1.43644678e-02,  1.38594639e-02,  1.33761144e-02,
        1.29135310e-02,  1.24708545e-02,  1.20472538e-02,  1.16419251e-02,
        1.12540905e-02,  1.08829970e-02,  1.05279157e-02,  1.01881408e-02,
        9.86298883e-03,  9.55179762e-03,  9.25392581e-03,  8.96875206e-03,
        8.69567450e-03,  8.43411012e-03,  8.18349435e-03,  7.94328059e-03,
        7.71293985e-03,  7.49196047e-03,  7.27984780e-03,  7.07612409e-03,
        6.88032822e-03,  6.69201567e-03,  6.51075841e-03,  6.33614487e-03,
        6.16777989e-03,  6.00528481e-03,  5.84829744e-03,  5.69647210e-03,
        5.54947972e-03,  5.40700784e-03,  5.26876067e-03,  5.13445911e-03,
        5.00384074e-03,  4.87665980e-03,  4.75268710e-03,  4.63170997e-03,
        4.51353201e-03,  4.39797295e-03,  4.28486836e-03,  4.17406932e-03,
        4.06544201e-03,  3.95886726e-03,  3.85424007e-03,  3.75146895e-03,
        3.65047536e-03,  3.55119297e-03,  3.45356690e-03,  3.35755295e-03,
        3.26311681e-03,  3.17023310e-03,  3.07888459e-03,  2.98906127e-03,
        2.90075943e-03,  2.81398080e-03,  2.72873166e-03,  2.64502202e-03,
        2.56286472e-03,  2.48227471e-03,  2.40326831e-03,  2.32586247e-03,
        2.25007418e-03,  2.17591986e-03,  2.10341488e-03,  2.03257307e-03,
        1.96340636e-03,  1.89592442e-03,  1.83013443e-03,  1.76604085e-03,
        1.70364530e-03,  1.64294642e-03,  1.58393986e-03,  1.52661826e-03,
        1.47097132e-03,  1.41698583e-03,  1.36464581e-03,  1.31393263e-03,
        1.26482520e-03,  1.21730007e-03,  1.17133169e-03,  1.12689257e-03,
        1.08395347e-03,  1.04248364e-03,  1.00245100e-03,  9.63822329e-04,
        9.26563479e-04,  8.90639560e-04,  8.56015109e-04,  8.22654267e-04,
        7.90520934e-04,  7.59578919e-04,  7.29792069e-04,  7.01124400e-04,
        6.73540204e-04,  6.47004151e-04,  6.21481376e-04,  5.96937560e-04,
        5.73338994e-04,  5.50652637e-04,  5.28846167e-04,  5.07888019e-04,
        4.87747415e-04,  4.68394393e-04,  4.49799823e-04,  4.31935415e-04,
        4.14773734e-04,  3.98288195e-04,  3.82453065e-04,  3.67243456e-04,
        3.52635314e-04,  3.38605413e-04,  3.25131334e-04,  3.12191457e-04,
        2.99764936e-04,  2.87831688e-04,  2.76372367e-04,  2.65368348e-04,
        2.54801706e-04,  2.44655192e-04,  2.34912214e-04,  2.25556819e-04,
        2.16573663e-04,  2.07948000e-04,  1.99665655e-04,  1.91713006e-04,
        1.84076963e-04,  1.76744949e-04,  1.69704884e-04,  1.62945161e-04,
        1.56454631e-04,  1.50222586e-04,  1.44238742e-04,  1.38493222e-04,
        1.32976540e-04,  1.27679586e-04,  1.22593613e-04,  1.17710220e-04,
        1.13021340e-04,  1.08519229e-04,  1.04196447e-04,  1.00045853e-04,
        9.60605897e-05,  9.22340712e-05,  8.85599750e-05,  8.50322300e-05,
        8.16450068e-05,  7.83927081e-05,  7.52699595e-05,  7.22716006e-05,
        6.93926764e-05,  6.66284296e-05,  6.39742919e-05,  6.14258773e-05,
        5.89789744e-05,  5.66295394e-05,  5.43736898e-05,  5.22076975e-05,
        5.01279832e-05,  4.81311098e-05,  4.62137775e-05,  4.43728176e-05,
        4.26051878e-05,  4.09079669e-05,  3.92783501e-05,  3.77136443e-05,
        3.62112638e-05,  3.47687257e-05,  3.33836460e-05,  3.20537358e-05,
        3.07767974e-05,  2.95507204e-05,  2.83734786e-05,  2.72431266e-05,
        2.61577963e-05,  2.51156942e-05,  2.41150980e-05,  2.31543542e-05,
        2.22318751e-05,  2.13461362e-05,  2.04956737e-05,  1.96790822e-05,
        1.88950121e-05,  1.81421677e-05,  1.74193050e-05,  1.67252292e-05,
        1.60587934e-05,  1.54188962e-05,  1.48044801e-05,  1.42145297e-05,
        1.36480702e-05,  1.31041653e-05,  1.25819163e-05,  1.20804600e-05,
        1.15989678e-05,  1.11366439e-05,  1.06927243e-05,  1.02664755e-05,
        9.85719288e-06,  9.46420020e-06,  9.08684797e-06,  8.72451258e-06,
        8.37659524e-06,  8.04252099e-06,  7.72173773e-06,  7.41371534e-06,
        7.11794479e-06,  6.83393729e-06,  6.56122349e-06,  6.29935271e-06,
        6.04789218e-06,  5.80642634e-06,  5.57455615e-06,  5.35189842e-06,
        5.13808519e-06,  4.93276311e-06,  4.73559286e-06,  4.54624862e-06,
        4.36441746e-06,  4.18979890e-06,  4.02210436e-06,  3.86105671e-06,
        3.70638981e-06,  3.55784806e-06,  3.41518597e-06,  3.27816779e-06,
        3.14656708e-06,  3.02016635e-06,  2.89875672e-06,  2.78213756e-06,
        2.67011612e-06,  2.56250730e-06,  2.45913325e-06,  2.35982315e-06,
        2.26441286e-06,  2.17274472e-06,  2.08466725e-06,  2.00003487e-06,
        1.91870773e-06,  1.84055143e-06,  1.76543681e-06,  1.69323973e-06,
        1.62384089e-06,  1.55712559e-06,  1.49298358e-06,  1.43130886e-06,
        1.37199951e-06,  1.31495752e-06,  1.26008861e-06,  1.20730211e-06,
        1.15651079e-06,  1.10763070e-06,  1.06058108e-06,  1.01528416e-06,
        9.71665096e-07,  9.29651793e-07,  8.89174825e-07,  8.50167298e-07,
        8.12564750e-07,  7.76305039e-07,  7.41328243e-07,  7.07576558e-07,
        6.74994209e-07,  6.43527348e-07,  6.13123975e-07,  5.83733845e-07,
        5.55308388e-07,  5.27800628e-07,  5.01165107e-07,  4.75357807e-07,
        4.50336079e-07,  4.26058572e-07,  4.02485165e-07,  3.79576902e-07,
        3.57295924e-07,  3.35605409e-07,  3.14469514e-07,  2.93853307e-07,
        2.73722720e-07,  2.54044485e-07,  2.34786081e-07,  2.15915682e-07,
        1.97402104e-07,  1.79214751e-07,  1.61323566e-07,  1.43698983e-07,
        1.26311876e-07,  1.09133510e-07,  9.21354978e-08,  7.52897476e-08,
        5.85684206e-08,  4.19438832e-08,  2.53886618e-08,  8.87539758e-09,
       -7.62319929e-09, -2.41343942e-08, -4.06854733e-08, -5.73037889e-08,
       -7.40168043e-08, -9.08521391e-08, -1.07837615e-07, -1.25001303e-07,
       -1.42371567e-07, -1.59977112e-07, -1.77847034e-07, -1.96010865e-07,
       -2.14498621e-07, -2.33340856e-07, -2.52568708e-07, -2.72213953e-07,
       -2.92309055e-07, -3.12887225e-07, -3.33982470e-07, -3.55629651e-07,
       -3.77864542e-07, -4.00723888e-07, -4.24245468e-07, -4.48468151e-07,
       -4.73431969e-07, -4.99178176e-07, -5.25749320e-07, -5.53189312e-07,
       -5.81543501e-07, -6.10858742e-07, -6.41183483e-07, -6.72567838e-07,
       -7.05063673e-07, -7.38724689e-07, -7.73606515e-07, -8.09766795e-07,
       -8.47265289e-07, -8.86163966e-07, -9.26527109e-07, -9.68421422e-07,
       -1.01191614e-06, -1.05708314e-06, -1.10399707e-06, -1.15273545e-06,
       -1.20337883e-06, -1.25601090e-06, -1.31071865e-06, -1.36759248e-06,
       -1.42672638e-06, -1.48821807e-06, -1.55216918e-06, -1.61868539e-06,
       -1.68787662e-06, -1.75985723e-06, -1.83474615e-06, -1.91266717e-06,
       -1.99374903e-06, -2.07812575e-06, -2.16593676e-06, -2.25732718e-06,
       -2.35244804e-06, -2.45145653e-06, -2.55451627e-06, -2.66179758e-06,
       -2.77347776e-06, -2.88974136e-06, -3.01078052e-06, -3.13679527e-06,
       -3.26799385e-06, -3.40459309e-06, -3.54681874e-06, -3.69490582e-06,
       -3.84909907e-06, -4.00965330e-06, -4.17683385e-06, -4.35091700e-06,
       -4.53219043e-06, -4.72095372e-06, -4.91751881e-06, -5.12221055e-06,
       -5.33536721e-06, -5.55734105e-06, -5.78849889e-06, -6.02922276e-06,
       -6.27991046e-06, -6.54097629e-06, -6.81285167e-06, -7.09598591e-06,
       -7.39084691e-06, -7.69792195e-06, -8.01771851e-06, -8.35076508e-06,
       -8.69761204e-06, -9.05883260e-06, -9.43502370e-06, -9.82680703e-06,
       -1.02348301e-05, -1.06597671e-05, -1.11023203e-05, -1.15632211e-05,
       -1.20432312e-05, -1.25431439e-05, -1.30637852e-05, -1.36060156e-05,
       -1.41707312e-05, -1.47588652e-05, -1.53713896e-05, -1.60093166e-05,
       -1.66737004e-05, -1.73656391e-05, -1.80862760e-05, -1.88368021e-05,
       -1.96184578e-05, -2.04325348e-05, -2.12803783e-05, -2.21633897e-05,
       -2.30830280e-05, -2.40408132e-05, -2.50383279e-05, -2.60772208e-05,
       -2.71592086e-05, -2.82860796e-05, -2.94596958e-05, -3.06819968e-05,
       -3.19550026e-05, -3.32808170e-05, -3.46616309e-05, -3.60997264e-05,
       -3.75974799e-05, -3.91573666e-05, -4.07819645e-05, -4.24739582e-05,
       -4.42361441e-05, -4.60714341e-05, -4.79828614e-05, -4.99735847e-05,
       -5.20468940e-05, -5.42062154e-05, -5.64551175e-05, -5.87973168e-05,
       -6.12366840e-05, -6.37772504e-05, -6.64232145e-05, -6.91789490e-05,
       -7.20490080e-05, -7.50381345e-05, -7.81512683e-05, -8.13935542e-05,
       -8.47703504e-05, -8.82872372e-05, -9.19500267e-05, -9.57647720e-05,
       -9.97377772e-05, -1.03875608e-04, -1.08185103e-04, -1.12673384e-04,
       -1.17347867e-04, -1.22216279e-04, -1.27286664e-04, -1.32567401e-04,
       -1.38067219e-04, -1.43795205e-04, -1.49760826e-04, -1.55973940e-04,
       -1.62444815e-04, -1.69184145e-04, -1.76203067e-04, -1.83513181e-04,
       -1.91126566e-04, -1.99055806e-04, -2.07314004e-04, -2.15914807e-04,
       -2.24872428e-04, -2.34201672e-04, -2.43917955e-04, -2.54037335e-04,
       -2.64576535e-04, -2.75552971e-04, -2.86984784e-04, -2.98890865e-04,
       -3.11290890e-04, -3.24205352e-04, -3.37655592e-04, -3.51663839e-04,
       -3.66253242e-04, -3.81447913e-04, -3.97272960e-04, -4.13754537e-04,
       -4.30919881e-04, -4.48797359e-04, -4.67416516e-04, -4.86808121e-04,
       -5.07004220e-04, -5.28038190e-04, -5.49944791e-04, -5.72760225e-04,
       -5.96522198e-04, -6.21269978e-04, -6.47044463e-04, -6.73888248e-04,
       -7.01845694e-04, -7.30963004e-04, -7.61288296e-04, -7.92871687e-04,
       -8.25765370e-04, -8.60023705e-04, -8.95703307e-04, -9.32863141e-04,
       -9.71564615e-04, -1.01187169e-03, -1.05385097e-03, -1.09757184e-03,
       -1.14310654e-03, -1.19053033e-03, -1.23992159e-03, -1.29136192e-03,
       -1.34493635e-03, -1.40073340e-03, -1.45884530e-03, -1.51936807e-03,
       -1.58240173e-03, -1.64805046e-03, -1.71642273e-03, -1.78763156e-03,
       -1.86179460e-03, -1.93903443e-03, -2.01947870e-03, -2.10326033e-03,
       -2.19051779e-03, -2.28139528e-03, -2.37604299e-03, -2.47461732e-03,
       -2.57728118e-03, -2.68420423e-03, -2.79556317e-03, -2.91154203e-03,
       -3.03233249e-03, -3.15813414e-03, -3.28915490e-03, -3.42561129e-03,
       -3.56772881e-03, -3.71574233e-03, -3.86989644e-03, -4.03044592e-03,
       -4.19765607e-03, -4.37180322e-03, -4.55317518e-03, -4.74207168e-03])], 1: [array([ 0.00000000e+00,  5.97052987e-07,  1.19435875e-06,  1.79217017e-06,
        2.39074034e-06,  2.99032268e-06,  3.59117103e-06,  4.19353978e-06,
        4.79768396e-06,  5.40385933e-06,  6.01232253e-06,  6.62333118e-06,
        7.23714395e-06,  7.85402072e-06,  8.47422264e-06,  9.09801231e-06,
        9.72565380e-06,  1.03574129e-05,  1.09935569e-05,  1.16343554e-05,
        1.22800794e-05,  1.29310025e-05,  1.35874002e-05,  1.42495504e-05,
        1.49177335e-05,  1.55922322e-05,  1.62733323e-05,  1.69613220e-05,
        1.76564927e-05,  1.83591386e-05,  1.90695572e-05,  1.97880493e-05,
        2.05149190e-05,  2.12504742e-05,  2.19950262e-05,  2.27488903e-05,
        2.35123856e-05,  2.42858353e-05,  2.50695670e-05,  2.58639123e-05,
        2.66692077e-05,  2.74857940e-05,  2.83140170e-05,  2.91542274e-05,
        3.00067807e-05,  3.08720381e-05,  3.17503658e-05,  3.26421357e-05,
        3.35477252e-05,  3.44675179e-05,  3.54019032e-05,  3.63512765e-05,
        3.73160399e-05,  3.82966019e-05,  3.92933775e-05,  4.03067887e-05,
        4.13372647e-05,  4.23852416e-05,  4.34511632e-05,  4.45354808e-05,
        4.56386534e-05,  4.67611480e-05,  4.79034399e-05,  4.90660128e-05,
        5.02493587e-05,  5.14539788e-05,  5.26803829e-05,  5.39290904e-05,
        5.52006299e-05,  5.64955397e-05,  5.78143680e-05,  5.91576733e-05,
        6.05260242e-05,  6.19200000e-05,  6.33401909e-05,  6.47871982e-05,
        6.62616345e-05,  6.77641240e-05,  6.92953029e-05,  7.08558194e-05,
        7.24463341e-05,  7.40675205e-05,  7.57200649e-05,  7.74046669e-05,
        7.91220398e-05,  8.08729107e-05,  8.26580208e-05,  8.44781258e-05,
        8.63339964e-05,  8.82264183e-05,  9.01561926e-05,  9.21241365e-05,
        9.41310830e-05,  9.61778818e-05,  9.82653995e-05,  1.00394520e-04,
        1.02566144e-04,  1.04781192e-04,  1.07040602e-04,  1.09345329e-04,
        1.11696349e-04,  1.14094659e-04,  1.16541273e-04,  1.19037227e-04,
        1.21583578e-04,  1.24181404e-04,  1.26831805e-04,  1.29535902e-04,
        1.32294842e-04,  1.35109791e-04,  1.37981941e-04,  1.40912509e-04,
        1.43902735e-04,  1.46953886e-04,  1.50067252e-04,  1.53244152e-04,
        1.56485932e-04,  1.59793963e-04,  1.63169646e-04,  1.66614410e-04,
        1.70129714e-04,  1.73717046e-04,  1.77377925e-04,  1.81113900e-04,
        1.84926554e-04,  1.88817500e-04,  1.92788385e-04,  1.96840892e-04,
        2.00976735e-04,  2.05197666e-04,  2.09505472e-04,  2.13901976e-04,
        2.18389040e-04,  2.22968564e-04,  2.27642485e-04,  2.32412784e-04,
        2.37281480e-04,  2.42250634e-04,  2.47322349e-04,  2.52498774e-04,
        2.57782099e-04,  2.63174561e-04,  2.68678444e-04,  2.74296077e-04,
        2.80029839e-04,  2.85882158e-04,  2.91855511e-04,  2.97952427e-04,
        3.04175487e-04,  3.10527326e-04,  3.17010633e-04,  3.23628153e-04,
        3.30382688e-04,  3.37277097e-04,  3.44314300e-04,  3.51497275e-04,
        3.58829063e-04,  3.66312770e-04,  3.73951562e-04,  3.81748674e-04,
        3.89707408e-04,  3.97831132e-04,  4.06123287e-04,  4.14587381e-04,
        4.23227001e-04,  4.32045801e-04,  4.41047518e-04,  4.50235961e-04,
        4.59615021e-04,  4.69188668e-04,  4.78960956e-04,  4.88936022e-04,
        4.99118089e-04,  5.09511468e-04,  5.20120559e-04,  5.30949854e-04,
        5.42003937e-04,  5.53287489e-04,  5.64805287e-04,  5.76562206e-04,
        5.88563226e-04,  6.00813425e-04,  6.13317991e-04,  6.26082219e-04,
        6.39111510e-04,  6.52411383e-04,  6.65987468e-04,  6.79845512e-04,
        6.93991383e-04,  7.08431070e-04,  7.23170685e-04,  7.38216470e-04,
        7.53574794e-04,  7.69252159e-04,  7.85255203e-04,  8.01590701e-04,
        8.18265569e-04,  8.35286866e-04,  8.52661799e-04,  8.70397725e-04,
        8.88502151e-04,  9.06982743e-04,  9.25847325e-04,  9.45103883e-04,
        9.64760570e-04,  9.84825709e-04,  1.00530779e-03,  1.02621550e-03,
        1.04755767e-03,  1.06934335e-03,  1.09158175e-03,  1.11428230e-03,
        1.13745461e-03,  1.16110848e-03,  1.18525392e-03,  1.20990117e-03,
        1.23506066e-03,  1.26074303e-03,  1.28695917e-03,  1.31372017e-03,
        1.34103736e-03,  1.36892230e-03,  1.39738680e-03,  1.42644292e-03,
        1.45610295e-03,  1.48637946e-03,  1.51728525e-03,  1.54883341e-03,
        1.58103731e-03,  1.61391057e-03,  1.64746712e-03,  1.68172115e-03,
        1.71668717e-03,  1.75237999e-03,  1.78881472e-03,  1.82600677e-03,
        1.86397191e-03,  1.90272619e-03,  1.94228604e-03,  1.98266819e-03,
        2.02388974e-03,  2.06596815e-03,  2.10892123e-03,  2.15276717e-03,
        2.19752452e-03,  2.24321224e-03,  2.28984967e-03,  2.33745656e-03,
        2.38605306e-03,  2.43565974e-03,  2.48629760e-03,  2.53798810e-03,
        2.59075310e-03,  2.64461495e-03,  2.69959646e-03,  2.75572089e-03,
        2.81301202e-03,  2.87149409e-03,  2.93119186e-03,  2.99213062e-03,
        3.05433616e-03,  3.11783482e-03,  3.18265347e-03,  3.24881957e-03,
        3.31636112e-03,  3.38530672e-03,  3.45568556e-03,  3.52752744e-03,
        3.60086276e-03,  3.67572259e-03,  3.75213861e-03,  3.83014318e-03,
        3.90976931e-03,  3.99105073e-03,  4.07402184e-03,  4.15871777e-03,
        4.24517438e-03,  4.33342828e-03,  4.42351681e-03,  4.51547814e-03,
        4.60935119e-03,  4.70517570e-03,  4.80299224e-03,  4.90284223e-03,
        5.00476794e-03,  5.10881252e-03,  5.21502002e-03,  5.32343541e-03,
        5.43410459e-03,  5.54707440e-03,  5.66239268e-03,  5.78010826e-03,
        5.90027096e-03,  6.02293166e-03,  6.14814229e-03,  6.27595587e-03,
        6.40642650e-03,  6.53960942e-03,  6.67556102e-03,  6.81433885e-03,
        6.95600166e-03,  7.10060943e-03,  7.24822337e-03,  7.39890598e-03,
        7.55272103e-03,  7.70973363e-03,  7.87001022e-03,  8.03361863e-03,
        8.20062807e-03,  8.37110916e-03,  8.54513396e-03,  8.72277600e-03,
        8.90411024e-03,  9.08921312e-03,  9.27816254e-03,  9.47103786e-03,
        9.66791982e-03,  9.86889053e-03,  1.00740334e-02,  1.02834328e-02,
        1.04971743e-02,  1.07153441e-02,  1.09380288e-02,  1.11653150e-02,
        1.13972887e-02,  1.16340346e-02,  1.18756355e-02,  1.21221707e-02,
        1.23737148e-02,  1.26303364e-02,  1.28920952e-02,  1.31590401e-02,
        1.34312058e-02,  1.37086093e-02,  1.39912454e-02,  1.42790817e-02,
        1.45720529e-02,  1.48700535e-02,  1.51729309e-02,  1.54804758e-02,
        1.57924133e-02,  1.61083923e-02,  1.64279733e-02,  1.67506171e-02,
        1.70756714e-02,  1.74023577e-02,  1.77297578e-02,  1.80568011e-02,
        1.83822519e-02,  1.87046983e-02,  1.90225432e-02,  1.93339965e-02,
        1.96370723e-02,  1.99295876e-02,  2.02091673e-02,  2.04732531e-02,
        2.07191178e-02,  2.09438863e-02,  2.11445621e-02,  2.13180593e-02,
        2.14612418e-02,  2.15709659e-02,  2.16441289e-02,  2.16777204e-02,
        2.16688747e-02,  2.16149249e-02,  2.15134551e-02,  2.13623488e-02,
        2.11598330e-02,  2.09045159e-02,  2.05954155e-02,  2.02319799e-02,
        1.98140971e-02,  1.93420944e-02,  1.88167276e-02,  1.82391607e-02,
        1.76109365e-02,  1.69339403e-02,  1.62103571e-02,  1.54426258e-02,
        1.46333909e-02,  1.37854540e-02,  1.29017269e-02,  1.19851882e-02,
        1.10388433e-02,  1.00656899e-02,  9.06868965e-03,  8.05074484e-03,
        7.01468087e-03,  5.96323409e-03,  4.89904395e-03,  3.82464888e-03,
        2.74248470e-03,  1.65488502e-03,  5.64082201e-04, -5.27791466e-04,
       -1.61870344e-03, -2.70672173e-03, -3.79001734e-03, -4.86686835e-03,
       -5.93566575e-03, -6.99492069e-03, -8.04327295e-03, -9.07950011e-03,
       -1.01025268e-02, -1.11114339e-02, -1.21054664e-02, -1.30840403e-02,
       -1.40467477e-02, -1.49933592e-02, -1.59238246e-02, -1.68382707e-02,
       -1.77369964e-02, -1.86204656e-02, -1.94892981e-02, -2.03442574e-02,
       -2.11862382e-02, -2.20162514e-02, -2.28354089e-02, -2.36449072e-02,
       -2.44460116e-02, -2.52400397e-02, -2.60283463e-02, -2.68123082e-02,
       -2.75933108e-02, -2.83727354e-02, -2.91519483e-02, -2.99322907e-02,
       -3.07150703e-02, -3.15015551e-02, -3.22929671e-02, -3.30904786e-02,
       -3.38952096e-02, -3.47082251e-02, -3.55305354e-02, -3.63630952e-02,
       -3.72068049e-02, -3.80625119e-02, -3.89310118e-02, -3.98130514e-02,
       -4.07093298e-02, -4.16205015e-02, -4.25471784e-02, -4.34899316e-02,
       -4.44492935e-02, -4.54257594e-02, -4.64197884e-02, -4.74318046e-02,
       -4.84621972e-02, -4.95113203e-02, -5.05794925e-02, -5.16669954e-02,
       -5.27740721e-02, -5.39009249e-02, -5.50477122e-02, -5.62145455e-02,
       -5.74014853e-02, -5.86085363e-02, -5.98356429e-02, -6.10826835e-02,
       -6.23494646e-02, -6.36357141e-02, -6.49410752e-02, -6.62650989e-02,
       -6.76072365e-02, -6.89668325e-02, -7.03431167e-02, -7.17351966e-02,
       -7.31420497e-02, -7.45625164e-02, -7.59952923e-02, -7.74389225e-02,
       -7.88917946e-02, -8.03521340e-02, -8.18179995e-02, -8.32872795e-02,
       -8.47576905e-02, -8.62267757e-02, -8.76919066e-02, -8.91502848e-02,
       -9.05989470e-02, -9.20347708e-02, -9.34544835e-02, -9.48546725e-02,
       -9.62317982e-02, -9.75822091e-02, -9.89021588e-02, -1.00187826e-01,
       -1.01435335e-01, -1.02640781e-01, -1.03800253e-01, -1.04909864e-01,
       -1.05965774e-01, -1.06964226e-01, -1.07901569e-01, -1.08774292e-01,
       -1.09579053e-01, -1.10312709e-01, -1.10972344e-01, -1.11555293e-01,
       -1.12059175e-01, -1.12481905e-01, -1.12821726e-01, -1.13077217e-01,
       -1.13247314e-01, -1.13331316e-01, -1.13328896e-01, -1.13240099e-01,
       -1.13065350e-01, -1.12805440e-01, -1.12461527e-01, -1.12035115e-01,
       -1.11528049e-01, -1.10942489e-01, -1.10280891e-01, -1.09545986e-01,
       -1.08740752e-01, -1.07868384e-01, -1.06932273e-01, -1.05935969e-01,
       -1.04883153e-01, -1.03777610e-01, -1.02623196e-01, -1.01423811e-01,
       -1.00183369e-01, -9.89057756e-02, -9.75948977e-02, -9.62545452e-02,
       -9.48884476e-02, -9.35002357e-02, -9.20934247e-02, -9.06714000e-02,
       -8.92374048e-02, -8.77945297e-02, -8.63457056e-02, -8.48936971e-02,
       -8.34410989e-02, -8.19903339e-02, -8.05436525e-02, -7.91031334e-02,
       -7.76706868e-02, -7.62480574e-02, -7.48368293e-02, -7.34384313e-02,
       -7.20541435e-02, -7.06851037e-02, -6.93323151e-02, -6.79966532e-02,
       -6.66788743e-02, -6.53796228e-02, -6.40994392e-02, -6.28387680e-02,
       -6.15979649e-02, -6.03773045e-02, -5.91769876e-02, -5.79971475e-02,
       -5.68378568e-02, -5.56991338e-02, -5.45809476e-02, -5.34832243e-02,
       -5.24058515e-02, -5.13486830e-02, -5.03115435e-02, -4.92942321e-02,
       -4.82965260e-02, -4.73181841e-02, -4.63589494e-02, -4.54185521e-02,
       -4.44967120e-02, -4.35931404e-02, -4.27075419e-02, -4.18396166e-02,
       -4.09890610e-02, -4.01555698e-02, -3.93388367e-02, -3.85385553e-02,
       -3.77544204e-02, -3.69861282e-02, -3.62333774e-02, -3.54958692e-02,
       -3.47733083e-02, -3.40654029e-02, -3.33718648e-02, -3.26924104e-02,
       -3.20267600e-02, -3.13746386e-02, -3.07357756e-02, -3.01099051e-02,
       -2.94967660e-02, -2.88961017e-02, -2.83076605e-02, -2.77311953e-02,
       -2.71664637e-02, -2.66132280e-02, -2.60712552e-02, -2.55403165e-02,
       -2.50201880e-02, -2.45106501e-02, -2.40114875e-02, -2.35224892e-02,
       -2.30434485e-02, -2.25741628e-02, -2.21144337e-02, -2.16640666e-02,
       -2.12228711e-02, -2.07906603e-02, -2.03672514e-02, -1.99524652e-02,
       -1.95461262e-02, -1.91480623e-02, -1.87581050e-02, -1.83760893e-02,
       -1.80018534e-02, -1.76352389e-02, -1.72760907e-02, -1.69242566e-02,
       -1.65795877e-02, -1.62419381e-02, -1.59111649e-02, -1.55871279e-02,
       -1.52696901e-02, -1.49587171e-02, -1.46540771e-02, -1.43556412e-02,
       -1.40632831e-02, -1.37768789e-02, -1.34963075e-02, -1.32214500e-02,
       -1.29521901e-02, -1.26884137e-02, -1.24300093e-02, -1.21768674e-02,
       -1.19288808e-02, -1.16859445e-02, -1.14479557e-02, -1.12148137e-02,
       -1.09864196e-02, -1.07626769e-02, -1.05434908e-02, -1.03287685e-02,
       -1.01184191e-02, -9.91235353e-03, -9.71048457e-03, -9.51272674e-03,
       -9.31899631e-03, -9.12921128e-03, -8.94329129e-03, -8.76115762e-03,
       -8.58273317e-03, -8.40794240e-03, -8.23671131e-03, -8.06896739e-03,
       -7.90463964e-03, -7.74365848e-03, -7.58595576e-03, -7.43146471e-03,
       -7.28011992e-03, -7.13185732e-03, -6.98661415e-03, -6.84432889e-03,
       -6.70494133e-03, -6.56839244e-03, -6.43462442e-03, -6.30358062e-03,
       -6.17520558e-03, -6.04944494e-03, -5.92624545e-03, -5.80555497e-03,
       -5.68732238e-03, -5.57149764e-03, -5.45803171e-03, -5.34687655e-03,
       -5.23798510e-03, -5.13131125e-03, -5.02680986e-03, -4.92443667e-03,
       -4.82414834e-03, -4.72590241e-03, -4.62965729e-03, -4.53537223e-03,
       -4.44300732e-03, -4.35252344e-03, -4.26388229e-03, -4.17704635e-03,
       -4.09197885e-03, -4.00864377e-03, -3.92700583e-03, -3.84703047e-03,
       -3.76868383e-03, -3.69193274e-03, -3.61674470e-03, -3.54308789e-03,
       -3.47093112e-03, -3.40024384e-03, -3.33099612e-03, -3.26315865e-03,
       -3.19670270e-03, -3.13160014e-03, -3.06782341e-03, -3.00534551e-03,
       -2.94413998e-03, -2.88418092e-03, -2.82544293e-03, -2.76790115e-03,
       -2.71153122e-03, -2.65630927e-03, -2.60221193e-03, -2.54921628e-03,
       -2.49729990e-03, -2.44644081e-03, -2.39661746e-03, -2.34780877e-03,
       -2.29999407e-03, -2.25315313e-03, -2.20726610e-03, -2.16231356e-03,
       -2.11827649e-03, -2.07513623e-03, -2.03287452e-03, -1.99147347e-03,
       -1.95091556e-03, -1.91118360e-03, -1.87226078e-03, -1.83413062e-03,
       -1.79677698e-03, -1.76018405e-03, -1.72433632e-03, -1.68921862e-03,
       -1.65481609e-03, -1.62111417e-03, -1.58809857e-03, -1.55575533e-03,
       -1.52407075e-03, -1.49303141e-03, -1.46262418e-03, -1.43283619e-03,
       -1.40365481e-03, -1.37506770e-03, -1.34706276e-03, -1.31962812e-03,
       -1.29275217e-03, -1.26642354e-03, -1.24063107e-03, -1.21536385e-03,
       -1.19061118e-03, -1.16636257e-03, -1.14260778e-03, -1.11933672e-03,
       -1.09653957e-03, -1.07420665e-03, -1.05232852e-03, -1.03089592e-03,
       -1.00989977e-03, -9.89331181e-04, -9.69181446e-04, -9.49442033e-04,
       -9.30104586e-04, -9.11160919e-04, -8.92603010e-04, -8.74423002e-04,
       -8.56613200e-04, -8.39166063e-04, -8.22074204e-04, -8.05330387e-04,
       -7.88927523e-04, -7.72858668e-04, -7.57117019e-04, -7.41695911e-04,
       -7.26588815e-04, -7.11789335e-04, -6.97291206e-04, -6.83088290e-04,
       -6.69174573e-04, -6.55544165e-04, -6.42191295e-04, -6.29110311e-04,
       -6.16295672e-04, -6.03741956e-04, -5.91443846e-04, -5.79396136e-04,
       -5.67593725e-04, -5.56031617e-04, -5.44704916e-04, -5.33608827e-04,
       -5.22738653e-04, -5.12089791e-04, -5.01657732e-04, -4.91438061e-04,
       -4.81426450e-04, -4.71618661e-04, -4.62010542e-04, -4.52598024e-04,
       -4.43377123e-04, -4.34343934e-04, -4.25494634e-04, -4.16825476e-04,
       -4.08332790e-04, -4.00012980e-04, -3.91862524e-04, -3.83877970e-04,
       -3.76055940e-04, -3.68393120e-04, -3.60886267e-04, -3.53532203e-04,
       -3.46327814e-04, -3.39270050e-04, -3.32355923e-04, -3.25582505e-04,
       -3.18946930e-04, -3.12446388e-04, -3.06078126e-04, -2.99839449e-04,
       -2.93727714e-04, -2.87740336e-04, -2.81874778e-04, -2.76128558e-04,
       -2.70499243e-04, -2.64984449e-04, -2.59581841e-04, -2.54289133e-04,
       -2.49104084e-04, -2.44024497e-04, -2.39048224e-04, -2.34173157e-04,
       -2.29397231e-04, -2.24718426e-04, -2.20134760e-04, -2.15644292e-04,
       -2.11245122e-04, -2.06935387e-04, -2.02713262e-04, -1.98576961e-04,
       -1.94524730e-04, -1.90554856e-04, -1.86665657e-04, -1.82855487e-04,
       -1.79122733e-04, -1.75465814e-04, -1.71883182e-04, -1.68373320e-04,
       -1.64934742e-04, -1.61565993e-04, -1.58265647e-04, -1.55032305e-04,
       -1.51864599e-04, -1.48761189e-04, -1.45720760e-04, -1.42742024e-04,
       -1.39823721e-04, -1.36964616e-04, -1.34163497e-04, -1.31419179e-04,
       -1.28730501e-04, -1.26096323e-04, -1.23515530e-04, -1.20987030e-04,
       -1.18509753e-04, -1.16082649e-04, -1.13704691e-04, -1.11374873e-04,
       -1.09092207e-04, -1.06855728e-04, -1.04664488e-04, -1.02517560e-04,
       -1.00414035e-04, -9.83530224e-05, -9.63336496e-05, -9.43550616e-05,
       -9.24164207e-05, -9.05169063e-05, -8.86557141e-05, -8.68320561e-05,
       -8.50451602e-05, -8.32942699e-05, -8.15786440e-05, -7.98975561e-05,
       -7.82502945e-05, -7.66361618e-05, -7.50544745e-05, -7.35045631e-05,
       -7.19857714e-05, -7.04974564e-05, -6.90389879e-05, -6.76097484e-05,
       -6.62091330e-05, -6.48365485e-05, -6.34914140e-05, -6.21731598e-05,
       -6.08812280e-05, -5.96150714e-05, -5.83741542e-05, -5.71579508e-05,
       -5.59659464e-05, -5.47976364e-05, -5.36525261e-05, -5.25301306e-05,
       -5.14299749e-05, -5.03515932e-05, -4.92945288e-05, -4.82583343e-05,
       -4.72425709e-05, -4.62468086e-05, -4.52706259e-05, -4.43136095e-05,
       -4.33753541e-05, -4.24554626e-05, -4.15535454e-05, -4.06692209e-05,
       -3.98021144e-05, -3.89518591e-05, -3.81180947e-05, -3.73004685e-05,
       -3.64986342e-05, -3.57122524e-05, -3.49409900e-05, -3.41845207e-05,
       -3.34425241e-05, -3.27146860e-05, -3.20006984e-05, -3.13002590e-05,
       -3.06130711e-05, -2.99388439e-05, -2.92772920e-05, -2.86281352e-05,
       -2.79910987e-05, -2.73659129e-05, -2.67523129e-05, -2.61500391e-05,
       -2.55588364e-05, -2.49784547e-05, -2.44086480e-05, -2.38491753e-05,
       -2.32997996e-05, -2.27602883e-05, -2.22304131e-05, -2.17099496e-05,
       -2.11986774e-05, -2.06963802e-05, -2.02028452e-05, -1.97178634e-05,
       -1.92412297e-05, -1.87727421e-05, -1.83122023e-05, -1.78594154e-05,
       -1.74141897e-05, -1.69763365e-05, -1.65456707e-05, -1.61220098e-05,
       -1.57051746e-05, -1.52949884e-05, -1.48912777e-05, -1.44938714e-05,
       -1.41026015e-05, -1.37173022e-05, -1.33378104e-05, -1.29639655e-05,
       -1.25956091e-05, -1.22325853e-05, -1.18747405e-05, -1.15219230e-05,
       -1.11739836e-05, -1.08307749e-05, -1.04921517e-05, -1.01579705e-05,
       -9.82808995e-06, -9.50237029e-06, -9.18067366e-06, -8.86286385e-06,
       -8.54880632e-06, -8.23836811e-06, -7.93141778e-06, -7.62782538e-06,
       -7.32746237e-06, -7.03020160e-06, -6.73591720e-06, -6.44448460e-06,
       -6.15578040e-06, -5.86968238e-06, -5.58606941e-06, -5.30482142e-06,
       -5.02581933e-06, -4.74894503e-06, -4.47408129e-06, -4.20111175e-06,
       -3.92992083e-06, -3.66039373e-06, -3.39241633e-06, -3.12587518e-06,
       -2.86065743e-06, -2.59665080e-06, -2.33374352e-06, -2.07182427e-06,
       -1.81078218e-06, -1.55050671e-06, -1.29088769e-06, -1.03181519e-06,
       -7.73179526e-07, -5.14871207e-07, -2.56780870e-07,  1.20075442e-09])], 2: []}
KEDs = {0: [array([ 0.00000000e+00,  5.59369390e-20,  1.68180733e-19,  3.37473661e-19,
        5.64935274e-19,  8.52069795e-19,  1.20077607e-18,  1.61336014e-18,
        2.09255044e-18,  2.64151591e-18,  3.26388692e-18,  3.96377926e-18,
        4.74582138e-18,  5.61518501e-18,  6.57761932e-18,  7.63948898e-18,
        8.80781625e-18,  1.00903274e-17,  1.14955037e-17,  1.30326378e-17,
        1.47118950e-17,  1.65443802e-17,  1.85422119e-17,  2.07186019e-17,
        2.30879429e-17,  2.56659036e-17,  2.84695323e-17,  3.15173696e-17,
        3.48295712e-17,  3.84280410e-17,  4.23365759e-17,  4.65810236e-17,
        5.11894528e-17,  5.61923397e-17,  6.16227688e-17,  6.75166519e-17,
        7.39129660e-17,  8.08540104e-17,  8.83856869e-17,  9.65578033e-17,
        1.05424402e-16,  1.15044120e-16,  1.25480572e-16,  1.36802776e-16,
        1.49085606e-16,  1.62410291e-16,  1.76864947e-16,  1.92545164e-16,
        2.09554638e-16,  2.28005853e-16,  2.48020829e-16,  2.69731927e-16,
        2.93282725e-16,  3.18828966e-16,  3.46539590e-16,  3.76597850e-16,
        4.09202523e-16,  4.44569229e-16,  4.82931849e-16,  5.24544080e-16,
        5.69681108e-16,  6.18641427e-16,  6.71748817e-16,  7.29354482e-16,
        7.91839374e-16,  8.59616711e-16,  9.33134712e-16,  1.01287956e-15,
        1.09937861e-15,  1.19320389e-15,  1.29497587e-15,  1.40536760e-15,
        1.52510908e-15,  1.65499220e-15,  1.79587586e-15,  1.94869177e-15,
        2.11445049e-15,  2.29424821e-15,  2.48927394e-15,  2.70081742e-15,
        2.93027759e-15,  3.17917189e-15,  3.44914630e-15,  3.74198618e-15,
        4.05962810e-15,  4.40417266e-15,  4.77789836e-15,  5.18327669e-15,
        5.62298845e-15,  6.09994151e-15,  6.61728999e-15,  7.17845516e-15,
        7.78714807e-15,  8.44739407e-15,  9.16355941e-15,  9.94038016e-15,
        1.07829935e-14,  1.16969718e-14,  1.26883591e-14,  1.37637118e-14,
        1.49301410e-14,  1.61953607e-14,  1.75677377e-14,  1.90563477e-14,
        2.06710352e-14,  2.24224780e-14,  2.43222587e-14,  2.63829408e-14,
        2.86181517e-14,  3.10426730e-14,  3.36725384e-14,  3.65251394e-14,
        3.96193405e-14,  4.29756040e-14,  4.66161251e-14,  5.05649790e-14,
        5.48482798e-14,  5.94943534e-14,  6.45339246e-14,  7.00003207e-14,
        7.59296915e-14,  8.23612484e-14,  8.93375239e-14,  9.69046528e-14,
        1.05112677e-13,  1.14015878e-13,  1.23673132e-13,  1.34148304e-13,
        1.45510667e-13,  1.57835362e-13,  1.71203893e-13,  1.85704667e-13,
        2.01433580e-13,  2.18494648e-13,  2.37000698e-13,  2.57074111e-13,
        2.78847636e-13,  3.02465262e-13,  3.28083175e-13,  3.55870790e-13,
        3.86011867e-13,  4.18705733e-13,  4.54168595e-13,  4.92634973e-13,
        5.34359248e-13,  5.79617347e-13,  6.28708566e-13,  6.81957550e-13,
        7.39716439e-13,  8.02367199e-13,  8.70324145e-13,  9.44036681e-13,
        1.02399228e-12,  1.11071969e-12,  1.20479245e-12,  1.30683267e-12,
        1.41751515e-12,  1.53757185e-12,  1.66779672e-12,  1.80905093e-12,
        1.96226863e-12,  2.12846305e-12,  2.30873325e-12,  2.50427138e-12,
        2.71637055e-12,  2.94643338e-12,  3.19598132e-12,  3.46666463e-12,
        3.76027338e-12,  4.07874923e-12,  4.42419829e-12,  4.79890504e-12,
        5.20534746e-12,  5.64621338e-12,  6.12441831e-12,  6.64312464e-12,
        7.20576264e-12,  7.81605308e-12,  8.47803187e-12,  9.19607673e-12,
        9.97493618e-12,  1.08197609e-11,  1.17361377e-11,  1.27301268e-11,
        1.38083015e-11,  1.49777918e-11,  1.62463317e-11,  1.76223102e-11,
        1.91148268e-11,  2.07337515e-11,  2.24897906e-11,  2.43945568e-11,
        2.64606465e-11,  2.87017231e-11,  3.11326069e-11,  3.37693737e-11,
        3.66294605e-11,  3.97317815e-11,  4.30968525e-11,  4.67469271e-11,
        5.07061436e-11,  5.50006847e-11,  5.96589505e-11,  6.47117467e-11,
        7.01924877e-11,  7.61374183e-11,  8.25858529e-11,  8.95804356e-11,
        9.71674222e-11,  1.05396986e-10,  1.14323550e-10,  1.24006147e-10,
        1.34508808e-10,  1.45900988e-10,  1.58258026e-10,  1.71661639e-10,
        1.86200466e-10,  2.01970655e-10,  2.19076494e-10,  2.37631108e-10,
        2.57757198e-10,  2.79587860e-10,  3.03267464e-10,  3.28952604e-10,
        3.56813138e-10,  3.87033312e-10,  4.19812973e-10,  4.55368897e-10,
        4.93936219e-10,  5.35769987e-10,  5.81146852e-10,  6.30366897e-10,
        6.83755617e-10,  7.41666077e-10,  8.04481245e-10,  8.72616523e-10,
        9.46522496e-10,  1.02668791e-09,  1.11364291e-09,  1.20796254e-09,
        1.31027053e-09,  1.42124347e-09,  1.54161522e-09,  1.67218182e-09,
        1.81380672e-09,  1.96742649e-09,  2.13405704e-09,  2.31480031e-09,
        2.51085157e-09,  2.72350732e-09,  2.95417389e-09,  3.20437669e-09,
        3.47577033e-09,  3.77014957e-09,  4.08946116e-09,  4.43581675e-09,
        4.81150681e-09,  5.21901581e-09,  5.66103866e-09,  6.14049849e-09,
        6.66056601e-09,  7.22468048e-09,  7.83657245e-09,  8.50028840e-09,
        9.22021757e-09,  1.00011209e-08,  1.08481626e-08,  1.17669442e-08,
        1.27635417e-08,  1.38445457e-08,  1.50171050e-08,  1.62889738e-08,
        1.76685632e-08,  1.91649964e-08,  2.07881695e-08,  2.25488168e-08,
        2.44585815e-08,  2.65300931e-08,  2.87770507e-08,  3.12143136e-08,
        3.38579998e-08,  3.67255921e-08,  3.98360541e-08,  4.32099558e-08,
        4.68696089e-08,  5.08392152e-08,  5.51450259e-08,  5.98155158e-08,
        6.48815713e-08,  7.03766946e-08,  7.63372253e-08,  8.28025809e-08,
        8.98155171e-08,  9.74224107e-08,  1.05673566e-07,  1.14623548e-07,
        1.24331541e-07,  1.34861742e-07,  1.46283784e-07,  1.58673195e-07,
        1.72111894e-07,  1.86688734e-07,  2.02500086e-07,  2.19650465e-07,
        2.38253220e-07,  2.58431268e-07,  2.80317889e-07,  3.04057581e-07,
        3.29806977e-07,  3.57735825e-07,  3.88028027e-07,  4.20882740e-07,
        4.56515530e-07,  4.95159562e-07,  5.37066815e-07,  5.82509294e-07,
        6.31780202e-07,  6.85195018e-07,  7.43092407e-07,  8.05834884e-07,
        8.73809080e-07,  9.47425481e-07,  1.02711741e-06,  1.11333901e-06,
        1.20656190e-06,  1.30727015e-06,  1.41595298e-06,  1.53309485e-06,
        1.65916204e-06,  1.79458515e-06,  1.93973653e-06,  2.09490191e-06,
        2.26024503e-06,  2.43576435e-06,  2.62124100e-06,  2.81617676e-06,
        3.01972180e-06,  3.23059143e-06,  3.44697241e-06,  3.66641918e-06,
        3.88574217e-06,  4.10089057e-06,  4.30683409e-06,  4.49744926e-06,
        4.66541791e-06,  4.80214727e-06,  4.89772315e-06,  4.94090909e-06,
        4.91920610e-06,  4.81898789e-06,  4.62572620e-06,  4.32431911e-06,
        3.89953170e-06,  3.33655296e-06,  2.62166527e-06,  1.74301354e-06,
        6.91449393e-07, -5.38585719e-07, -1.94818730e-06, -3.53318353e-06,
       -5.28346696e-06, -7.18253236e-06, -9.20728794e-06, -1.13281973e-05,
       -1.35097921e-05, -1.57115712e-05, -1.78892724e-05, -1.99964703e-05,
       -2.19864219e-05, -2.38140535e-05, -2.54379628e-05, -2.68223000e-05,
       -2.79383938e-05, -2.87660074e-05, -2.92941328e-05, -2.95212710e-05,
       -2.94551876e-05, -2.91121710e-05, -2.85158639e-05, -2.76957649e-05,
       -2.66855168e-05, -2.55211091e-05, -2.42391143e-05, -2.28750680e-05,
       -2.14620785e-05, -2.00297283e-05, -1.86033002e-05, -1.72033356e-05,
       -1.58455089e-05, -1.45407835e-05, -1.32957997e-05, -1.21134404e-05,
       -1.09935129e-05, -9.93349097e-06, -8.92926305e-06, -7.97584109e-06,
       -7.06799364e-06, -6.20077627e-06, -5.36994237e-06, -4.57222723e-06,
       -3.80550675e-06, -3.06883958e-06, -2.36240767e-06, -1.68737414e-06,
       -1.04568031e-06, -4.39804410e-07,  1.27496060e-07,  6.53438488e-07,
        1.13544880e-06,  1.57136158e-06,  1.95957764e-06,  2.29917412e-06,
        2.58996617e-06,  2.83252260e-06,  3.02814032e-06,  3.17878466e-06,
        3.28700331e-06,  3.35582239e-06,  3.38863250e-06,  3.38907231e-06,
        3.36091558e-06,  3.30796684e-06,  3.23396904e-06,  3.14252558e-06,
        3.03703770e-06,  2.92065737e-06,  2.79625494e-06,  2.66640016e-06,
        2.53335505e-06,  2.39907653e-06,  2.26522706e-06,  2.13319119e-06,
        2.00409653e-06,  1.87883729e-06,  1.75809935e-06,  1.64238559e-06,
        1.53204070e-06,  1.42727481e-06,  1.32818545e-06,  1.23477769e-06,
        1.14698208e-06,  1.06467057e-06,  9.87670272e-07,  9.15775311e-07,
        8.48756754e-07,  7.86370903e-07,  7.28366064e-07,  6.74487996e-07,
        6.24484204e-07,  5.78107253e-07,  5.35117254e-07,  4.95283654e-07,
        4.58386468e-07,  4.24217044e-07,  3.92578471e-07,  3.63285694e-07,
        3.36165416e-07,  3.11055831e-07,  2.87806244e-07,  2.66276599e-07,
        2.46336964e-07,  2.27866978e-07,  2.10755288e-07,  1.94898981e-07,
        1.80203035e-07,  1.66579780e-07,  1.53948380e-07,  1.42234345e-07,
        1.31369068e-07,  1.21289384e-07,  1.11937165e-07,  1.03258933e-07,
        9.52055079e-08,  8.77316683e-08,  8.07958460e-08,  7.43598353e-08,
        6.83885238e-08,  6.28496419e-08,  5.77135283e-08,  5.29529115e-08,
        4.85427043e-08,  4.44598129e-08,  4.06829565e-08,  3.71924988e-08,
        3.39702902e-08,  3.09995192e-08,  2.82645742e-08,  2.57509142e-08,
        2.34449491e-08,  2.13339289e-08,  1.94058427e-08,  1.76493266e-08,
        1.60535819e-08,  1.46083021e-08,  1.33036108e-08,  1.21300087e-08,
        1.10783308e-08,  1.01397129e-08,  9.30556761e-09,  8.56756907e-09,
        7.91764591e-09,  7.34798134e-09,  6.85101982e-09,  6.41947893e-09,
        6.04636547e-09,  5.72499442e-09,  5.44900960e-09,  5.21240469e-09,
        5.00954350e-09,  4.83517830e-09,  4.68446534e-09,  4.55297661e-09,
        4.43670738e-09,  4.33207885e-09,  4.23593586e-09,  4.14553960e-09,
        4.05855526e-09,  3.97303523e-09,  3.88739811e-09,  3.80040412e-09,
        3.71112768e-09,  3.61892775e-09,  3.52341677e-09,  3.42442886e-09,
        3.32198801e-09,  3.21627692e-09,  3.10760697e-09,  2.99638999e-09,
        2.88311198e-09,  2.76830925e-09,  2.65254718e-09,  2.53640152e-09,
        2.42044255e-09,  2.30522181e-09,  2.19126137e-09,  2.07904561e-09,
        1.96901505e-09,  1.86156236e-09,  1.75702991e-09,  1.65570907e-09,
        1.55784057e-09,  1.46361608e-09,  1.37318050e-09,  1.28663495e-09,
        1.20404019e-09,  1.12542033e-09,  1.05076669e-09,  9.80041721e-10,
        9.13182839e-10,  8.50106174e-10,  7.90710088e-10,  7.34878492e-10,
        6.82483886e-10,  6.33390140e-10,  5.87454974e-10,  5.44532174e-10,
        5.04473519e-10,  4.67130450e-10,  4.32355496e-10,  4.00003456e-10,
        3.69932388e-10,  3.42004395e-10,  3.16086241e-10,  2.92049826e-10,
        2.69772515e-10,  2.49137365e-10,  2.30033244e-10,  2.12354878e-10,
        1.96002819e-10,  1.80883364e-10,  1.66908426e-10,  1.53995369e-10,
        1.42066815e-10,  1.31050432e-10,  1.20878712e-10,  1.11488732e-10,
        1.02821915e-10,  9.48237942e-11,  8.74437740e-11,  8.06348958e-11,
        7.43536129e-11,  6.85595712e-11,  6.32153995e-11,  5.82865085e-11,
        5.37408999e-11,  4.95489856e-11,  4.56834173e-11,  4.21189253e-11,
        3.88321681e-11,  3.58015907e-11,  3.30072929e-11,  3.04309059e-11,
        2.80554773e-11,  2.58653645e-11,  2.38461354e-11,  2.19844763e-11,
        2.02681062e-11,  1.86856980e-11,  1.72268050e-11,  1.58817931e-11,
        1.46417779e-11,  1.34985671e-11,  1.24446065e-11,  1.14729306e-11,
        1.05771172e-11,  9.75124457e-12,  8.98985320e-12,  8.28790934e-12,
        7.64077204e-12,  7.04416254e-12,  6.49413598e-12,  5.98705544e-12,
        5.51956787e-12,  5.08858196e-12,  4.69124776e-12,  4.32493777e-12,
        3.98722965e-12,  3.67589018e-12,  3.38886048e-12,  3.12424245e-12,
        2.88028615e-12,  2.65537831e-12,  2.44803161e-12,  2.25687484e-12,
        2.08064388e-12,  1.91817331e-12,  1.76838869e-12,  1.63029948e-12,
        1.50299249e-12,  1.38562583e-12,  1.27742334e-12,  1.17766948e-12,
        1.08570455e-12,  1.00092039e-12,  9.22756309e-13,  8.50695403e-13,
        7.84261127e-13,  7.23014144e-13,  6.66549422e-13,  6.14493555e-13,
        5.66502292e-13,  5.22258264e-13,  4.81468878e-13,  4.43864393e-13,
        4.09196126e-13,  3.77234811e-13,  3.47769087e-13,  3.20604093e-13,
        2.95560186e-13,  2.72471746e-13,  2.51186088e-13,  2.31562449e-13,
        2.13471054e-13,  1.96792264e-13,  1.81415781e-13,  1.67239919e-13,
        1.54170930e-13,  1.42122389e-13,  1.31014618e-13,  1.20774160e-13,
        1.11333293e-13,  1.02629584e-13,  9.46054755e-14,  8.72079026e-14,
        8.03879445e-14,  7.41005003e-14,  6.83039905e-14,  6.29600821e-14,
        5.80334355e-14,  5.34914703e-14,  4.93041500e-14,  4.54437835e-14,
        4.18848418e-14,  3.86037893e-14,  3.55789280e-14,  3.27902544e-14,
        3.02193266e-14,  2.78491428e-14,  2.56640289e-14,  2.36495343e-14,
        2.17923372e-14,  2.00801556e-14,  1.85016668e-14,  1.70464321e-14,
        1.57048278e-14,  1.44679818e-14,  1.33277147e-14,  1.22764859e-14,
        1.13073434e-14,  1.04138782e-14,  9.59018177e-15,  8.83080692e-15,
        8.13073182e-15,  7.48532681e-15,  6.89032377e-15,  6.34178789e-15,
        5.83609164e-15,  5.36989081e-15,  4.94010236e-15,  4.54388408e-15,
        4.17861572e-15,  3.84188174e-15,  3.53145528e-15,  3.24528347e-15,
        2.98147381e-15,  2.73828172e-15,  2.51409893e-15,  2.30744292e-15,
        2.11694704e-15,  1.94135152e-15,  1.77949514e-15,  1.63030753e-15,
        1.49280209e-15,  1.36606948e-15,  1.24927162e-15,  1.14163610e-15,
        1.04245113e-15,  9.51060776e-16,  8.66860676e-16,  7.89294003e-16,
        7.17847801e-16,  6.52049590e-16,  5.91464241e-16,  5.35691096e-16,
        4.84361322e-16,  4.37135472e-16,  3.93701235e-16,  3.53771377e-16,
        3.17081839e-16,  2.83389989e-16,  2.52473019e-16,  2.24126473e-16,
        1.98162893e-16,  1.74410578e-16,  1.52712452e-16,  1.32925025e-16,
        1.14917439e-16,  9.85706085e-17,  8.37764307e-17,  7.04370704e-17,
        5.84643128e-17,  4.77789812e-17,  3.83104124e-17,  2.99959899e-17,
        2.27807296e-17,  1.66169162e-17,  1.14637880e-17,  7.28726685e-18,
        4.05973296e-18,  1.75984235e-18,  3.72385659e-19, -1.11812513e-19,
        3.04045790e-19,  1.62271068e-18,  3.85290261e-18,  7.00937005e-18,
        1.11129870e-17,  1.61908911e-17,  2.22766630e-17,  2.94105484e-17,
        3.76397245e-17,  4.70186116e-17,  5.76092330e-17,  6.94816256e-17,
        8.27143026e-17,  9.73947730e-17,  1.13620120e-16,  1.31497644e-16,
        1.51145569e-16,  1.72693831e-16,  1.96284929e-16,  2.22074874e-16,
        2.50234216e-16,  2.80949177e-16,  3.14422877e-16,  3.50876681e-16,
        3.90551661e-16,  4.33710193e-16,  4.80637686e-16,  5.31644478e-16,
        5.87067880e-16,  6.47274414e-16,  7.12662230e-16,  7.83663744e-16,
        8.60748496e-16,  9.44426255e-16,  1.03525039e-15,  1.13382153e-15,
        1.24079153e-15,  1.35686780e-15,  1.48281796e-15,  1.61947493e-15,
        1.76774244e-15,  1.92860099e-15,  2.10311436e-15,  2.29243661e-15,
        2.49781976e-15,  2.72062202e-15,  2.96231681e-15,  3.22450247e-15,
        3.50891287e-15,  3.81742884e-15,  4.15209061e-15,  4.51511135e-15,
        4.90889174e-15,  5.33603589e-15,  5.79936854e-15,  6.30195376e-15,
        6.84711519e-15,  7.43845803e-15,  8.07989289e-15,  8.77566163e-15,
        9.53036545e-15,  1.03489953e-14,  1.12369648e-14,  1.22001462e-14,
        1.32449091e-14,  1.43781626e-14,  1.56074011e-14,  1.69407535e-14,
        1.83870376e-14,  1.99558177e-14,  2.16574683e-14,  2.35032425e-14,
        2.55053467e-14,  2.76770209e-14,  3.00326267e-14,  3.25877419e-14,
        3.53592636e-14,  3.83655203e-14,  4.16263926e-14,  4.51634450e-14,
        4.90000682e-14,  5.31616343e-14,  5.76756641e-14,  6.25720093e-14,
        6.78830498e-14,  7.36439082e-14,  7.98926814e-14,  8.66706933e-14,
        9.40227674e-14,  1.01997524e-13,  1.10647700e-13,  1.20030501e-13,
        1.30207975e-13,  1.41247428e-13,  1.53221865e-13,  1.66210472e-13,
        1.80299146e-13,  1.95581056e-13,  2.12157263e-13,  2.30137386e-13,
        2.49640331e-13,  2.70795071e-13,  2.93741505e-13,  3.18631381e-13,
        3.45629296e-13,  3.74913791e-13,  4.06678527e-13,  4.41133568e-13,
        4.78506767e-13,  5.19045277e-13,  5.63017183e-13,  6.10713275e-13,
        6.62448973e-13,  7.18566409e-13,  7.79436693e-13,  8.45462365e-13,
        9.17080061e-13,  9.94763395e-13,  1.07902609e-12,  1.17042539e-12,
        1.26956573e-12,  1.37710272e-12,  1.49374752e-12,  1.62027152e-12,
        1.75751142e-12,  1.90637482e-12,  2.06784615e-12,  2.24299324e-12,
        2.43297436e-12,  2.63904587e-12,  2.86257054e-12,  3.10502656e-12,
        3.36801731e-12,  3.65328198e-12,  3.96270704e-12,  4.29833876e-12,
        4.66239670e-12,  5.05728841e-12,  5.48562535e-12,  5.95024014e-12,
        6.45420533e-12,  7.00085368e-12,  7.59380025e-12,  8.23696623e-12,
        8.93460494e-12,  9.69132993e-12,  1.05121455e-11,  1.14024798e-11,
        1.23682206e-11,  1.34157546e-11,  1.45520091e-11,  1.57844983e-11,
        1.71213728e-11,  1.85714735e-11,  2.01443899e-11,  2.18505240e-11,
        2.37011586e-11,  2.57085320e-11,  2.78859193e-11,  3.02477197e-11,
        3.28095520e-11,  3.55883579e-11,  3.86025138e-11,  4.18719527e-11,
        4.54182957e-11,  4.92649950e-11,  5.34374893e-11,  5.79633716e-11,
        6.28725720e-11,  6.81975556e-11,  7.39735370e-11,  8.02387132e-11,
        8.70345164e-11,  9.44058880e-11,  1.02401576e-10,  1.11074455e-10,
        1.20481882e-10,  1.30686067e-10,  1.41754492e-10,  1.53760355e-10,
        1.66783049e-10,  1.80908697e-10,  1.96230712e-10,  2.12850420e-10,
        2.30877728e-10,  2.50431854e-10,  2.71642110e-10,  2.94648762e-10,
        3.19603954e-10,  3.46672719e-10,  3.76034063e-10,  4.07882158e-10,
        4.42427616e-10,  4.79898891e-10,  5.20543783e-10,  5.64631080e-10,
        6.12452338e-10,  6.64323801e-10,  7.20588501e-10,  7.81618521e-10,
        8.47817459e-10,  9.19623095e-10,  9.97510285e-10,  1.08199411e-09,
        1.17363326e-09,  1.27303375e-09,  1.38085295e-09,  1.49780385e-09,
        1.62465987e-09,  1.76225992e-09,  1.91151396e-09,  2.07340903e-09,
        2.24901574e-09,  2.43949541e-09,  2.64610769e-09,  2.87021894e-09,
        3.11331121e-09,  3.37699210e-09,  3.66300536e-09,  3.97324242e-09,
        4.30975490e-09,  4.67476821e-09,  5.07069619e-09,  5.50015717e-09,
        5.96599120e-09,  6.47127890e-09,  7.01936177e-09,  7.61386435e-09,
        8.25871812e-09,  8.95818758e-09,  9.71689837e-09,  1.05398679e-08,
        1.14325386e-08,  1.24008138e-08,  1.34510967e-08,  1.45903330e-08,
        1.58260565e-08,  1.71664392e-08,  1.86203452e-08,  2.01973893e-08,
        2.19080006e-08,  2.37634916e-08,  2.57761328e-08,  2.79592340e-08,
        3.03272323e-08,  3.28957874e-08, -0.00000000e+00, -0.00000000e+00])], 1: [array([ 0.00000000e+00,  3.01903667e-16,  9.06222323e-16,  1.81397948e-15,
        3.02671257e-15,  4.54647556e-15,  6.37584240e-15,  8.51791144e-15,
        1.09763106e-14,  1.37552036e-14,  1.68592969e-14,  2.02938478e-14,
        2.40646733e-14,  2.81781599e-14,  3.26412744e-14,  3.74615759e-14,
        4.26472283e-14,  4.82070143e-14,  5.41503504e-14,  6.04873025e-14,
        6.72286033e-14,  7.43856702e-14,  8.19706250e-14,  8.99963140e-14,
        9.84763300e-14,  1.07425035e-13,  1.16857586e-13,  1.26789957e-13,
        1.37238972e-13,  1.48222326e-13,  1.59758623e-13,  1.71867400e-13,
        1.84569166e-13,  1.97885434e-13,  2.11838756e-13,  2.26452765e-13,
        2.41752213e-13,  2.57763010e-13,  2.74512274e-13,  2.92028373e-13,
        3.10340973e-13,  3.29481089e-13,  3.49481139e-13,  3.70374995e-13,
        3.92198044e-13,  4.14987248e-13,  4.38781204e-13,  4.63620210e-13,
        4.89546336e-13,  5.16603491e-13,  5.44837501e-13,  5.74296186e-13,
        6.05029438e-13,  6.37089308e-13,  6.70530096e-13,  7.05408439e-13,
        7.41783409e-13,  7.79716613e-13,  8.19272296e-13,  8.60517453e-13,
        9.03521940e-13,  9.48358590e-13,  9.95103343e-13,  1.04383537e-12,
        1.09463720e-12,  1.14759488e-12,  1.20279811e-12,  1.26034036e-12,
        1.32031912e-12,  1.38283595e-12,  1.44799674e-12,  1.51591185e-12,
        1.58669631e-12,  1.66047000e-12,  1.73735786e-12,  1.81749013e-12,
        1.90100251e-12,  1.98803645e-12,  2.07873936e-12,  2.17326485e-12,
        2.27177302e-12,  2.37443071e-12,  2.48141178e-12,  2.59289744e-12,
        2.70907648e-12,  2.83014569e-12,  2.95631011e-12,  3.08778343e-12,
        3.22478831e-12,  3.36755679e-12,  3.51633068e-12,  3.67136195e-12,
        3.83291316e-12,  4.00125794e-12,  4.17668140e-12,  4.35948065e-12,
        4.54996528e-12,  4.74845793e-12,  4.95529476e-12,  5.17082608e-12,
        5.39541694e-12,  5.62944771e-12,  5.87331477e-12,  6.12743114e-12,
        6.39222721e-12,  6.66815145e-12,  6.95567119e-12,  7.25527339e-12,
        7.56746547e-12,  7.89277618e-12,  8.23175649e-12,  8.58498051e-12,
        8.95304649e-12,  9.33657780e-12,  9.73622402e-12,  1.01526620e-11,
        1.05865971e-11,  1.10387642e-11,  1.15099291e-11,  1.20008899e-11,
        1.25124780e-11,  1.30455599e-11,  1.36010385e-11,  1.41798545e-11,
        1.47829884e-11,  1.54114615e-11,  1.60663383e-11,  1.67487280e-11,
        1.74597862e-11,  1.82007173e-11,  1.89727762e-11,  1.97772705e-11,
        2.06155626e-11,  2.14890725e-11,  2.23992795e-11,  2.33477252e-11,
        2.43360159e-11,  2.53658255e-11,  2.64388982e-11,  2.75570513e-11,
        2.87221786e-11,  2.99362535e-11,  3.12013322e-11,  3.25195573e-11,
        3.38931614e-11,  3.53244710e-11,  3.68159102e-11,  3.83700050e-11,
        3.99893875e-11,  4.16768003e-11,  4.34351015e-11,  4.52672690e-11,
        4.71764058e-11,  4.91657454e-11,  5.12386571e-11,  5.33986516e-11,
        5.56493872e-11,  5.79946760e-11,  6.04384901e-11,  6.29849684e-11,
        6.56384238e-11,  6.84033505e-11,  7.12844312e-11,  7.42865455e-11,
        7.74147779e-11,  8.06744268e-11,  8.40710127e-11,  8.76102884e-11,
        9.12982482e-11,  9.51411382e-11,  9.91454670e-11,  1.03318017e-10,
        1.07665854e-10,  1.12196343e-10,  1.16917156e-10,  1.21836289e-10,
        1.26962074e-10,  1.32303191e-10,  1.37868687e-10,  1.43667988e-10,
        1.49710916e-10,  1.56007706e-10,  1.62569021e-10,  1.69405976e-10,
        1.76530148e-10,  1.83953605e-10,  1.91688919e-10,  1.99749192e-10,
        2.08148073e-10,  2.16899789e-10,  2.26019162e-10,  2.35521636e-10,
        2.45423307e-10,  2.55740943e-10,  2.66492020e-10,  2.77694747e-10,
        2.89368096e-10,  3.01531839e-10,  3.14206576e-10,  3.27413775e-10,
        3.41175804e-10,  3.55515972e-10,  3.70458565e-10,  3.86028892e-10,
        4.02253322e-10,  4.19159336e-10,  4.36775566e-10,  4.55131848e-10,
        4.74259271e-10,  4.94190231e-10,  5.14958483e-10,  5.36599203e-10,
        5.59149043e-10,  5.82646194e-10,  6.07130452e-10,  6.32643286e-10,
        6.59227905e-10,  6.86929335e-10,  7.15794494e-10,  7.45872267e-10,
        7.77213598e-10,  8.09871568e-10,  8.43901488e-10,  8.79360994e-10,
        9.16310142e-10,  9.54811511e-10,  9.94930310e-10,  1.03673449e-09,
        1.08029484e-09,  1.12568515e-09,  1.17298230e-09,  1.22226638e-09,
        1.27362086e-09,  1.32713274e-09,  1.38289262e-09,  1.44099497e-09,
        1.50153817e-09,  1.56462477e-09,  1.63036162e-09,  1.69886005e-09,
        1.77023608e-09,  1.84461059e-09,  1.92210955e-09,  2.00286422e-09,
        2.08701136e-09,  2.17469349e-09,  2.26605912e-09,  2.36126300e-09,
        2.46046635e-09,  2.56383720e-09,  2.67155063e-09,  2.78378906e-09,
        2.90074260e-09,  3.02260931e-09,  3.14959560e-09,  3.28191654e-09,
        3.41979624e-09,  3.56346822e-09,  3.71317581e-09,  3.86917257e-09,
        4.03172269e-09,  4.20110150e-09,  4.37759585e-09,  4.56150467e-09,
        4.75313944e-09,  4.95282472e-09,  5.16089871e-09,  5.37771382e-09,
        5.60363726e-09,  5.83905167e-09,  6.08435575e-09,  6.33996498e-09,
        6.60631227e-09,  6.88384872e-09,  7.17304438e-09,  7.47438905e-09,
        7.78839312e-09,  8.11558838e-09,  8.45652901e-09,  8.81179244e-09,
        9.18198037e-09,  9.56771977e-09,  9.96966394e-09,  1.03884937e-08,
        1.08249183e-08,  1.12796769e-08,  1.17535398e-08,  1.22473094e-08,
        1.27618221e-08,  1.32979493e-08,  1.38565988e-08,  1.44387167e-08,
        1.50452889e-08,  1.56773424e-08,  1.63359473e-08,  1.70222186e-08,
        1.77373177e-08,  1.84824544e-08,  1.92588887e-08,  2.00679327e-08,
        2.09109519e-08,  2.17893673e-08,  2.27046564e-08,  2.36583543e-08,
        2.46520540e-08,  2.56874059e-08,  2.67661165e-08,  2.78899447e-08,
        2.90606963e-08,  3.02802151e-08,  3.15503699e-08,  3.28730350e-08,
        3.42500641e-08,  3.56832522e-08,  3.71742862e-08,  3.87246764e-08,
        4.03356667e-08,  4.20081169e-08,  4.37423489e-08,  4.55379497e-08,
        4.73935199e-08,  4.93063567e-08,  5.12720576e-08,  5.32840297e-08,
        5.53328892e-08,  5.74057327e-08,  5.94852626e-08,  6.15487502e-08,
        6.35668192e-08,  6.55020375e-08,  6.73073101e-08,  6.89240700e-08,
        7.02802791e-08,  7.12882608e-08,  7.18424033e-08,  7.18167960e-08,
        7.10628841e-08,  6.94072580e-08,  6.66497256e-08,  6.25618545e-08,
        5.68862053e-08,  4.93365187e-08,  3.95991500e-08,  2.73360696e-08,
        1.21897649e-08, -6.20963273e-09, -2.82346997e-08, -5.42483253e-08,
       -8.45884477e-08, -1.19549956e-07, -1.59363991e-07, -2.04175140e-07,
       -2.54017292e-07, -3.08789269e-07, -3.68231645e-07, -4.31906462e-07,
       -4.99181797e-07, -5.69223211e-07, -6.40994083e-07, -7.13266585e-07,
       -7.84644566e-07, -8.53598932e-07, -9.18515194e-07, -9.77751835e-07,
       -1.02970701e-06, -1.07289008e-06, -1.10599364e-06, -1.12796114e-06,
       -1.13804503e-06, -1.13585087e-06, -1.12136361e-06, -1.09495345e-06,
       -1.05736048e-06, -1.00965892e-06, -9.53203551e-07, -8.89562336e-07,
       -8.20440386e-07, -7.47600861e-07, -6.72788479e-07, -5.97660670e-07,
       -5.23730457e-07, -4.52323793e-07, -3.84552662e-07, -3.21303755e-07,
       -2.63241328e-07, -2.10821810e-07, -1.64317080e-07, -1.23843090e-07,
       -8.93905134e-08, -6.08544974e-08, -3.80611271e-08, -2.07889356e-08,
       -8.78452949e-09, -1.77213633e-09,  5.42476045e-10, -1.52725782e-09,
       -7.64462358e-09, -1.74437322e-08, -3.05233501e-08, -4.64418727e-08,
       -6.47146116e-08, -8.48142285e-08, -1.06174763e-07, -1.28199301e-07,
       -1.50270963e-07, -1.71766561e-07, -1.92072075e-07, -2.10598905e-07,
       -2.26799880e-07, -2.40184004e-07, -2.50329082e-07, -2.56891566e-07,
       -2.59613155e-07, -2.58323971e-07, -2.52942319e-07, -2.43471283e-07,
       -2.29992542e-07, -2.12657923e-07, -1.91679280e-07, -1.67317293e-07,
       -1.39869765e-07, -1.09659963e-07, -7.70254474e-08, -4.23077499e-08,
       -5.84319699e-09,  3.20449597e-08,  7.10529930e-08,  1.10901706e-07,
        1.51340025e-07,  1.92147257e-07,  2.33134126e-07,  2.74142707e-07,
        3.15045420e-07,  3.55743208e-07,  3.96163058e-07,  4.36254983e-07,
        4.75988591e-07,  5.15349351e-07,  5.54334636e-07,  5.92949628e-07,
        6.31203145e-07,  6.69103431e-07,  7.06653948e-07,  7.43849199e-07,
        7.80670581e-07,  8.17082297e-07,  8.53027309e-07,  8.88423343e-07,
        9.23158936e-07,  9.57089534e-07,  9.90033636e-07,  1.02176898e-06,
        1.05202884e-06,  1.08049836e-06,  1.10681106e-06,  1.13054555e-06,
        1.15122244e-06,  1.16830161e-06,  1.18117995e-06,  1.18918958e-06,
        1.19159684e-06,  1.18760204e-06,  1.17634030e-06,  1.15688351e-06,
        1.12824372e-06,  1.08937814e-06,  1.03919579e-06,  9.76566316e-07,
        9.00330793e-07,  8.09314914e-07,  7.02344588e-07,  5.78264040e-07,
        4.35956420e-07,  2.74366895e-07,  9.25280612e-08, -1.10412534e-07,
       -3.35163094e-07, -5.82256951e-07, -8.52021167e-07, -1.14454504e-06,
       -1.45964933e-06, -1.79685702e-06, -2.15536674e-06, -2.53402975e-06,
       -2.93133161e-06, -3.34537975e-06, -3.77389777e-06, -4.21422759e-06,
       -4.66334019e-06, -5.11785565e-06, -5.57407280e-06, -6.02800867e-06,
       -6.47544751e-06, -6.91199893e-06, -7.33316414e-06, -7.73440921e-06,
       -8.11124368e-06, -8.45930269e-06, -8.77443057e-06, -9.05276349e-06,
       -9.29080901e-06, -9.48551989e-06, -9.63436005e-06, -9.73536057e-06,
       -9.78716380e-06, -9.78905421e-06, -9.74097500e-06, -9.64352963e-06,
       -9.49796862e-06, -9.30616169e-06, -9.07055634e-06, -8.79412421e-06,
       -8.48029697e-06, -8.13289373e-06, -7.75604226e-06, -7.35409645e-06,
       -6.93155227e-06, -6.49296477e-06, -6.04286799e-06, -5.58570004e-06,
       -5.12573481e-06, -4.66702161e-06, -4.21333390e-06, -3.76812752e-06,
       -3.33450888e-06, -2.91521285e-06, -2.51259018e-06, -2.12860381e-06,
       -1.76483320e-06, -1.42248580e-06, -1.10241465e-06, -8.05140878e-07,
       -5.30880170e-07, -2.79571972e-07, -5.09105076e-08,  1.55623352e-07,
        3.40730200e-07,  5.05260892e-07,  6.50186621e-07,  7.76570750e-07,
        8.85542765e-07,  9.78274588e-07,  1.05595941e-06,  1.11979310e-06,
        1.17095822e-06,  1.21061051e-06,  1.23986781e-06,  1.25980117e-06,
        1.27142805e-06,  1.27570739e-06,  1.27353629e-06,  1.26574822e-06,
        1.25311234e-06,  1.23633404e-06,  1.21605621e-06,  1.19286125e-06,
        1.16727367e-06,  1.13976304e-06,  1.11074726e-06,  1.08059598e-06,
        1.04963417e-06,  1.01814564e-06,  9.86376584e-07,  9.54538978e-07,
        9.22813887e-07,  8.91354589e-07,  8.60289531e-07,  8.29725092e-07,
        7.99748138e-07,  7.70428383e-07,  7.41820545e-07,  7.13966306e-07,
        6.86896081e-07,  6.60630613e-07,  6.35182388e-07,  6.10556907e-07,
        5.86753794e-07,  5.63767784e-07,  5.41589582e-07,  5.20206610e-07,
        4.99603653e-07,  4.79763424e-07,  4.60667037e-07,  4.42294414e-07,
        4.24624636e-07,  4.07636227e-07,  3.91307402e-07,  3.75616263e-07,
        3.60540971e-07,  3.46059875e-07,  3.32151622e-07,  3.18795246e-07,
        3.05970229e-07,  2.93656558e-07,  2.81834758e-07,  2.70485922e-07,
        2.59591725e-07,  2.49134435e-07,  2.39096917e-07,  2.29462631e-07,
        2.20215626e-07,  2.11340530e-07,  2.02822542e-07,  1.94647419e-07,
        1.86801457e-07,  1.79271480e-07,  1.72044825e-07,  1.65109319e-07,
        1.58453271e-07,  1.52065449e-07,  1.45935067e-07,  1.40051768e-07,
        1.34405607e-07,  1.28987035e-07,  1.23786887e-07,  1.18796365e-07,
        1.14007022e-07,  1.09410754e-07,  1.04999778e-07,  1.00766628e-07,
        9.67041355e-08,  9.28054223e-08,  8.90638864e-08,  8.54731919e-08,
        8.20272581e-08,  7.87202493e-08,  7.55465648e-08,  7.25008299e-08,
        6.95778864e-08,  6.67727838e-08,  6.40807715e-08,  6.14972902e-08,
        5.90179643e-08,  5.66385948e-08,  5.43551520e-08,  5.21637683e-08,
        5.00607325e-08,  4.80424826e-08,  4.61056005e-08,  4.42468057e-08,
        4.24629500e-08,  4.07510123e-08,  3.91080931e-08,  3.75314098e-08,
        3.60182920e-08,  3.45661771e-08,  3.31726057e-08,  3.18352175e-08,
        3.05517475e-08,  2.93200218e-08,  2.81379544e-08,  2.70035432e-08,
        2.59148670e-08,  2.48700818e-08,  2.38674182e-08,  2.29051779e-08,
        2.19817314e-08,  2.10955145e-08,  2.02450263e-08,  1.94288265e-08,
        1.86455325e-08,  1.78938178e-08,  1.71724093e-08,  1.64800851e-08,
        1.58156726e-08,  1.51780465e-08,  1.45661270e-08,  1.39788777e-08,
        1.34153039e-08,  1.28744511e-08,  1.23554034e-08,  1.18572815e-08,
        1.13792420e-08,  1.09204751e-08,  1.04802039e-08,  1.00576826e-08,
        9.65219571e-09,  9.26305642e-09,  8.88960568e-09,  8.53121097e-09,
        8.18726531e-09,  7.85718616e-09,  7.54041448e-09,  7.23641377e-09,
        6.94466915e-09,  6.66468651e-09,  6.39599165e-09,  6.13812949e-09,
        5.89066331e-09,  5.65317397e-09,  5.42525925e-09,  5.20653315e-09,
        4.99662520e-09,  4.79517991e-09,  4.60185608e-09,  4.41632630e-09,
        4.23827633e-09,  4.06740463e-09,  3.90342180e-09,  3.74605009e-09,
        3.59502299e-09,  3.45008469e-09,  3.31098972e-09,  3.17750251e-09,
        3.04939697e-09,  2.92645613e-09,  2.80847178e-09,  2.69524408e-09,
        2.58658127e-09,  2.48229932e-09,  2.38222159e-09,  2.28617859e-09,
        2.19400767e-09,  2.10555271e-09,  2.02066390e-09,  1.93919747e-09,
        1.86101544e-09,  1.78598539e-09,  1.71398026e-09,  1.64487809e-09,
        1.57856183e-09,  1.51491919e-09,  1.45384236e-09,  1.39522791e-09,
        1.33897656e-09,  1.28499303e-09,  1.23318591e-09,  1.18346744e-09,
        1.13575342e-09,  1.08996304e-09,  1.04601875e-09,  1.00384611e-09,
        9.63373708e-10,  9.24532989e-10,  8.87258173e-10,  8.51486129e-10,
        8.17156270e-10,  7.84210454e-10,  7.52592882e-10,  7.22250004e-10,
        6.93130429e-10,  6.65184839e-10,  6.38365904e-10,  6.12628201e-10,
        5.87928139e-10,  5.64223885e-10,  5.41475292e-10,  5.19643831e-10,
        4.98692527e-10,  4.78585897e-10,  4.59289885e-10,  4.40771811e-10,
        4.23000312e-10,  4.05945288e-10,  3.89577856e-10,  3.73870292e-10,
        3.58795995e-10,  3.44329433e-10,  3.30446105e-10,  3.17122497e-10,
        3.04336044e-10,  2.92065090e-10,  2.80288851e-10,  2.68987384e-10,
        2.58141546e-10,  2.47732969e-10,  2.37744024e-10,  2.28157794e-10,
        2.18958042e-10,  2.10129188e-10,  2.01656277e-10,  1.93524961e-10,
        1.85721466e-10,  1.78232577e-10,  1.71045611e-10,  1.64148394e-10,
        1.57529245e-10,  1.51176954e-10,  1.45080762e-10,  1.39230344e-10,
        1.33615792e-10,  1.28227596e-10,  1.23056630e-10,  1.18094137e-10,
        1.13331712e-10,  1.08761289e-10,  1.04375127e-10,  1.00165797e-10,
        9.61261714e-11,  9.22494069e-11,  8.85289381e-11,  8.49584637e-11,
        8.15319366e-11,  7.82435534e-11,  7.50877446e-11,  7.20591655e-11,
        6.91526866e-11,  6.63633853e-11,  6.36865375e-11,  6.11176095e-11,
        5.86522504e-11,  5.62862848e-11,  5.40157054e-11,  5.18366668e-11,
        4.97454783e-11,  4.77385982e-11,  4.58126275e-11,  4.39643042e-11,
        4.21904980e-11,  4.04882045e-11,  3.88545408e-11,  3.72867399e-11,
        3.57821464e-11,  3.43382122e-11,  3.29524917e-11,  3.16226379e-11,
        3.03463985e-11,  2.91216120e-11,  2.79462041e-11,  2.68181839e-11,
        2.57356410e-11,  2.46967420e-11,  2.36997273e-11,  2.27429082e-11,
        2.18246643e-11,  2.09434404e-11,  2.00977439e-11,  1.92861426e-11,
        1.85072619e-11,  1.77597825e-11,  1.70424386e-11,  1.63540152e-11,
        1.56933463e-11,  1.50593131e-11,  1.44508415e-11,  1.38669012e-11,
        1.33065030e-11,  1.27686980e-11,  1.22525752e-11,  1.17572604e-11,
        1.12819149e-11,  1.08257334e-11,  1.03879435e-11,  9.96780355e-12,
        9.56460208e-12,  9.17765618e-12,  8.80631050e-12,  8.44993609e-12,
        8.10792938e-12,  7.77971113e-12,  7.46472544e-12,  7.16243884e-12,
        6.87233936e-12,  6.59393565e-12,  6.32675622e-12,  6.07034853e-12,
        5.82427833e-12,  5.58812885e-12,  5.36150013e-12,  5.14400835e-12,
        4.93528515e-12,  4.73497702e-12,  4.54274470e-12,  4.35826262e-12,
        4.18121834e-12,  4.01131198e-12,  3.84825580e-12,  3.69177363e-12,
        3.54160044e-12,  3.39748190e-12,  3.25917390e-12,  3.12644221e-12,
        2.99906202e-12,  2.87681759e-12,  2.75950188e-12,  2.64691621e-12,
        2.53886988e-12,  2.43517990e-12,  2.33567066e-12,  2.24017363e-12,
        2.14852706e-12,  2.06057573e-12,  1.97617068e-12,  1.89516897e-12,
        1.81743340e-12,  1.74283231e-12,  1.67123936e-12,  1.60253329e-12,
        1.53659774e-12,  1.47332102e-12,  1.41259599e-12,  1.35431977e-12,
        1.29839369e-12,  1.24472301e-12,  1.19321683e-12,  1.14378793e-12,
        1.09635259e-12,  1.05083046e-12,  1.00714445e-12,  9.65220567e-13,
        9.24987809e-13,  8.86378034e-13,  8.49325849e-13,  8.13768502e-13,
        7.79645770e-13,  7.46899861e-13,  7.15475314e-13,  6.85318906e-13,
        6.56379564e-13,  6.28608272e-13,  6.01957998e-13,  5.76383602e-13,
        5.51841773e-13,  5.28290943e-13,  5.05691225e-13,  4.84004344e-13,
        4.63193569e-13,  4.43223654e-13,  4.24060776e-13,  4.05672480e-13,
        3.88027623e-13,  3.71096320e-13,  3.54849895e-13,  3.39260832e-13,
        3.24302728e-13,  3.09950251e-13,  2.96179090e-13,  2.82965923e-13,
        2.70288372e-13,  2.58124964e-13,  2.46455098e-13,  2.35259011e-13,
        2.24517740e-13,  2.14213092e-13,  2.04327615e-13,  1.94844566e-13,
        1.85747885e-13,  1.77022164e-13,  1.68652626e-13,  1.60625094e-13,
        1.52925974e-13,  1.45542225e-13,  1.38461341e-13,  1.31671331e-13,
        1.25160694e-13,  1.18918404e-13,  1.12933887e-13,  1.07197009e-13,
        1.01698052e-13,  9.64277047e-14,  9.13770394e-14,  8.65375024e-14,
        8.19008972e-14,  7.74593709e-14,  7.32054010e-14,  6.91317828e-14,
        6.52316170e-14,  6.14982979e-14,  5.79255027e-14,  5.45071801e-14,
        5.12375408e-14,  4.81110471e-14,  4.51224036e-14,  4.22665488e-14,
        3.95386457e-14,  3.69340741e-14,  3.44484229e-14,  3.20774822e-14,
        2.98172364e-14,  2.76638574e-14,  2.56136980e-14,  2.36632862e-14,
        2.18093184e-14,  2.00486547e-14,  1.83783132e-14,  1.67954647e-14,
        1.52974287e-14,  1.38816678e-14,  1.25457842e-14,  1.12875155e-14,
        1.01047304e-14,  8.99542590e-15,  7.95772307e-15,  6.98986442e-15,
        6.09021074e-15,  5.25723831e-15,  4.48953636e-15,  3.78580466e-15,
        3.14485133e-15,  2.56559080e-15,  2.04704202e-15,  1.58832673e-15,
        1.18866802e-15,  8.47389007e-16,  5.63911681e-16,  3.37755926e-16,
        1.68538711e-16,  5.59734386e-17, -0.00000000e+00,  0.00000000e+00])], 2: []}
v = [-3.49073042e-129 -1.11967381e-128 -3.58314277e-128 -1.14402124e-127
 -3.64419360e-127 -1.15815364e-126 -3.67221663e-126 -1.16168342e-125
 -3.66644075e-125 -1.15451328e-124 -3.62702521e-124 -1.13684066e-123
 -3.55505237e-123 -1.10914873e-122 -3.45247828e-122 -1.07218445e-121
 -3.32204441e-121 -1.02692504e-120 -3.16715587e-120 -9.74535156e-120
 -2.99173392e-119 -9.16317122e-119 -2.80005150e-118 -8.53657417e-118
 -2.59656141e-117 -7.87972315e-117 -2.38572676e-116 -7.20655699e-116
 -2.17186252e-115 -6.53031630e-115 -1.95899571e-114 -5.86313824e-114
 -1.75075012e-113 -5.21573569e-113 -1.55025938e-112 -4.59716977e-112
 -1.36011020e-111 -4.01471790e-111 -1.18231542e-110 -3.47383392e-110
 -1.01831498e-109 -2.97819132e-109 -8.69001321e-109 -2.52979693e-108
 -7.34764671e-108 -2.12915978e-107 -6.15553240e-107 -1.77549875e-106
 -5.10943056e-106 -1.46697264e-105 -4.20212442e-105 -1.20091752e-104
 -3.42416621e-104 -9.74078313e-104 -2.76458720e-103 -7.82823928e-103
 -2.21154242e-102 -6.23338333e-102 -1.75287028e-101 -4.91782538e-101
 -1.37655577e-100 -3.84425242e-100 -1.07109346e-099 -2.97742078e-099
 -8.25753545e-099 -2.28485192e-098 -6.30758414e-098 -1.73726243e-097
 -4.77381059e-097 -1.30876696e-096 -3.57978415e-096 -9.76896920e-096
 -2.65973288e-095 -7.22478096e-095 -1.95798215e-094 -5.29407579e-094
 -1.42813401e-093 -3.84366163e-093 -1.03209273e-092 -2.76496520e-092
 -7.39023081e-092 -1.97071452e-091 -5.24308398e-091 -1.39170534e-090
 -3.68557418e-090 -9.73778999e-090 -2.56692417e-089 -6.75092157e-089
 -1.77137487e-088 -4.63719433e-088 -1.21114885e-087 -3.15600128e-087
 -8.20491837e-087 -2.12818234e-086 -5.50732784e-086 -1.42190513e-085
 -3.66267185e-085 -9.41289598e-085 -2.41349608e-084 -6.17402480e-084
 -1.57575640e-083 -4.01244850e-083 -1.01936716e-082 -2.58377193e-082
 -6.53404954e-082 -1.64861325e-081 -4.15019232e-081 -1.04240847e-080
 -2.61239194e-080 -6.53257664e-080 -1.63003978e-079 -4.05892172e-079
 -1.00871112e-078 -2.50225060e-078 -6.19718138e-078 -1.53280548e-077
 -3.78785255e-077 -9.35772565e-077 -2.31301333e-076 -5.72679226e-076
 -1.42246435e-075 -3.55188982e-075 -8.93955749e-075 -2.27529295e-074
 -5.87891556e-074 -1.54851470e-073 -4.17508706e-073 -1.15614338e-072
 -3.29485205e-072 -9.66623072e-072 -2.91486428e-071 -9.00839984e-071
 -2.84264904e-070 -9.12309722e-070 -2.96703655e-069 -9.74799598e-069
 -3.22727887e-068 -1.07461828e-067 -3.59374660e-067 -1.20575542e-066
 -4.05557512e-066 -1.36669822e-065 -4.61231104e-065 -1.55819145e-064
 -5.26776430e-064 -1.78151219e-063 -6.02507864e-063 -2.03704530e-062
 -6.88260329e-062 -2.32309567e-061 -7.83054013e-061 -2.63497314e-060
 -8.84858139e-060 -2.96443903e-059 -9.90485191e-059 -3.29961331e-058
 -1.09564351e-057 -3.62541060e-057 -1.19516108e-056 -3.92451118e-056
 -1.28336977e-055 -4.17879053e-055 -1.35461261e-054 -4.37104870e-054
 -1.40381230e-053 -4.48681453e-053 -1.42702333e-052 -4.51596903e-052
 -1.42188719e-051 -4.45394528e-051 -1.38792127e-050 -4.30232003e-050
 -1.32659670e-049 -4.06870487e-049 -1.24119319e-048 -3.76595543e-048
 -1.13645397e-047 -3.41082237e-047 -1.01809401e-046 -3.02224879e-046
 -8.92234652e-046 -2.61955984e-045 -7.64843335e-045 -2.22078634e-044
 -6.41249389e-044 -1.84132019e-043 -5.25787836e-043 -1.49302715e-042
 -4.21597717e-042 -1.18385875e-041 -3.30575452e-041 -9.17927949e-041
 -2.53461662e-040 -6.95953536e-040 -1.90025219e-039 -5.15945881e-039
 -1.39302201e-038 -3.74000210e-038 -9.98492856e-038 -2.65079794e-037
 -6.99787541e-037 -1.83701687e-036 -4.79531279e-036 -1.24473569e-035
 -3.21287145e-035 -8.24641526e-035 -2.10471052e-034 -5.34163944e-034
 -1.34806719e-033 -3.38300809e-033 -8.44206820e-033 -2.09483010e-032
 -5.16895455e-032 -1.26826621e-031 -3.09436681e-031 -7.50735065e-031
 -1.81115254e-030 -4.34486885e-030 -1.03645759e-029 -2.45855280e-029
 -5.79910007e-029 -1.36017458e-028 -3.17235390e-028 -7.35735096e-028
 -1.69673544e-027 -3.89098497e-027 -8.87273882e-027 -2.01190988e-026
 -4.53640683e-026 -1.01711036e-025 -2.26765375e-025 -5.02733654e-025
 -1.10828563e-024 -2.42950586e-024 -5.29586228e-024 -1.14791010e-023
 -2.47418128e-023 -5.30282852e-023 -1.13014994e-022 -2.39506302e-022
 -5.04719649e-022 -1.05763510e-021 -2.20380854e-021 -4.56629770e-021
 -9.40820838e-021 -1.92753366e-020 -3.92689549e-020 -7.95516217e-020
 -1.60251111e-019 -3.21000248e-019 -6.39384337e-019 -1.26640005e-018
 -2.49420496e-018 -4.88478721e-018 -9.51286751e-018 -1.84216926e-017
 -3.54731615e-017 -6.79238883e-017 -1.29329458e-016 -2.44863838e-016
 -4.61003391e-016 -8.63049802e-016 -1.60664477e-015 -2.97410393e-015
 -5.47450284e-015 -1.00204101e-014 -1.82380574e-014 -3.30083583e-014
 -5.94048001e-014 -1.06309340e-013 -1.89179282e-013 -3.34755711e-013
 -5.89026301e-013 -1.03060834e-012 -1.79310157e-012 -3.10219009e-012
 -5.33684021e-012 -9.12961104e-012 -1.55300421e-011 -2.62691052e-011
 -4.41845277e-011 -7.39005124e-011 -1.22907103e-010 -2.03263227e-010
 -3.34266583e-010 -5.46612329e-010 -8.88828978e-010 -1.43717388e-009
 -2.31074895e-009 -3.69443948e-009 -5.87349633e-009 -9.28532717e-009
 -1.45965458e-008 -2.28168329e-008 -3.54660670e-008 -5.48179903e-008
 -8.42530471e-008 -1.28765811e-007 -1.95689705e-007 -2.95724885e-007
 -4.44385896e-007 -6.64026159e-007 -9.86648955e-007 -1.45778243e-006
 -2.14178253e-006 -3.12903682e-006 -4.54567784e-006 -6.56658171e-006
 -9.43263032e-006 -1.34734584e-005 -1.91371922e-005 -2.70290183e-005
 -3.79607960e-005 -5.30143453e-005 -7.36214936e-005 -1.01664437e-004
 -1.39600446e-004 -1.90615391e-004 -2.58810951e-004 -3.49430640e-004
 -4.69129895e-004 -6.26295339e-004 -8.31417891e-004 -1.09752357e-003
 -1.44066452e-003 -1.88047089e-003 -2.44076169e-003 -3.15020948e-003
 -4.04304996e-003 -5.15982244e-003 -6.54812225e-003 -8.26333996e-003
 -1.03693558e-002 -1.29391518e-002 -1.60552966e-002 -1.98102541e-002
 -2.43064612e-002 -2.96561158e-002 -3.59806194e-002 -4.34096152e-002
 -5.20795730e-002 -6.21318763e-002 -7.37103838e-002 -8.69584519e-002
 -1.02015427e-001 -1.19012640e-001 -1.38068963e-001 -1.59286021e-001
 -1.82743169e-001 -2.08492398e-001 -2.36553334e-001 -2.66908526e-001
 -2.99499245e-001 -3.34222006e-001 -3.70926037e-001 -4.09411895e-001
 -4.49431407e-001 -4.90689088e-001 -5.32845126e-001 -5.75519972e-001
 -6.18300517e-001 -6.60747753e-001 -7.02405759e-001 -7.42811778e-001
 -7.81507086e-001 -8.18048300e-001 -8.52018747e-001 -8.83039466e-001
 -9.10779430e-001 -9.34964589e-001 -9.55385350e-001 -9.71902178e-001
 -9.84449080e-001 -9.93034785e-001 -9.97741557e-001 -9.98721667e-001
 -9.96191633e-001 -9.90424457e-001 -9.81740147e-001 -9.70494894e-001
 -9.57069342e-001 -9.41856373e-001 -9.25248918e-001 -9.07628206e-001
 -8.89352918e-001 -8.70749594e-001 -8.52104637e-001 -8.33658121e-001
 -8.15599586e-001 -7.98065874e-001 -7.81140983e-001 -7.64857852e-001
 -7.49201895e-001 -7.34116047e-001 -7.19507046e-001 -7.05252638e-001
 -6.91209364e-001 -6.77220604e-001 -6.63124555e-001 -6.48761841e-001
 -6.33982505e-001 -6.18652161e-001 -6.02657134e-001 -5.85908482e-001
 -5.68344828e-001 -5.49933996e-001 -5.30673482e-001 -5.10589834e-001
 -4.89737052e-001 -4.68194149e-001 -4.46062017e-001 -4.23459780e-001
 -4.00520789e-001 -3.77388440e-001 -3.54211963e-001 -3.31142332e-001
 -3.08328416e-001 -2.85913484e-001 -2.64032131e-001 -2.42807703e-001
 -2.22350233e-001 -2.02754926e-001 -1.84101169e-001 -1.66452047e-001
 -1.49854333e-001 -1.34338898e-001 -1.19921484e-001 -1.06603776e-001
 -9.43747182e-002 -8.32119899e-002 -7.30836045e-002 -6.39495539e-002
 -5.57634567e-002 -4.84741626e-002 -4.20272767e-002 -3.63665734e-002
 -3.14352772e-002 -2.71771980e-002 -2.35377094e-002 -2.04645706e-002
 -1.79085928e-002 -1.58241571e-002 -1.41695949e-002 -1.29074411e-002
 -1.20045765e-002 -1.14322703e-002 -1.11661408e-002 -1.11860452e-002
 -1.14759139e-002 -1.20235401e-002 -1.28203348e-002 -1.38610580e-002
 -1.51435321e-002 -1.66683440e-002 -1.84385413e-002 -2.04593248e-002
 -2.27377415e-002 -2.52823773e-002 -2.81030531e-002 -3.12105215e-002
 -3.46161670e-002 -3.83317070e-002 -4.23688950e-002 -4.67392257e-002
 -5.14536409e-002 -5.65222382e-002 -6.19539819e-002 -6.77564176e-002
 -7.39353930e-002 -8.04947851e-002 -8.74362373e-002 -9.47589092e-002
 -1.02459242e-001 -1.10530740e-001 -1.18963780e-001 -1.27745442e-001
 -1.36859368e-001 -1.46285660e-001 -1.56000810e-001 -1.65977668e-001
 -1.76185460e-001 -1.86589843e-001 -1.97153010e-001 -2.07833845e-001
 -2.18588121e-001 -2.29368752e-001 -2.40126088e-001 -2.50808259e-001
 -2.61361559e-001 -2.71730868e-001 -2.81860116e-001 -2.91692766e-001
 -3.01172334e-001 -3.10242915e-001 -3.18849729e-001 -3.26939666e-001
 -3.34461827e-001 -3.41368058e-001 -3.47613463e-001 -3.53156883e-001
 -3.57961355e-001 -3.61994518e-001 -3.65228975e-001 -3.67642607e-001
 -3.69218821e-001 -3.69946742e-001 -3.69821336e-001 -3.68843471e-001
 -3.67019906e-001 -3.64363210e-001 -3.60891623e-001 -3.56628843e-001
 -3.51603758e-001 -3.45850122e-001 -3.39406176e-001 -3.32314222e-001
 -3.24620167e-001 -3.16373026e-001 -3.07624400e-001 -2.98427948e-001
 -2.88838837e-001 -2.78913196e-001 -2.68707581e-001 -2.58278442e-001
 -2.47681619e-001 -2.36971860e-001 -2.26202375e-001 -2.15424415e-001
 -2.04686909e-001 -1.94036125e-001 -1.83515394e-001 -1.73164869e-001
 -1.63021340e-001 -1.53118092e-001 -1.43484815e-001 -1.34147553e-001
 -1.25128705e-001 -1.16447059e-001 -1.08117871e-001 -1.00152968e-001
 -9.25608943e-002 -8.53470753e-002 -7.85140040e-002 -7.20614488e-002
 -6.59866734e-002 -6.02846662e-002 -5.49483769e-002 -4.99689538e-002
 -4.53359820e-002 -4.10377157e-002 -3.70613053e-002 -3.33930144e-002
 -3.00184263e-002 -2.69226371e-002 -2.40904357e-002 -2.15064681e-002
 -1.91553863e-002 -1.70219816e-002 -1.50913016e-002 -1.33487520e-002
 -1.17801822e-002 -1.03719577e-002 -9.11101671e-003 -7.98491565e-003
 -6.98186108e-003 -6.09073151e-003 -5.30108891e-003 -4.60318154e-003
 -3.98793892e-003 -3.44696025e-003 -2.97249706e-003 -2.55743128e-003
 -2.19524954e-003 -1.88001449e-003 -1.60633410e-003 -1.36932944e-003
 -1.16460162e-003 -9.88198561e-004 -8.36581826e-004 -7.06594114e-004
 -5.95427634e-004 -5.00593653e-004 -4.19893423e-004 -3.51390639e-004
 -2.93385526e-004 -2.44390636e-004 -2.03108370e-004 -1.68410226e-004
 -1.39317759e-004 -1.14985184e-004 -9.46835794e-005 -7.77866078e-005
 -6.37576614e-005 -5.21383528e-005 -4.25382496e-005 -3.46257593e-005
 -2.81200687e-005 -2.27840450e-005 -1.84180083e-005 -1.48542894e-005
 -1.19524924e-005 -9.59538609e-006 -7.68535288e-006 -6.14133169e-006
 -4.89619466e-006 -3.89450422e-006 -3.09060187e-006 -2.44698512e-006
 -1.93293378e-006 -1.52335108e-006 -1.19778926e-006 -9.39632876e-007
 -7.35416510e-007 -5.74256512e-007 -4.47379277e-007 -3.47730816e-007
 -2.69654627e-007 -2.08626732e-007 -1.61038388e-007 -1.24018437e-007
 -9.52884971e-008 -7.30452670e-008 -5.58651624e-008 -4.26272614e-008
 -3.24512312e-008 -2.46474678e-008 -1.86771591e-008 -1.41203905e-008
 -1.06507449e-008 -8.01513118e-009 -6.01781275e-009 -4.50779426e-009
 -3.36889041e-009 -2.51192728e-009 -1.86863562e-009 -1.38688217e-009
 -1.02695612e-009 -7.58685162e-010 -5.59201948e-010 -4.11218971e-010
 -3.01699778e-010 -2.20838210e-010 -1.61276403e-010 -1.17507293e-010
 -8.54193366e-011 -6.19505189e-011 -4.48261132e-011 -3.23604536e-011
 -2.33074896e-011 -1.67484175e-011 -1.20074127e-011 -8.58860205e-012
 -6.12904632e-012 -4.36375850e-012 -3.09974447e-012 -2.19678958e-012
 -1.55327520e-012 -1.09573552e-012 -7.71188330e-013 -5.41517556e-013
 -3.79369153e-013 -2.65160524e-013 -1.84906895e-013 -1.28645536e-013
 -8.92963527e-014 -6.18400882e-014 -4.27271437e-014 -2.94533707e-014
 -2.02564589e-014 -1.38991881e-014 -9.51508601e-015 -6.49880320e-015
 -4.42844683e-015 -3.01069572e-015 -2.04211256e-015 -1.38194217e-015
 -9.33033941e-016 -6.28495825e-016 -4.22381350e-016 -2.83207305e-016
 -1.89453028e-016 -1.26443361e-016 -8.41953084e-017 -5.59341619e-017
 -3.70735146e-017 -2.45158957e-017 -1.61744362e-017 -1.06465260e-017
 -6.99172065e-018 -4.58097159e-018 -2.99452891e-018 -1.95297554e-018
 -1.27075690e-018 -8.24946023e-019 -5.34300979e-019 -3.45258030e-019
 -2.22586585e-019 -1.43169849e-019 -9.18758838e-020 -5.88232307e-020
 -3.75745335e-020 -2.39461503e-020 -1.52256272e-020 -9.65855281e-021
 -6.11288617e-021 -3.85991676e-021 -2.43168296e-021 -1.52838704e-021
 -9.58422763e-022 -5.99622990e-022 -3.74280166e-022 -2.33084145e-022
 -1.44819163e-022 -8.97711343e-023 -5.55194014e-023 -3.42570703e-023
 -2.10888571e-023 -1.29524895e-023 -7.93689871e-024 -4.85227947e-024
 -2.95963501e-024 -1.80105878e-024 -1.09349047e-024 -6.62368231e-025
 -4.00296110e-025 -2.41357404e-025 -1.45190187e-025 -8.71387415e-026
 -5.21774299e-026 -3.11710524e-026 -1.85787986e-026 -1.10479366e-026
 -6.55453818e-027 -3.87972018e-027 -2.29116355e-027 -1.34992351e-027
 -7.93523170e-028 -4.65379709e-028 -2.72303145e-028 -1.58962708e-028
 -9.25838480e-029 -5.37987994e-029 -3.11894217e-029 -1.80401208e-029
 -1.04104366e-029 -5.99371136e-030 -3.44286575e-030 -1.97306654e-030
 -1.12813418e-030 -6.43542400e-031 -3.66261234e-031 -2.07970686e-031
 -1.17817737e-031 -6.65911641e-032 -3.75508629e-032 -2.11261625e-032
 -1.18581978e-032 -6.64070441e-033 -3.71028259e-033 -2.06822226e-033
 -1.15023031e-033 -6.38219092e-034 -3.53306930e-034 -1.95133530e-034
 -1.07524895e-034 -5.91130727e-035 -3.24231663e-035 -1.77429036e-035
 -9.68704562e-036 -5.27661464e-036 -2.86758825e-036 -1.55480378e-036
 -8.41069267e-037 -4.53926275e-037 -2.44419731e-037 -1.31306003e-037
 -7.03769243e-038 -3.76333922e-038 -2.00776940e-038 -1.06868983e-038
 -5.67527490e-039 -3.00690364e-039 -1.58945962e-039 -8.38256386e-040
 -4.41064011e-040 -2.31538788e-040 -1.21267178e-040 -6.33665651e-041
 -3.30350101e-041 -1.71824901e-041 -8.91651493e-042 -4.61638012e-042
 -2.38454413e-042 -1.22887171e-042 -6.31837085e-043 -3.24116439e-043
 -1.65880137e-043 -8.47003285e-044 -4.31492433e-044 -2.19310111e-044
 -1.11209403e-044 -5.62628518e-045 -2.83987586e-045 -1.43012617e-045
 -7.18533019e-046 -3.60177425e-046 -1.80128996e-046 -8.98769137e-047
 -4.47414498e-047 -2.22212936e-047 -1.10109807e-047 -5.44352283e-048
 -2.68492078e-048 -1.32123566e-048 -6.48673977e-049 -3.17738651e-049
 -1.55278383e-049 -7.57093181e-050 -3.68285864e-050 -1.78738515e-050
 -8.65463237e-051 -4.18096454e-051 -2.01512376e-051 -9.69001270e-052
 -4.64883732e-052 -2.22516251e-052 -1.06261636e-052 -5.06277523e-053
 -2.40656820e-053 -1.14131384e-053 -5.40019416e-054 -2.54924189e-054
 -1.20063251e-054 -5.64165513e-055 -2.64484576e-055 -1.23706223e-055
 -5.77271512e-056 -2.68760899e-056 -1.24838754e-056 -5.78535681e-057
 -2.67490432e-057 -1.23391072e-057 -5.67880039e-058 -2.60751521e-058
 -1.19452290e-058 -5.45958321e-059 -2.48955589e-059 -1.13261329e-059
 -5.14089587e-060 -2.32805557e-060 -1.05182929e-060 -4.74126857e-061
 -2.13226528e-061 -9.56720975e-062 -4.28278957e-062 -1.91278237e-062
 -8.52318203e-063 -3.78909373e-063 -1.68060757e-063 -7.43694660e-064
 -3.28337428e-064 -1.44625044e-064 -6.35570885e-065 -2.78664642e-065
 -1.21898152e-065 -5.31997703e-066 -2.31643316e-066 -1.00629930e-066
 -4.36146058e-067 -1.88596710e-067 -8.13642554e-068 -3.50211641e-068
 -1.50392051e-068 -6.44342188e-069 -2.75426444e-069 -1.17460564e-069
 -4.99776594e-070 -2.12156882e-070 -8.98536484e-071 -3.79674727e-071
 -1.60060822e-071 -6.73218094e-072 -2.82503542e-072 -1.18274030e-072
 -4.94028809e-073 -2.05879231e-073 -8.55992933e-074 -3.55079175e-074
 -1.46952713e-074 -6.06774602e-075 -2.49962328e-075 -1.02735162e-075
 -4.21270492e-076 -1.72345660e-076 -7.03456172e-077 -2.86464703e-077
 -1.16386491e-077 -4.71771183e-078 -1.90790887e-078 -7.69805884e-079
 -3.09886179e-079 -1.24457355e-079 -4.98696490e-080 -1.99365238e-080
 -7.95169916e-081 -3.16422842e-081 -1.25624138e-081 -4.97594698e-082
 -1.96641770e-082 -7.75306075e-083 -3.04977626e-083 -1.19690630e-083
 -4.68651175e-084 -1.83078205e-084 -7.13544339e-085 -2.77461458e-085
 -1.07641997e-085 -4.16637357e-086 -1.60891111e-086 -6.19873792e-087
 -2.38271381e-087 -9.13772046e-088 -3.49624000e-088 -1.33463339e-088
 -5.08300009e-089 -1.93141513e-089 -7.32197975e-090 -2.76935607e-090
 -1.04502446e-090 -3.93433640e-091 -1.47779404e-091 -5.53800967e-092
 -2.07057464e-092 -7.72370101e-093 -2.87446747e-093 -1.06730052e-093
 -3.95378845e-094 -1.46129372e-094 -5.38838955e-095 -1.98233859e-095
 -7.27602306e-096 -2.66445064e-096 -9.73461262e-097 -3.54835489e-097
 -1.29042511e-097 -4.68204888e-098 -1.69487027e-098 -6.12116890e-099
 -2.20561469e-099 -7.92907102e-100 -2.84388710e-100 -1.01765314e-100
 -3.63316050e-101 -1.29409683e-101 -4.59881926e-102 -1.63050934e-102
 -5.76763308e-103 -2.03549171e-103 -7.16701695e-104 -2.51770538e-104
 -8.82406634e-105 -3.08553163e-105 -1.07643701e-105 -3.74666293e-106
 -1.30106204e-106 -4.50763528e-107 -1.55810569e-107 -5.37331671e-108
 -1.84878048e-108 -6.34637361e-109 -2.17351832e-109 -7.42674233e-110
 -2.53180812e-110 -8.61113905e-111 -2.92205104e-111 -9.89264383e-112
 -3.34144511e-112 -1.12603962e-112 -3.78591091e-113 -1.26994377e-113
 -4.25006893e-114 -1.41907333e-114 -4.72727734e-115 -1.57113936e-115
 -5.20973601e-116 -1.72351118e-116 -5.68865867e-117 -1.87328143e-117
 -6.15451112e-118 -2.01735103e-118 -6.59730815e-119 -2.15253116e-119
 -7.00695784e-120 -2.27565774e-120 -7.37363718e-121 -2.38371301e-121
 -7.68818011e-122 -2.47394770e-122 -7.94245676e-123 -2.54399695e-123]
symrep = 0 - 0.89*np.exp(-(x--5.114879999999999)**2/(2*0.5333333333333333**2))- 0.37*np.exp(-(x-0.23435999999999998)**2/(2*0.8333333333333335**2))- 0.54*np.exp(-(x--3.9851999999999994)**2/(2*0.6**2))
    