energies = {0: [-0.43224693896099836], 1: [-0.20558035165670352], 2: []}
wfns = {0: [array([ 0.00000000e+00,  1.71346119e-09,  3.42929744e-09,  5.14988711e-09,
        6.87761515e-09,  8.61487639e-09,  1.03640789e-08,  1.21276473e-08,
        1.39080260e-08,  1.57076830e-08,  1.75291127e-08,  1.93748399e-08,
        2.12474229e-08,  2.31494574e-08,  2.50835799e-08,  2.70524713e-08,
        2.90588606e-08,  3.11055291e-08,  3.31953135e-08,  3.53311107e-08,
        3.75158811e-08,  3.97526530e-08,  4.20445269e-08,  4.43946796e-08,
        4.68063686e-08,  4.92829370e-08,  5.18278175e-08,  5.44445376e-08,
        5.71367243e-08,  5.99081095e-08,  6.27625346e-08,  6.57039561e-08,
        6.87364513e-08,  7.18642235e-08,  7.50916081e-08,  7.84230789e-08,
        8.18632535e-08,  8.54169004e-08,  8.90889455e-08,  9.28844786e-08,
        9.68087609e-08,  1.00867232e-07,  1.05065517e-07,  1.09409435e-07,
        1.13905009e-07,  1.18558468e-07,  1.23376264e-07,  1.28365074e-07,
        1.33531813e-07,  1.38883644e-07,  1.44427985e-07,  1.50172520e-07,
        1.56125212e-07,  1.62294313e-07,  1.68688373e-07,  1.75316256e-07,
        1.82187148e-07,  1.89310573e-07,  1.96696406e-07,  2.04354884e-07,
        2.12296623e-07,  2.20532630e-07,  2.29074322e-07,  2.37933539e-07,
        2.47122560e-07,  2.56654123e-07,  2.66541440e-07,  2.76798216e-07,
        2.87438667e-07,  2.98477543e-07,  3.09930145e-07,  3.21812347e-07,
        3.34140620e-07,  3.46932053e-07,  3.60204375e-07,  3.73975984e-07,
        3.88265969e-07,  4.03094138e-07,  4.18481044e-07,  4.34448015e-07,
        4.51017183e-07,  4.68211516e-07,  4.86054847e-07,  5.04571908e-07,
        5.23788367e-07,  5.43730860e-07,  5.64427029e-07,  5.85905563e-07,
        6.08196232e-07,  6.31329935e-07,  6.55338738e-07,  6.80255919e-07,
        7.06116017e-07,  7.32954878e-07,  7.60809702e-07,  7.89719100e-07,
        8.19723145e-07,  8.50863425e-07,  8.83183104e-07,  9.16726982e-07,
        9.51541554e-07,  9.87675078e-07,  1.02517764e-06,  1.06410122e-06,
        1.10449977e-06,  1.14642930e-06,  1.18994791e-06,  1.23511594e-06,
        1.28199598e-06,  1.33065303e-06,  1.38115452e-06,  1.43357046e-06,
        1.48797350e-06,  1.54443905e-06,  1.60304538e-06,  1.66387373e-06,
        1.72700841e-06,  1.79253692e-06,  1.86055012e-06,  1.93114225e-06,
        2.00441119e-06,  2.08045848e-06,  2.15938954e-06,  2.24131377e-06,
        2.32634473e-06,  2.41460029e-06,  2.50620278e-06,  2.60127917e-06,
        2.69996124e-06,  2.80238579e-06,  2.90869478e-06,  3.01903558e-06,
        3.13356112e-06,  3.25243015e-06,  3.37580745e-06,  3.50386403e-06,
        3.63677738e-06,  3.77473175e-06,  3.91791835e-06,  4.06653566e-06,
        4.22078968e-06,  4.38089422e-06,  4.54707122e-06,  4.71955100e-06,
        4.89857265e-06,  5.08438431e-06,  5.27724355e-06,  5.47741768e-06,
        5.68518418e-06,  5.90083102e-06,  6.12465714e-06,  6.35697276e-06,
        6.59809992e-06,  6.84837285e-06,  7.10813844e-06,  7.37775678e-06,
        7.65760157e-06,  7.94806073e-06,  8.24953686e-06,  8.56244785e-06,
        8.88722742e-06,  9.22432576e-06,  9.57421014e-06,  9.93736552e-06,
        1.03142953e-05,  1.07055219e-05,  1.11115877e-05,  1.15330555e-05,
        1.19705095e-05,  1.24245561e-05,  1.28958246e-05,  1.33849682e-05,
        1.38926651e-05,  1.44196189e-05,  1.49665600e-05,  1.55342465e-05,
        1.61234654e-05,  1.67350334e-05,  1.73697982e-05,  1.80286396e-05,
        1.87124708e-05,  1.94222398e-05,  2.01589304e-05,  2.09235637e-05,
        2.17171996e-05,  2.25409382e-05,  2.33959212e-05,  2.42833338e-05,
        2.52044060e-05,  2.61604146e-05,  2.71526846e-05,  2.81825916e-05,
        2.92515630e-05,  3.03610807e-05,  3.15126825e-05,  3.27079646e-05,
        3.39485840e-05,  3.52362602e-05,  3.65727781e-05,  3.79599903e-05,
        3.93998196e-05,  4.08942618e-05,  4.24453885e-05,  4.40553495e-05,
        4.57263766e-05,  4.74607860e-05,  4.92609818e-05,  5.11294592e-05,
        5.30688083e-05,  5.50817171e-05,  5.71709759e-05,  5.93394805e-05,
        6.15902368e-05,  6.39263647e-05,  6.63511022e-05,  6.88678103e-05,
        7.14799775e-05,  7.41912247e-05,  7.70053098e-05,  7.99261336e-05,
        8.29577447e-05,  8.61043452e-05,  8.93702968e-05,  9.27601264e-05,
        9.62785327e-05,  9.99303927e-05,  1.03720768e-04,  1.07654913e-04,
        1.11738281e-04,  1.15976532e-04,  1.20375540e-04,  1.24941403e-04,
        1.29680450e-04,  1.34599250e-04,  1.39704621e-04,  1.45003639e-04,
        1.50503649e-04,  1.56212276e-04,  1.62137432e-04,  1.68287330e-04,
        1.74670495e-04,  1.81295774e-04,  1.88172351e-04,  1.95309758e-04,
        2.02717887e-04,  2.10407008e-04,  2.18387778e-04,  2.26671261e-04,
        2.35268937e-04,  2.44192724e-04,  2.53454992e-04,  2.63068579e-04,
        2.73046811e-04,  2.83403519e-04,  2.94153058e-04,  3.05310329e-04,
        3.16890797e-04,  3.28910514e-04,  3.41386141e-04,  3.54334970e-04,
        3.67774950e-04,  3.81724711e-04,  3.96203589e-04,  4.11231652e-04,
        4.26829732e-04,  4.43019450e-04,  4.59823246e-04,  4.77264413e-04,
        4.95367126e-04,  5.14156477e-04,  5.33658512e-04,  5.53900262e-04,
        5.74909784e-04,  5.96716201e-04,  6.19349739e-04,  6.42841770e-04,
        6.67224858e-04,  6.92532800e-04,  7.18800676e-04,  7.46064896e-04,
        7.74363253e-04,  8.03734971e-04,  8.34220762e-04,  8.65862885e-04,
        8.98705198e-04,  9.32793224e-04,  9.68174215e-04,  1.00489721e-03,
        1.04301312e-03,  1.08257477e-03,  1.12363700e-03,  1.16625672e-03,
        1.21049302e-03,  1.25640721e-03,  1.30406292e-03,  1.35352623e-03,
        1.40486569e-03,  1.45815246e-03,  1.51346041e-03,  1.57086620e-03,
        1.63044940e-03,  1.69229259e-03,  1.75648151e-03,  1.82310513e-03,
        1.89225579e-03,  1.96402934e-03,  2.03852528e-03,  2.11584686e-03,
        2.19610125e-03,  2.27939971e-03,  2.36585770e-03,  2.45559504e-03,
        2.54873614e-03,  2.64541010e-03,  2.74575091e-03,  2.84989767e-03,
        2.95799473e-03,  3.07019192e-03,  3.18664478e-03,  3.30751471e-03,
        3.43296925e-03,  3.56318230e-03,  3.69833436e-03,  3.83861275e-03,
        3.98421192e-03,  4.13533370e-03,  4.29218754e-03,  4.45499088e-03,
        4.62396937e-03,  4.79935724e-03,  4.98139760e-03,  5.17034278e-03,
        5.36645468e-03,  5.57000514e-03,  5.78127629e-03,  6.00056099e-03,
        6.22816320e-03,  6.46439839e-03,  6.70959402e-03,  6.96408995e-03,
        7.22823896e-03,  7.50240718e-03,  7.78697464e-03,  8.08233578e-03,
        8.38890002e-03,  8.70709229e-03,  9.03735363e-03,  9.38014183e-03,
        9.73593203e-03,  1.01052174e-02,  1.04885098e-02,  1.08863405e-02,
        1.12992609e-02,  1.17278435e-02,  1.21726821e-02,  1.26343935e-02,
        1.31136174e-02,  1.36110182e-02,  1.41272851e-02,  1.46631336e-02,
        1.52193063e-02,  1.57965738e-02,  1.63957359e-02,  1.70176225e-02,
        1.76630951e-02,  1.83330472e-02,  1.90284062e-02,  1.97501342e-02,
        2.04992292e-02,  2.12767264e-02,  2.20836991e-02,  2.29212604e-02,
        2.37905638e-02,  2.46928045e-02,  2.56292204e-02,  2.66010929e-02,
        2.76097475e-02,  2.86565545e-02,  2.97429292e-02,  3.08703315e-02,
        3.20402656e-02,  3.32542788e-02,  3.45139599e-02,  3.58209365e-02,
        3.71768717e-02,  3.85834595e-02,  4.00424191e-02,  4.15554872e-02,
        4.31244091e-02,  4.47509278e-02,  4.64367699e-02,  4.81836303e-02,
        4.99931527e-02,  5.18669079e-02,  5.38063676e-02,  5.58128756e-02,
        5.78876137e-02,  6.00315644e-02,  6.22454682e-02,  6.45297772e-02,
        6.68846036e-02,  6.93096642e-02,  7.18042211e-02,  7.43670181e-02,
        7.69962150e-02,  7.96893195e-02,  8.24431190e-02,  8.52536123e-02,
        8.81159437e-02,  9.10243423e-02,  9.39720668e-02,  9.69513597e-02,
        9.99534128e-02,  1.02968347e-01,  1.05985207e-01,  1.08991981e-01,
        1.11975634e-01,  1.14922171e-01,  1.17816723e-01,  1.20643661e-01,
        1.23386734e-01,  1.26029235e-01,  1.28554191e-01,  1.30944575e-01,
        1.33183535e-01,  1.35254643e-01,  1.37142140e-01,  1.38831198e-01,
        1.40308169e-01,  1.41560827e-01,  1.42578588e-01,  1.43352710e-01,
        1.43876458e-01,  1.44145239e-01,  1.44156686e-01,  1.43910712e-01,
        1.43409505e-01,  1.42657489e-01,  1.41661236e-01,  1.40429338e-01,
        1.38972241e-01,  1.37302052e-01,  1.35432319e-01,  1.33377786e-01,
        1.31154150e-01,  1.28777797e-01,  1.26265558e-01,  1.23634454e-01,
        1.20901474e-01,  1.18083354e-01,  1.15196389e-01,  1.12256267e-01,
        1.09277921e-01,  1.06275424e-01,  1.03261889e-01,  1.00249417e-01,
        9.72490493e-02,  9.42707542e-02,  9.13234282e-02,  8.84149153e-02,
        8.55520405e-02,  8.27406547e-02,  7.99856890e-02,  7.72912156e-02,
        7.46605132e-02,  7.20961345e-02,  6.95999754e-02,  6.71733425e-02,
        6.48170193e-02,  6.25313299e-02,  6.03161984e-02,  5.81712053e-02,
        5.60956385e-02,  5.40885411e-02,  5.21487533e-02,  5.02749513e-02,
        4.84656802e-02,  4.67193849e-02,  4.50344349e-02,  4.34091478e-02,
        4.18418075e-02,  4.03306812e-02,  3.88740329e-02,  3.74701343e-02,
        3.61172747e-02,  3.48137681e-02,  3.35579593e-02,  3.23482285e-02,
        3.11829952e-02,  3.00607201e-02,  2.89799076e-02,  2.79391066e-02,
        2.69369110e-02,  2.59719604e-02,  2.50429392e-02,  2.41485768e-02,
        2.32876467e-02,  2.24589655e-02,  2.16613921e-02,  2.08938270e-02,
        2.01552105e-02,  1.94445221e-02,  1.87607791e-02,  1.81030358e-02,
        1.74703816e-02,  1.68619408e-02,  1.62768707e-02,  1.57143609e-02,
        1.51736320e-02,  1.46539348e-02,  1.41545493e-02,  1.36747832e-02,
        1.32139718e-02,  1.27714764e-02,  1.23466837e-02,  1.19390048e-02,
        1.15478748e-02,  1.11727515e-02,  1.08131149e-02,  1.04684666e-02,
        1.01383288e-02,  9.82224400e-03,  9.51977398e-03,  9.23049950e-03,
        8.95401959e-03,  8.68995099e-03,  8.43792766e-03,  8.19760020e-03,
        7.96863541e-03,  7.75071579e-03,  7.54353904e-03,  7.34681761e-03,
        7.16027820e-03,  6.98366125e-03,  6.81672039e-03,  6.65922178e-03,
        6.51094338e-03,  6.37167400e-03,  6.24121218e-03,  6.11936469e-03,
        6.00594470e-03,  5.90076939e-03,  5.80365692e-03,  5.71442268e-03,
        5.63287462e-03,  5.55880762e-03,  5.49199682e-03,  5.43218981e-03,
        5.37909792e-03,  5.33238658e-03,  5.29166523e-03,  5.25647710e-03,
        5.22628960e-03,  5.20048599e-03,  5.17835934e-03,  5.15910974e-03,
        5.14184580e-03,  5.12559149e-03,  5.10929894e-03,  5.09186775e-03,
        5.07217077e-03,  5.04908561e-03,  5.02153085e-03,  4.98850486e-03,
        4.94912498e-03,  4.90266420e-03,  4.84858258e-03,  4.78655066e-03,
        4.71646293e-03,  4.63843985e-03,  4.55281838e-03,  4.46013150e-03,
        4.36107858e-03,  4.25648895e-03,  4.14728158e-03,  4.03442387e-03,
        3.91889237e-03,  3.80163767e-03,  3.68355530e-03,  3.56546345e-03,
        3.44808785e-03,  3.33205355e-03,  3.21788268e-03,  3.10599722e-03,
        2.99672554e-03,  2.89031154e-03,  2.78692519e-03,  2.68667367e-03,
        2.58961223e-03,  2.49575441e-03,  2.40508115e-03,  2.31754868e-03,
        2.23309509e-03,  2.15164578e-03,  2.07311769e-03,  1.99742263e-03,
        1.92446975e-03,  1.85416736e-03,  1.78642425e-03,  1.72115056e-03,
        1.65825842e-03,  1.59766229e-03,  1.53927919e-03,  1.48302883e-03,
        1.42883359e-03,  1.37661860e-03,  1.32631159e-03,  1.27784291e-03,
        1.23114543e-03,  1.18615444e-03,  1.14280759e-03,  1.10104479e-03,
        1.06080818e-03,  1.02204197e-03,  9.84692432e-04,  9.48707798e-04,
        9.14038186e-04,  8.80635542e-04,  8.48453566e-04,  8.17447648e-04,
        7.87574811e-04,  7.58793649e-04,  7.31064266e-04,  7.04348226e-04,
        6.78608498e-04,  6.53809404e-04,  6.29916568e-04,  6.06896873e-04,
        5.84718411e-04,  5.63350438e-04,  5.42763338e-04,  5.22928573e-04,
        5.03818650e-04,  4.85407081e-04,  4.67668344e-04,  4.50577853e-04,
        4.34111916e-04,  4.18247712e-04,  4.02963249e-04,  3.88237342e-04,
        3.74049579e-04,  3.60380293e-04,  3.47210539e-04,  3.34522060e-04,
        3.22297269e-04,  3.10519221e-04,  2.99171590e-04,  2.88238648e-04,
        2.77705238e-04,  2.67556762e-04,  2.57779152e-04,  2.48358855e-04,
        2.39282813e-04,  2.30538446e-04,  2.22113634e-04,  2.13996697e-04,
        2.06176386e-04,  1.98641861e-04,  1.91382676e-04,  1.84388772e-04,
        1.77650452e-04,  1.71158378e-04,  1.64903550e-04,  1.58877298e-04,
        1.53071269e-04,  1.47477415e-04,  1.42087983e-04,  1.36895502e-04,
        1.31892775e-04,  1.27072867e-04,  1.22429097e-04,  1.17955029e-04,
        1.13644461e-04,  1.09491418e-04,  1.05490143e-04,  1.01635090e-04,
        9.79209162e-05,  9.43424721e-05,  9.08947982e-05,  8.75731154e-05,
        8.43728195e-05,  8.12894745e-05,  7.83188066e-05,  7.54566980e-05,
        7.26991816e-05,  7.00424349e-05,  6.74827756e-05,  6.50166555e-05,
        6.26406564e-05,  6.03514847e-05,  5.81459676e-05,  5.60210477e-05,
        5.39737799e-05,  5.20013261e-05,  5.01009526e-05,  4.82700250e-05,
        4.65060054e-05,  4.48064488e-05,  4.31689994e-05,  4.15913874e-05,
        4.00714261e-05,  3.86070087e-05,  3.71961052e-05,  3.58367600e-05,
        3.45270889e-05,  3.32652766e-05,  3.20495739e-05,  3.08782958e-05,
        2.97498187e-05,  2.86625785e-05,  2.76150681e-05,  2.66058355e-05,
        2.56334818e-05,  2.46966592e-05,  2.37940692e-05,  2.29244606e-05,
        2.20866281e-05,  2.12794103e-05,  2.05016884e-05,  1.97523843e-05,
        1.90304593e-05,  1.83349129e-05,  1.76647809e-05,  1.70191344e-05,
        1.63970785e-05,  1.57977509e-05,  1.52203209e-05,  1.46639882e-05,
        1.41279814e-05,  1.36115578e-05,  1.31140014e-05,  1.26346226e-05,
        1.21727570e-05,  1.17277642e-05,  1.12990276e-05,  1.08859527e-05,
        1.04879671e-05,  1.01045191e-05,  9.73507721e-06,  9.37912929e-06,
        9.03618197e-06,  8.70575989e-06,  8.38740504e-06,  8.08067616e-06,
        7.78514806e-06,  7.50041113e-06,  7.22607067e-06,  6.96174641e-06,
        6.70707198e-06,  6.46169436e-06,  6.22527343e-06,  5.99748148e-06,
        5.77800276e-06,  5.56653306e-06,  5.36277924e-06,  5.16645888e-06,
        4.97729986e-06,  4.79503997e-06,  4.61942660e-06,  4.45021630e-06,
        4.28717454e-06,  4.13007533e-06,  3.97870090e-06,  3.83284142e-06,
        3.69229473e-06,  3.55686601e-06,  3.42636753e-06,  3.30061841e-06,
        3.17944435e-06,  3.06267738e-06,  2.95015566e-06,  2.84172320e-06,
        2.73722972e-06,  2.63653036e-06,  2.53948556e-06,  2.44596079e-06,
        2.35582642e-06,  2.26895751e-06,  2.18523365e-06,  2.10453878e-06,
        2.02676106e-06,  1.95179268e-06,  1.87952972e-06,  1.80987201e-06,
        1.74272300e-06,  1.67798962e-06,  1.61558214e-06,  1.55541404e-06,
        1.49740194e-06,  1.44146542e-06,  1.38752694e-06,  1.33551175e-06,
        1.28534773e-06,  1.23696536e-06,  1.19029758e-06,  1.14527969e-06,
        1.10184930e-06,  1.05994620e-06,  1.01951232e-06,  9.80491603e-07,
        9.42829967e-07,  9.06475208e-07,  8.71376932e-07,  8.37486491e-07,
        8.04756907e-07,  7.73142813e-07,  7.42600389e-07,  7.13087298e-07,
        6.84562633e-07,  6.56986854e-07,  6.30321738e-07,  6.04530325e-07,
        5.79576863e-07,  5.55426765e-07,  5.32046556e-07,  5.09403827e-07,
        4.87467194e-07,  4.66206249e-07,  4.45591522e-07,  4.25594440e-07,
        4.06187282e-07,  3.87343149e-07,  3.69035920e-07,  3.51240220e-07,
        3.33931381e-07,  3.17085412e-07,  3.00678961e-07,  2.84689287e-07,
        2.69094228e-07,  2.53872165e-07,  2.39002000e-07,  2.24463120e-07,
        2.10235374e-07,  1.96299039e-07,  1.82634798e-07,  1.69223712e-07,
        1.56047189e-07,  1.43086967e-07,  1.30325081e-07,  1.17743841e-07,
        1.05325809e-07,  9.30537704e-08,  8.09107158e-08,  6.88798132e-08,
        5.69443864e-08,  4.50878914e-08,  3.32938936e-08,  2.15460453e-08,
        9.82806228e-09, -1.87629781e-09, -1.35832587e-08, -2.53090476e-08,
       -3.70699179e-08, -4.88821716e-08, -6.07621818e-08, -7.27264159e-08,
       -8.47914575e-08, -9.69740303e-08, -1.09291021e-07, -1.21759502e-07,
       -1.34396756e-07, -1.47220301e-07, -1.60247911e-07, -1.73497643e-07,
       -1.86987865e-07, -2.00737274e-07, -2.14764929e-07, -2.29090275e-07,
       -2.43733167e-07, -2.58713903e-07, -2.74053248e-07, -2.89772463e-07,
       -3.05893338e-07, -3.22438219e-07, -3.39430037e-07, -3.56892347e-07,
       -3.74849352e-07, -3.93325945e-07, -4.12347734e-07, -4.31941087e-07,
       -4.52133163e-07, -4.72951950e-07, -4.94426305e-07, -5.16585995e-07,
       -5.39461736e-07, -5.63085236e-07, -5.87489240e-07, -6.12707575e-07,
       -6.38775196e-07, -6.65728238e-07, -6.93604059e-07, -7.22441299e-07,
       -7.52279930e-07, -7.83161312e-07, -8.15128251e-07, -8.48225055e-07,
       -8.82497602e-07, -9.17993397e-07, -9.54761642e-07, -9.92853302e-07,
       -1.03232118e-06, -1.07321997e-06, -1.11560638e-06, -1.15953916e-06,
       -1.20507919e-06, -1.25228961e-06, -1.30123586e-06, -1.35198578e-06,
       -1.40460971e-06, -1.45918060e-06, -1.51577409e-06, -1.57446863e-06,
       -1.63534557e-06, -1.69848929e-06, -1.76398733e-06, -1.83193047e-06,
       -1.90241289e-06, -1.97553228e-06, -2.05138999e-06, -2.13009118e-06,
       -2.21174494e-06, -2.29646444e-06, -2.38436711e-06, -2.47557481e-06,
       -2.57021395e-06, -2.66841573e-06, -2.77031624e-06, -2.87605675e-06,
       -2.98578383e-06, -3.09964956e-06, -3.21781177e-06, -3.34043427e-06,
       -3.46768701e-06, -3.59974638e-06, -3.73679544e-06, -3.87902415e-06,
       -4.02662965e-06, -4.17981655e-06, -4.33879718e-06, -4.50379190e-06,
       -4.67502943e-06, -4.85274711e-06, -5.03719129e-06, -5.22861762e-06,
       -5.42729144e-06, -5.63348815e-06, -5.84749356e-06, -6.06960429e-06,
       -6.30012824e-06, -6.53938492e-06, -6.78770598e-06, -7.04543561e-06,
       -7.31293108e-06, -7.59056315e-06, -7.87871666e-06, -8.17779102e-06,
       -8.48820079e-06, -8.81037623e-06, -9.14476391e-06, -9.49182735e-06,
       -9.85204760e-06, -1.02259240e-05, -1.06139747e-05, -1.10167377e-05,
       -1.14347713e-05, -1.18686548e-05, -1.23189897e-05, -1.27864002e-05,
       -1.32715342e-05, -1.37750641e-05, -1.42976879e-05, -1.48401301e-05,
       -1.54031425e-05, -1.59875055e-05, -1.65940291e-05, -1.72235541e-05,
       -1.78769530e-05, -1.85551314e-05, -1.92590296e-05, -1.99896231e-05,
       -2.07479246e-05, -2.15349853e-05, -2.23518960e-05, -2.31997892e-05,
       -2.40798400e-05, -2.49932685e-05, -2.59413406e-05, -2.69253706e-05,
       -2.79467224e-05, -2.90068117e-05, -3.01071080e-05, -3.12491364e-05,
       -3.24344798e-05, -3.36647814e-05, -3.49417464e-05, -3.62671448e-05,
       -3.76428140e-05, -3.90706606e-05, -4.05526639e-05, -4.20908780e-05])], 1: [array([ 0.00000000e+00,  1.45941133e-08,  2.91978472e-08,  4.38208286e-08,
        5.84726972e-08,  7.31631117e-08,  8.79017561e-08,  1.02698346e-07,
        1.17562636e-07,  1.32504425e-07,  1.47533562e-07,  1.62659955e-07,
        1.77893575e-07,  1.93244464e-07,  2.08722743e-07,  2.24338613e-07,
        2.40102370e-07,  2.56024406e-07,  2.72115215e-07,  2.88385406e-07,
        3.04845703e-07,  3.21506959e-07,  3.38380155e-07,  3.55476415e-07,
        3.72807009e-07,  3.90383361e-07,  4.08217059e-07,  4.26319858e-07,
        4.44703691e-07,  4.63380678e-07,  4.82363131e-07,  5.01663563e-07,
        5.21294697e-07,  5.41269474e-07,  5.61601062e-07,  5.82302864e-07,
        6.03388526e-07,  6.24871948e-07,  6.46767293e-07,  6.69088994e-07,
        6.91851766e-07,  7.15070614e-07,  7.38760845e-07,  7.62938075e-07,
        7.87618242e-07,  8.12817616e-07,  8.38552808e-07,  8.64840783e-07,
        8.91698871e-07,  9.19144777e-07,  9.47196593e-07,  9.75872811e-07,
        1.00519234e-06,  1.03517449e-06,  1.06583905e-06,  1.09720622e-06,
        1.12929668e-06,  1.16213159e-06,  1.19573258e-06,  1.23012182e-06,
        1.26532196e-06,  1.30135622e-06,  1.33824835e-06,  1.37602266e-06,
        1.41470407e-06,  1.45431806e-06,  1.49489076e-06,  1.53644890e-06,
        1.57901989e-06,  1.62263179e-06,  1.66731334e-06,  1.71309400e-06,
        1.76000396e-06,  1.80807413e-06,  1.85733620e-06,  1.90782264e-06,
        1.95956675e-06,  2.01260262e-06,  2.06696522e-06,  2.12269039e-06,
        2.17981486e-06,  2.23837629e-06,  2.29841328e-06,  2.35996541e-06,
        2.42307326e-06,  2.48777842e-06,  2.55412355e-06,  2.62215239e-06,
        2.69190978e-06,  2.76344171e-06,  2.83679533e-06,  2.91201899e-06,
        2.98916229e-06,  3.06827608e-06,  3.14941251e-06,  3.23262507e-06,
        3.31796861e-06,  3.40549939e-06,  3.49527511e-06,  3.58735496e-06,
        3.68179964e-06,  3.77867139e-06,  3.87803409e-06,  3.97995323e-06,
        4.08449600e-06,  4.19173131e-06,  4.30172986e-06,  4.41456416e-06,
        4.53030858e-06,  4.64903944e-06,  4.77083499e-06,  4.89577553e-06,
        5.02394342e-06,  5.15542315e-06,  5.29030139e-06,  5.42866706e-06,
        5.57061136e-06,  5.71622787e-06,  5.86561258e-06,  6.01886397e-06,
        6.17608306e-06,  6.33737349e-06,  6.50284159e-06,  6.67259643e-06,
        6.84674993e-06,  7.02541687e-06,  7.20871505e-06,  7.39676529e-06,
        7.58969156e-06,  7.78762104e-06,  7.99068421e-06,  8.19901492e-06,
        8.41275051e-06,  8.63203188e-06,  8.85700359e-06,  9.08781392e-06,
        9.32461505e-06,  9.56756306e-06,  9.81681811e-06,  1.00725445e-05,
        1.03349109e-05,  1.06040901e-05,  1.08802597e-05,  1.11636016e-05,
        1.14543027e-05,  1.17525547e-05,  1.20585540e-05,  1.23725025e-05,
        1.26946070e-05,  1.30250800e-05,  1.33641393e-05,  1.37120083e-05,
        1.40689165e-05,  1.44350990e-05,  1.48107973e-05,  1.51962591e-05,
        1.55917384e-05,  1.59974959e-05,  1.64137992e-05,  1.68409226e-05,
        1.72791478e-05,  1.77287635e-05,  1.81900663e-05,  1.86633601e-05,
        1.91489570e-05,  1.96471772e-05,  2.01583489e-05,  2.06828093e-05,
        2.12209040e-05,  2.17729878e-05,  2.23394246e-05,  2.29205877e-05,
        2.35168604e-05,  2.41286356e-05,  2.47563167e-05,  2.54003175e-05,
        2.60610624e-05,  2.67389870e-05,  2.74345383e-05,  2.81481747e-05,
        2.88803668e-05,  2.96315970e-05,  3.04023608e-05,  3.11931661e-05,
        3.20045343e-05,  3.28370002e-05,  3.36911127e-05,  3.45674347e-05,
        3.54665439e-05,  3.63890331e-05,  3.73355104e-05,  3.83065996e-05,
        3.93029409e-05,  4.03251912e-05,  4.13740243e-05,  4.24501316e-05,
        4.35542225e-05,  4.46870248e-05,  4.58492853e-05,  4.70417701e-05,
        4.82652654e-05,  4.95205777e-05,  5.08085346e-05,  5.21299849e-05,
        5.34857999e-05,  5.48768734e-05,  5.63041223e-05,  5.77684874e-05,
        5.92709343e-05,  6.08124531e-05,  6.23940602e-05,  6.40167982e-05,
        6.56817367e-05,  6.73899734e-05,  6.91426343e-05,  7.09408747e-05,
        7.27858802e-05,  7.46788669e-05,  7.66210828e-05,  7.86138081e-05,
        8.06583565e-05,  8.27560758e-05,  8.49083488e-05,  8.71165943e-05,
        8.93822680e-05,  9.17068636e-05,  9.40919132e-05,  9.65389894e-05,
        9.90497051e-05,  1.01625715e-04,  1.04268719e-04,  1.06980457e-04,
        1.09762718e-04,  1.12617335e-04,  1.15546192e-04,  1.18551217e-04,
        1.21634393e-04,  1.24797752e-04,  1.28043379e-04,  1.31373413e-04,
        1.34790050e-04,  1.38295542e-04,  1.41892200e-04,  1.45582395e-04,
        1.49368560e-04,  1.53253190e-04,  1.57238846e-04,  1.61328156e-04,
        1.65523815e-04,  1.69828589e-04,  1.74245316e-04,  1.78776907e-04,
        1.83426351e-04,  1.88196710e-04,  1.93091132e-04,  1.98112841e-04,
        2.03265148e-04,  2.08551450e-04,  2.13975231e-04,  2.19540067e-04,
        2.25249626e-04,  2.31107672e-04,  2.37118067e-04,  2.43284773e-04,
        2.49611855e-04,  2.56103484e-04,  2.62763939e-04,  2.69597611e-04,
        2.76609004e-04,  2.83802742e-04,  2.91183565e-04,  2.98756340e-04,
        3.06526058e-04,  3.14497841e-04,  3.22676945e-04,  3.31068761e-04,
        3.39678822e-04,  3.48512802e-04,  3.57576526e-04,  3.66875968e-04,
        3.76417259e-04,  3.86206688e-04,  3.96250709e-04,  4.06555943e-04,
        4.17129183e-04,  4.27977399e-04,  4.39107742e-04,  4.50527551e-04,
        4.62244352e-04,  4.74265869e-04,  4.86600028e-04,  4.99254959e-04,
        5.12239004e-04,  5.25560723e-04,  5.39228897e-04,  5.53252537e-04,
        5.67640888e-04,  5.82403433e-04,  5.97549905e-04,  6.13090288e-04,
        6.29034828e-04,  6.45394034e-04,  6.62178691e-04,  6.79399863e-04,
        6.97068904e-04,  7.15197459e-04,  7.33797481e-04,  7.52881231e-04,
        7.72461287e-04,  7.92550559e-04,  8.13162289e-04,  8.34310065e-04,
        8.56007827e-04,  8.78269878e-04,  9.01110895e-04,  9.24545934e-04,
        9.48590444e-04,  9.73260276e-04,  9.98571691e-04,  1.02454138e-03,
        1.05118645e-03,  1.07852448e-03,  1.10657348e-03,  1.13535195e-03,
        1.16487885e-03,  1.19517366e-03,  1.22625633e-03,  1.25814737e-03,
        1.29086780e-03,  1.32443917e-03,  1.35888364e-03,  1.39422389e-03,
        1.43048323e-03,  1.46768556e-03,  1.50585541e-03,  1.54501793e-03,
        1.58519895e-03,  1.62642494e-03,  1.66872310e-03,  1.71212129e-03,
        1.75664814e-03,  1.80233298e-03,  1.84920594e-03,  1.89729792e-03,
        1.94664062e-03,  1.99726656e-03,  2.04920913e-03,  2.10250255e-03,
        2.15718197e-03,  2.21328342e-03,  2.27084388e-03,  2.32990131e-03,
        2.39049462e-03,  2.45266376e-03,  2.51644970e-03,  2.58189449e-03,
        2.64904126e-03,  2.71793425e-03,  2.78861886e-03,  2.86114166e-03,
        2.93555042e-03,  3.01189414e-03,  3.09022307e-03,  3.17058875e-03,
        3.25304403e-03,  3.33764309e-03,  3.42444147e-03,  3.51349607e-03,
        3.60486520e-03,  3.69860853e-03,  3.79478717e-03,  3.89346356e-03,
        3.99470156e-03,  4.09856632e-03,  4.20512427e-03,  4.31444303e-03,
        4.42659130e-03,  4.54163871e-03,  4.65965567e-03,  4.78071305e-03,
        4.90488196e-03,  5.03223335e-03,  5.16283752e-03,  5.29676361e-03,
        5.43407888e-03,  5.57484794e-03,  5.71913175e-03,  5.86698651e-03,
        6.01846232e-03,  6.17360162e-03,  6.33243739e-03,  6.49499113e-03,
        6.66127048e-03,  6.83126659e-03,  7.00495113e-03,  7.18227301e-03,
        7.36315471e-03,  7.54748829e-03,  7.73513109e-03,  7.92590105e-03,
        8.11957183e-03,  8.31586768e-03,  8.51445809e-03,  8.71495245e-03,
        8.91689467e-03,  9.11975800e-03,  9.32294008e-03,  9.52575855e-03,
        9.72744724e-03,  9.92715322e-03,  1.01239350e-02,  1.03167619e-02,
        1.05045150e-02,  1.06859900e-02,  1.08599014e-02,  1.10248898e-02,
        1.11795303e-02,  1.13223439e-02,  1.14518112e-02,  1.15663877e-02,
        1.16645224e-02,  1.17446767e-02,  1.18053462e-02,  1.18450831e-02,
        1.18625190e-02,  1.18563884e-02,  1.18255508e-02,  1.17690130e-02,
        1.16859479e-02,  1.15757121e-02,  1.14378600e-02,  1.12721545e-02,
        1.10785732e-02,  1.08573111e-02,  1.06087784e-02,  1.03335936e-02,
        1.00325733e-02,  9.70671663e-03,  9.35718731e-03,  8.98529185e-03,
        8.59245574e-03,  8.18019776e-03,  7.75010336e-03,  7.30379775e-03,
        6.84291949e-03,  6.36909510e-03,  5.88391545e-03,  5.38891424e-03,
        4.88554911e-03,  4.37518548e-03,  3.85908347e-03,  3.33838781e-03,
        2.81412073e-03,  2.28717776e-03,  1.75832617e-03,  1.22820587e-03,
        6.97332347e-04,  1.66101470e-04, -3.65204242e-04, -8.96408232e-04,
       -1.42743167e-03, -1.95828471e-03, -2.48905743e-03, -3.01991081e-03,
       -3.55106782e-03, -4.08280490e-03, -4.61544386e-03, -5.14934440e-03,
       -5.68489724e-03, -6.22251798e-03, -6.76264159e-03, -7.30571770e-03,
       -7.85220654e-03, -8.40257549e-03, -8.95729633e-03, -9.51684301e-03,
       -1.00816900e-02, -1.06523109e-02, -1.12291778e-02, -1.18127607e-02,
       -1.24035273e-02, -1.30019431e-02, -1.36084717e-02, -1.42235752e-02,
       -1.48477146e-02, -1.54813508e-02, -1.61249448e-02, -1.67789591e-02,
       -1.74438578e-02, -1.81201078e-02, -1.88081794e-02, -1.95085472e-02,
       -2.02216907e-02, -2.09480950e-02, -2.16882516e-02, -2.24426589e-02,
       -2.32118230e-02, -2.39962582e-02, -2.47964876e-02, -2.56130436e-02,
       -2.64464684e-02, -2.72973146e-02, -2.81661457e-02, -2.90535367e-02,
       -2.99600740e-02, -3.08863566e-02, -3.18329962e-02, -3.28006176e-02,
       -3.37898595e-02, -3.48013743e-02, -3.58358293e-02, -3.68939067e-02,
       -3.79763042e-02, -3.90837356e-02, -4.02169310e-02, -4.13766375e-02,
       -4.25636197e-02, -4.37786602e-02, -4.50225599e-02, -4.62961389e-02,
       -4.76002368e-02, -4.89357132e-02, -5.03034484e-02, -5.17043442e-02,
       -5.31393240e-02, -5.46093335e-02, -5.61153418e-02, -5.76583411e-02,
       -5.92393482e-02, -6.08594040e-02, -6.25195746e-02, -6.42209510e-02,
       -6.59646488e-02, -6.77518077e-02, -6.95835893e-02, -7.14611741e-02,
       -7.33857562e-02, -7.53585347e-02, -7.73807014e-02, -7.94534214e-02,
       -8.15778058e-02, -8.37548736e-02, -8.59854978e-02, -8.82703340e-02,
       -9.06097251e-02, -9.30035795e-02, -9.54512161e-02, -9.79511754e-02,
       -1.00500993e-01, -1.03096937e-01, -1.05733712e-01, -1.08404145e-01,
       -1.11098853e-01, -1.13805935e-01, -1.16510688e-01, -1.19195408e-01,
       -1.21839282e-01, -1.24418433e-01, -1.26906133e-01, -1.29273222e-01,
       -1.31488744e-01, -1.33520785e-01, -1.35337518e-01, -1.36908374e-01,
       -1.38205303e-01, -1.39204026e-01, -1.39885188e-01, -1.40235321e-01,
       -1.40247543e-01, -1.39921914e-01, -1.39265435e-01, -1.38291684e-01,
       -1.37020112e-01, -1.35475076e-01, -1.33684686e-01, -1.31679549e-01,
       -1.29491516e-01, -1.27152503e-01, -1.24693459e-01, -1.22143526e-01,
       -1.19529408e-01, -1.16874956e-01, -1.14200956e-01, -1.11525092e-01,
       -1.08862044e-01, -1.06223701e-01, -1.03619437e-01, -1.01056422e-01,
       -9.85399535e-02, -9.60737698e-02, -9.36603462e-02, -9.13011558e-02,
       -8.89968964e-02, -8.67476787e-02, -8.45531799e-02, -8.24127666e-02,
       -8.03255886e-02, -7.82906508e-02, -7.63068664e-02, -7.43730954e-02,
       -7.24881717e-02, -7.06509223e-02, -6.88601795e-02, -6.71147900e-02,
       -6.54136198e-02, -6.37555571e-02, -6.21395150e-02, -6.05644316e-02,
       -5.90292704e-02, -5.75330206e-02, -5.60746965e-02, -5.46533370e-02,
       -5.32680055e-02, -5.19177887e-02, -5.06017966e-02, -4.93191617e-02,
       -4.80690386e-02, -4.68506031e-02, -4.56630520e-02, -4.45056025e-02,
       -4.33774916e-02, -4.22779757e-02, -4.12063298e-02, -4.01618476e-02,
       -3.91438405e-02, -3.81516375e-02, -3.71845845e-02, -3.62420439e-02,
       -3.53233945e-02, -3.44280307e-02, -3.35553622e-02, -3.27048138e-02,
       -3.18758247e-02, -3.10678486e-02, -3.02803527e-02, -2.95128180e-02,
       -2.87647384e-02, -2.80356209e-02, -2.73249847e-02, -2.66323615e-02,
       -2.59572946e-02, -2.52993391e-02, -2.46580612e-02, -2.40330381e-02,
       -2.34238579e-02, -2.28301189e-02, -2.22514299e-02, -2.16874092e-02,
       -2.11376850e-02, -2.06018951e-02, -2.00796862e-02, -1.95707140e-02,
       -1.90746431e-02, -1.85911463e-02, -1.81199051e-02, -1.76606087e-02,
       -1.72129544e-02, -1.67766470e-02, -1.63513990e-02, -1.59369300e-02,
       -1.55329668e-02, -1.51392431e-02, -1.47554994e-02, -1.43814826e-02,
       -1.40169463e-02, -1.36616501e-02, -1.33153599e-02, -1.29778472e-02,
       -1.26488897e-02, -1.23282705e-02, -1.20157782e-02, -1.17112068e-02,
       -1.14143557e-02, -1.11250289e-02, -1.08430359e-02, -1.05681908e-02,
       -1.03003123e-02, -1.00392240e-02, -9.78475353e-03, -9.53673333e-03,
       -9.29499985e-03, -9.05939373e-03, -8.82975966e-03, -8.60594627e-03,
       -8.38780602e-03, -8.17519510e-03, -7.96797336e-03, -7.76600419e-03,
       -7.56915446e-03, -7.37729440e-03, -7.19029753e-03, -7.00804059e-03,
       -6.83040342e-03, -6.65726893e-03, -6.48852299e-03, -6.32405435e-03,
       -6.16375460e-03, -6.00751806e-03, -5.85524175e-03, -5.70682528e-03,
       -5.56217080e-03, -5.42118298e-03, -5.28376885e-03, -5.14983785e-03,
       -5.01930167e-03, -4.89207428e-03, -4.76807179e-03, -4.64721247e-03,
       -4.52941664e-03, -4.41460665e-03, -4.30270682e-03, -4.19364339e-03,
       -4.08734444e-03, -3.98373993e-03, -3.88276153e-03, -3.78434270e-03,
       -3.68841854e-03, -3.59492584e-03, -3.50380294e-03, -3.41498980e-03,
       -3.32842785e-03, -3.24406003e-03, -3.16183074e-03, -3.08168576e-03,
       -3.00357227e-03, -2.92743876e-03, -2.85323505e-03, -2.78091222e-03,
       -2.71042261e-03, -2.64171973e-03, -2.57475830e-03, -2.50949419e-03,
       -2.44588436e-03, -2.38388688e-03, -2.32346089e-03, -2.26456655e-03,
       -2.20716503e-03, -2.15121851e-03, -2.09669009e-03, -2.04354383e-03,
       -1.99174470e-03, -1.94125854e-03, -1.89205209e-03, -1.84409290e-03,
       -1.79734936e-03, -1.75179064e-03, -1.70738673e-03, -1.66410835e-03,
       -1.62192696e-03, -1.58081477e-03, -1.54074467e-03, -1.50169024e-03,
       -1.46362574e-03, -1.42652608e-03, -1.39036681e-03, -1.35512408e-03,
       -1.32077466e-03, -1.28729591e-03, -1.25466576e-03, -1.22286270e-03,
       -1.19186576e-03, -1.16165452e-03, -1.13220905e-03, -1.10350995e-03,
       -1.07553829e-03, -1.04827564e-03, -1.02170402e-03, -9.95805921e-04,
       -9.70564269e-04, -9.45962424e-04, -9.21984167e-04, -8.98613693e-04,
       -8.75835595e-04, -8.53634857e-04, -8.31996845e-04, -8.10907294e-04,
       -7.90352302e-04, -7.70318319e-04, -7.50792139e-04, -7.31760889e-04,
       -7.13212023e-04, -6.95133316e-04, -6.77512847e-04, -6.60339003e-04,
       -6.43600461e-04, -6.27286188e-04, -6.11385428e-04, -5.95887701e-04,
       -5.80782790e-04, -5.66060737e-04, -5.51711837e-04, -5.37726632e-04,
       -5.24095902e-04, -5.10810663e-04, -4.97862155e-04, -4.85241843e-04,
       -4.72941408e-04, -4.60952741e-04, -4.49267940e-04, -4.37879301e-04,
       -4.26779316e-04, -4.15960670e-04, -4.05416229e-04, -3.95139043e-04,
       -3.85122337e-04, -3.75359508e-04, -3.65844120e-04, -3.56569900e-04,
       -3.47530736e-04, -3.38720667e-04, -3.30133887e-04, -3.21764734e-04,
       -3.13607693e-04, -3.05657385e-04, -2.97908570e-04, -2.90356140e-04,
       -2.82995115e-04, -2.75820644e-04, -2.68827997e-04, -2.62012565e-04,
       -2.55369854e-04, -2.48895485e-04, -2.42585192e-04, -2.36434813e-04,
       -2.30440294e-04, -2.24597685e-04, -2.18903132e-04, -2.13352883e-04,
       -2.07943279e-04, -2.02670753e-04, -1.97531829e-04, -1.92523121e-04,
       -1.87641327e-04, -1.82883227e-04, -1.78245687e-04, -1.73725647e-04,
       -1.69320130e-04, -1.65026230e-04, -1.60841118e-04, -1.56762033e-04,
       -1.52786288e-04, -1.48911261e-04, -1.45134399e-04, -1.41453210e-04,
       -1.37865269e-04, -1.34368210e-04, -1.30959729e-04, -1.27637577e-04,
       -1.24399566e-04, -1.21243560e-04, -1.18167479e-04, -1.15169295e-04,
       -1.12247032e-04, -1.09398764e-04, -1.06622613e-04, -1.03916748e-04,
       -1.01279387e-04, -9.87087899e-05, -9.62032628e-05, -9.37611540e-05,
       -9.13808536e-05, -8.90607924e-05, -8.67994411e-05, -8.45953090e-05,
       -8.24469430e-05, -8.03529269e-05, -7.83118804e-05, -7.63224579e-05,
       -7.43833481e-05, -7.24932725e-05, -7.06509853e-05, -6.88552721e-05,
       -6.71049490e-05, -6.53988622e-05, -6.37358870e-05, -6.21149273e-05,
       -6.05349144e-05, -5.89948068e-05, -5.74935892e-05, -5.60302720e-05,
       -5.46038906e-05, -5.32135047e-05, -5.18581977e-05, -5.05370763e-05,
       -4.92492694e-05, -4.79939281e-05, -4.67702250e-05, -4.55773534e-05,
       -4.44145268e-05, -4.32809788e-05, -4.21759621e-05, -4.10987482e-05,
       -4.00486271e-05, -3.90249065e-05, -3.80269115e-05, -3.70539843e-05,
       -3.61054835e-05, -3.51807838e-05, -3.42792757e-05, -3.34003649e-05,
       -3.25434719e-05, -3.17080320e-05, -3.08934943e-05, -3.00993220e-05,
       -2.93249915e-05, -2.85699924e-05, -2.78338269e-05, -2.71160097e-05,
       -2.64160678e-05, -2.57335396e-05, -2.50679752e-05, -2.44189359e-05,
       -2.37859939e-05, -2.31687318e-05, -2.25667428e-05, -2.19796301e-05,
       -2.14070066e-05, -2.08484948e-05, -2.03037266e-05, -1.97723428e-05,
       -1.92539931e-05, -1.87483359e-05, -1.82550379e-05, -1.77737737e-05,
       -1.73042262e-05, -1.68460858e-05, -1.63990506e-05, -1.59628258e-05,
       -1.55371239e-05, -1.51216642e-05, -1.47161729e-05, -1.43203826e-05,
       -1.39340325e-05, -1.35568679e-05, -1.31886401e-05, -1.28291064e-05,
       -1.24780298e-05, -1.21351789e-05, -1.18003276e-05, -1.14732552e-05,
       -1.11537461e-05, -1.08415896e-05, -1.05365801e-05, -1.02385164e-05,
       -9.94720201e-06, -9.66244495e-06, -9.38405748e-06, -9.11185608e-06,
       -8.84566132e-06, -8.58529772e-06, -8.33059364e-06, -8.08138118e-06,
       -7.83749605e-06, -7.59877749e-06, -7.36506813e-06, -7.13621390e-06,
       -6.91206394e-06, -6.69247050e-06, -6.47728880e-06, -6.26637700e-06,
       -6.05959606e-06, -5.85680968e-06, -5.65788418e-06, -5.46268841e-06,
       -5.27109370e-06, -5.08297376e-06, -4.89820458e-06, -4.71666434e-06,
       -4.53823338e-06, -4.36279407e-06, -4.19023077e-06, -4.02042971e-06,
       -3.85327896e-06, -3.68866834e-06, -3.52648932e-06, -3.36663501e-06,
       -3.20900002e-06, -3.05348044e-06, -2.89997375e-06, -2.74837875e-06,
       -2.59859552e-06, -2.45052530e-06, -2.30407050e-06, -2.15913457e-06,
       -2.01562197e-06, -1.87343808e-06, -1.73248918e-06, -1.59268237e-06,
       -1.45392546e-06, -1.31612700e-06, -1.17919614e-06, -1.04304263e-06,
       -9.07576694e-07, -7.72709047e-07, -6.38350778e-07, -5.04413317e-07,
       -3.70808371e-07, -2.37447866e-07, -1.04243889e-07,  2.88913693e-08])], 2: []}
KEDs = {0: [array([ 0.00000000e+00,  8.14480174e-21,  2.44795796e-20,  4.90949328e-20,
        8.21273882e-20,  1.23760157e-19,  1.74224151e-19,  2.33799265e-19,
        3.02815926e-19,  3.81656929e-19,  4.70759557e-19,  5.70618009e-19,
        6.81786142e-19,  8.04880538e-19,  9.40583929e-19,  1.08964898e-18,
        1.25290247e-18,  1.43124986e-18,  1.62568035e-18,  1.83727232e-18,
        2.06719935e-18,  2.31673670e-18,  2.58726841e-18,  2.88029496e-18,
        3.19744160e-18,  3.54046734e-18,  3.91127475e-18,  4.31192048e-18,
        4.74462666e-18,  5.21179326e-18,  5.71601138e-18,  6.26007761e-18,
        6.84700957e-18,  7.48006261e-18,  8.16274791e-18,  8.89885192e-18,
        9.69245736e-18,  1.05479659e-17,  1.14701225e-17,  1.24640419e-17,
        1.35352367e-17,  1.46896482e-17,  1.59336792e-17,  1.72742296e-17,
        1.87187348e-17,  2.02752064e-17,  2.19522773e-17,  2.37592492e-17,
        2.57061443e-17,  2.78037610e-17,  3.00637333e-17,  3.24985960e-17,
        3.51218540e-17,  3.79480567e-17,  4.09928795e-17,  4.42732102e-17,
        4.78072429e-17,  5.16145787e-17,  5.57163346e-17,  6.01352607e-17,
        6.48958660e-17,  7.00245549e-17,  7.55497731e-17,  8.15021657e-17,
        8.79147472e-17,  9.48230841e-17,  1.02265493e-16,  1.10283253e-16,
        1.18920833e-16,  1.28226140e-16,  1.38250787e-16,  1.49050373e-16,
        1.60684798e-16,  1.73218591e-16,  1.86721268e-16,  2.01267722e-16,
        2.16938634e-16,  2.33820919e-16,  2.52008215e-16,  2.71601395e-16,
        2.92709131e-16,  3.15448495e-16,  3.39945609e-16,  3.66336344e-16,
        3.94767073e-16,  4.25395485e-16,  4.58391457e-16,  4.93937999e-16,
        5.32232265e-16,  5.73486652e-16,  6.17929972e-16,  6.65808727e-16,
        7.17388471e-16,  7.72955287e-16,  8.32817371e-16,  8.97306741e-16,
        9.66781083e-16,  1.04162573e-15,  1.12225580e-15,  1.20911849e-15,
        1.30269560e-15,  1.40350612e-15,  1.51210920e-15,  1.62910720e-15,
        1.75514903e-15,  1.89093377e-15,  2.03721454e-15,  2.19480267e-15,
        2.36457221e-15,  2.54746477e-15,  2.74449474e-15,  2.95675494e-15,
        3.18542264e-15,  3.43176613e-15,  3.69715172e-15,  3.98305137e-15,
        4.29105077e-15,  4.62285822e-15,  4.98031405e-15,  5.36540087e-15,
        5.78025452e-15,  6.22717594e-15,  6.70864395e-15,  7.22732895e-15,
        7.78610779e-15,  8.38807968e-15,  9.03658340e-15,  9.73521582e-15,
        1.04878518e-14,  1.12986658e-14,  1.21721550e-14,  1.31131640e-14,
        1.41269120e-14,  1.52190217e-14,  1.63955505e-14,  1.76630237e-14,
        1.90284714e-14,  2.04994668e-14,  2.20841687e-14,  2.37913665e-14,
        2.56305290e-14,  2.76118569e-14,  2.97463395e-14,  3.20458155e-14,
        3.45230386e-14,  3.71917487e-14,  4.00667474e-14,  4.31639806e-14,
        4.65006269e-14,  5.00951926e-14,  5.39676147e-14,  5.81393711e-14,
        6.26336002e-14,  6.74752287e-14,  7.26911103e-14,  7.83101743e-14,
        8.43635864e-14,  9.08849212e-14,  9.79103487e-14,  1.05478835e-13,
        1.13632357e-13,  1.22416139e-13,  1.31878898e-13,  1.42073120e-13,
        1.53055344e-13,  1.64886483e-13,  1.77632158e-13,  1.91363060e-13,
        2.06155348e-13,  2.22091065e-13,  2.39258597e-13,  2.57753162e-13,
        2.77677339e-13,  2.99141634e-13,  3.22265099e-13,  3.47175984e-13,
        3.74012455e-13,  4.02923360e-13,  4.34069048e-13,  4.67622267e-13,
        5.03769117e-13,  5.42710082e-13,  5.84661145e-13,  6.29854984e-13,
        6.78542261e-13,  7.30993016e-13,  7.87498163e-13,  8.48371101e-13,
        9.13949457e-13,  9.84596954e-13,  1.06070543e-12,  1.14269702e-12,
        1.23102648e-12,  1.32618371e-12,  1.42869651e-12,  1.53913344e-12,
        1.65810704e-12,  1.78627718e-12,  1.92435474e-12,  2.07310556e-12,
        2.23335467e-12,  2.40599088e-12,  2.59197170e-12,  2.79232864e-12,
        3.00817298e-12,  3.24070188e-12,  3.49120502e-12,  3.76107181e-12,
        4.05179903e-12,  4.36499918e-12,  4.70240939e-12,  5.06590107e-12,
        5.45749030e-12,  5.87934899e-12,  6.33381693e-12,  6.82341479e-12,
        7.35085808e-12,  7.91907221e-12,  8.53120873e-12,  9.19066279e-12,
        9.90109200e-12,  1.06664367e-11,  1.14909417e-11,  1.23791802e-11,
        1.33360786e-11,  1.43669444e-11,  1.54774950e-11,  1.66738901e-11,
        1.79627653e-11,  1.93512693e-11,  2.08471033e-11,  2.24585638e-11,
        2.41945885e-11,  2.60648063e-11,  2.80795900e-11,  3.02501145e-11,
        3.25884183e-11,  3.51074708e-11,  3.78212434e-11,  4.07447881e-11,
        4.38943198e-11,  4.72873071e-11,  5.09425691e-11,  5.48803791e-11,
        5.91225779e-11,  6.36926945e-11,  6.86160765e-11,  7.39200311e-11,
        7.96339761e-11,  8.57896034e-11,  9.24210545e-11,  9.95651102e-11,
        1.07261394e-10,  1.15552593e-10,  1.24484694e-10,  1.34107237e-10,
        1.44473593e-10,  1.55641259e-10,  1.67672173e-10,  1.80633066e-10,
        1.94595822e-10,  2.09637886e-10,  2.25842686e-10,  2.43300101e-10,
        2.62106957e-10,  2.82367564e-10,  3.04194296e-10,  3.27708212e-10,
        3.53039731e-10,  3.80329352e-10,  4.09728432e-10,  4.41400033e-10,
        4.75519816e-10,  5.12277025e-10,  5.51875530e-10,  5.94534959e-10,
        6.40491920e-10,  6.90001309e-10,  7.43337724e-10,  8.00796991e-10,
        8.62697802e-10,  9.29383484e-10,  1.00122390e-09,  1.07861751e-09,
        1.16199358e-09,  1.25181452e-09,  1.34857854e-09,  1.45282232e-09,
        1.56512404e-09,  1.68610657e-09,  1.81644093e-09,  1.95685001e-09,
        2.10811257e-09,  2.27106758e-09,  2.44661884e-09,  2.63574004e-09,
        2.83948013e-09,  3.05896912e-09,  3.29542439e-09,  3.55015742e-09,
        3.82458105e-09,  4.12021736e-09,  4.43870607e-09,  4.78181363e-09,
        5.15144307e-09,  5.54964449e-09,  5.97862649e-09,  6.44076838e-09,
        6.93863336e-09,  7.47498282e-09,  8.05279156e-09,  8.67526434e-09,
        9.34585364e-09,  1.00682788e-08,  1.08465468e-08,  1.16849740e-08,
        1.25882109e-08,  1.35612671e-08,  1.46095396e-08,  1.57388424e-08,
        1.69554393e-08,  1.82660779e-08,  1.96780275e-08,  2.11991195e-08,
        2.28377904e-08,  2.46031288e-08,  2.65049262e-08,  2.85537306e-08,
        3.07609056e-08,  3.31386930e-08,  3.57002810e-08,  3.84598772e-08,
        4.14327874e-08,  4.46355005e-08,  4.80857802e-08,  5.18027629e-08,
        5.58070646e-08,  6.01208947e-08,  6.47681792e-08,  6.97746937e-08,
        7.51682061e-08,  8.09786306e-08,  8.72381933e-08,  9.39816116e-08,
        1.01246285e-07,  1.09072506e-07,  1.17503676e-07,  1.26586555e-07,
        1.36371511e-07,  1.46912807e-07,  1.58268892e-07,  1.70502730e-07,
        1.83682141e-07,  1.97880175e-07,  2.13175513e-07,  2.29652891e-07,
        2.47403558e-07,  2.66525770e-07,  2.87125304e-07,  3.09316020e-07,
        3.33220444e-07,  3.58970388e-07,  3.86707600e-07,  4.16584443e-07,
        4.48764588e-07,  4.83423729e-07,  5.20750292e-07,  5.60946137e-07,
        6.04227219e-07,  6.50824192e-07,  7.00982908e-07,  7.54964779e-07,
        8.13046924e-07,  8.75522052e-07,  9.42697962e-07,  1.01489657e-06,
        1.09245231e-06,  1.17570976e-06,  1.26502026e-06,  1.36073735e-06,
        1.46321065e-06,  1.57277803e-06,  1.68975551e-06,  1.81442459e-06,
        1.94701662e-06,  2.08769356e-06,  2.23652469e-06,  2.39345873e-06,
        2.55829079e-06,  2.73062360e-06,  2.90982266e-06,  3.09496471e-06,
        3.28477965e-06,  3.47758558e-06,  3.67121757e-06,  3.86295077e-06,
        4.04941914e-06,  4.22653169e-06,  4.38938905e-06,  4.53220356e-06,
        4.64822779e-06,  4.72969678e-06,  4.76779080e-06,  4.75262622e-06,
        4.67328334e-06,  4.51788018e-06,  4.27370211e-06,  3.92739654e-06,
        3.46524113e-06,  2.87349205e-06,  2.13881604e-06,  1.24880599e-06,
        1.92574671e-07, -1.03858505e-06, -2.45049219e-06, -4.04534810e-06,
       -5.82101938e-06, -7.77037401e-06, -9.88071712e-06, -1.21333759e-05,
       -1.45034833e-05, -1.69600059e-05, -1.94660542e-05, -2.19794997e-05,
       -2.44539070e-05, -2.68397695e-05, -2.90860148e-05, -3.11417226e-05,
       -3.29579793e-05, -3.44897760e-05, -3.56978442e-05, -3.65503244e-05,
       -3.70241620e-05, -3.71061439e-05, -3.67935071e-05, -3.60940785e-05,
       -3.50259351e-05, -3.36166086e-05, -3.19018831e-05, -2.99242657e-05,
       -2.77312232e-05, -2.53732924e-05, -2.29021714e-05, -2.03688947e-05,
       -1.78221789e-05, -1.53070114e-05, -1.28635291e-05, -1.05262125e-05,
       -8.32339949e-06, -6.27710370e-06, -4.40310435e-06, -2.71126710e-06,
       -1.20604599e-06,  1.12884565e-07,  1.24991754e-06,  2.21276626e-06,
        3.01172175e-06,  3.65894590e-06,  4.16782415e-06,  4.55239356e-06,
        4.82685519e-06,  5.00517369e-06,  5.10076231e-06,  5.12624777e-06,
        5.09330720e-06,  5.01256759e-06,  4.89355792e-06,  4.74470387e-06,
        4.57335586e-06,  4.38584173e-06,  4.18753664e-06,  3.98294380e-06,
        3.77578092e-06,  3.56906804e-06,  3.36521385e-06,  3.16609793e-06,
        2.97314754e-06,  2.78740790e-06,  2.60960544e-06,  2.44020394e-06,
        2.27945373e-06,  2.12743420e-06,  1.98409018e-06,  1.84926267e-06,
        1.72271456e-06,  1.60415194e-06,  1.49324144e-06,  1.38962431e-06,
        1.29292759e-06,  1.20277297e-06,  1.11878352e-06,  1.04058891e-06,
        9.67829145e-07,  9.00157308e-07,  8.37241377e-07,  7.78765367e-07,
        7.24429932e-07,  6.73952550e-07,  6.27067408e-07,  5.83525040e-07,
        5.43091816e-07,  5.05549312e-07,  4.70693604e-07,  4.38334530e-07,
        4.08294924e-07,  3.80409857e-07,  3.54525886e-07,  3.30500330e-07,
        3.08200566e-07,  2.87503363e-07,  2.68294249e-07,  2.50466912e-07,
        2.33922635e-07,  2.18569772e-07,  2.04323250e-07,  1.91104106e-07,
        1.78839060e-07,  1.67460112e-07,  1.56904166e-07,  1.47112685e-07,
        1.38031365e-07,  1.29609835e-07,  1.21801375e-07,  1.14562656e-07,
        1.07853492e-07,  1.01636609e-07,  9.58774243e-08,  9.05438368e-08,
        8.56060165e-08,  8.10361980e-08,  7.68084666e-08,  7.28985312e-08,
        6.92834780e-08,  6.59414956e-08,  6.28515616e-08,  5.99930841e-08,
        5.73454882e-08,  5.48877446e-08,  5.25978369e-08,  5.04521755e-08,
        4.84249708e-08,  4.64875924e-08,  4.46079539e-08,  4.27499796e-08,
        4.08732279e-08,  3.89327639e-08,  3.68793908e-08,  3.46603633e-08,
        3.22207107e-08,  2.95052900e-08,  2.64616631e-08,  2.30438419e-08,
        1.92168610e-08,  1.49620206e-08,  1.02824873e-08,  5.20876448e-09,
       -1.96638294e-10, -5.83615755e-09, -1.15766373e-08, -1.72521255e-08,
       -2.26705905e-08, -2.76247087e-08, -3.19062721e-08, -3.53230765e-08,
       -3.77165079e-08, -3.89776082e-08, -3.90593159e-08, -3.79829209e-08,
       -3.58375418e-08, -3.27724794e-08, -2.89834255e-08, -2.46944585e-08,
       -2.01383261e-08, -1.55376112e-08, -1.10889922e-08, -6.95209401e-09,
       -3.24354981e-09, -3.60631499e-11,  2.63837775e-09,  4.78235406e-09,
        6.42525537e-09,  7.61509869e-09,  8.41086052e-09,  8.87593745e-09,
        9.07304435e-09,  9.06060707e-09,  8.89052778e-09,  8.60709620e-09,
        8.24677734e-09,  7.83860912e-09,  7.40497524e-09,  6.96256412e-09,
        6.52337450e-09,  6.09567354e-09,  5.68485193e-09,  5.29414985e-09,
        4.92524831e-09,  4.57873424e-09,  4.25445445e-09,  3.95177726e-09,
        3.66978025e-09,  3.40738106e-09,  3.16342591e-09,  2.93674732e-09,
        2.72620039e-09,  2.53068419e-09,  2.34915344e-09,  2.18062384e-09,
        2.02417343e-09,  1.87894158e-09,  1.74412668e-09,  1.61898311e-09,
        1.50281789e-09,  1.39498730e-09,  1.29489358e-09,  1.20198171e-09,
        1.11573644e-09,  1.03567947e-09,  9.61366786e-10,  8.92386219e-10,
        8.28355184e-10,  7.68918542e-10,  7.13746632e-10,  6.62533450e-10,
        6.14994947e-10,  5.70867456e-10,  5.29906226e-10,  4.91884071e-10,
        4.56590105e-10,  4.23828573e-10,  3.93417766e-10,  3.65189013e-10,
        3.38985746e-10,  3.14662633e-10,  2.92084766e-10,  2.71126919e-10,
        2.51672853e-10,  2.33614666e-10,  2.16852201e-10,  2.01292487e-10,
        1.86849223e-10,  1.73442300e-10,  1.60997359e-10,  1.49445375e-10,
        1.38722276e-10,  1.28768587e-10,  1.19529101e-10,  1.10952572e-10,
        1.02991432e-10,  9.56015235e-11,  8.87418607e-11,  8.23743965e-11,
        7.64638144e-11,  7.09773319e-11,  6.58845188e-11,  6.11571284e-11,
        5.67689404e-11,  5.26956164e-11,  4.89145640e-11,  4.54048119e-11,
        4.21468936e-11,  3.91227395e-11,  3.63155763e-11,  3.37098343e-11,
        3.12910611e-11,  2.90458412e-11,  2.69617216e-11,  2.50271430e-11,
        2.32313755e-11,  2.15644590e-11,  2.00171481e-11,  1.85808607e-11,
        1.72476307e-11,  1.60100634e-11,  1.48612948e-11,  1.37949534e-11,
        1.28051247e-11,  1.18863188e-11,  1.10334396e-11,  1.02417567e-11,
        9.50687906e-12,  8.82473085e-12,  8.19152854e-12,  7.60376015e-12,
        7.05816567e-12,  6.55171901e-12,  6.08161121e-12,  5.64523487e-12,
        5.24016967e-12,  4.86416895e-12,  4.51514726e-12,  4.19116879e-12,
        3.89043661e-12,  3.61128275e-12,  3.35215890e-12,  3.11162787e-12,
        2.88835556e-12,  2.68110362e-12,  2.48872254e-12,  2.31014531e-12,
        2.14438146e-12,  1.99051159e-12,  1.84768229e-12,  1.71510137e-12,
        1.59203347e-12,  1.47779601e-12,  1.37175538e-12,  1.27332345e-12,
        1.18195426e-12,  1.09714105e-12,  1.01841341e-12,  9.45334685e-13,
        8.77499545e-13,  8.14531754e-13,  7.56082065e-13,  7.01826293e-13,
        6.51463514e-13,  6.04714396e-13,  5.61319648e-13,  5.21038587e-13,
        4.83647796e-13,  4.48939892e-13,  4.16722370e-13,  3.86816539e-13,
        3.59056530e-13,  3.33288373e-13,  3.09369148e-13,  2.87166191e-13,
        2.66556353e-13,  2.47425325e-13,  2.29666997e-13,  2.13182876e-13,
        1.97881534e-13,  1.83678103e-13,  1.70493805e-13,  1.58255515e-13,
        1.46895354e-13,  1.36350314e-13,  1.26561908e-13,  1.17475846e-13,
        1.09041733e-13,  1.01212789e-13,  9.39455924e-14,  8.71998363e-14,
        8.09381059e-14,  7.51256711e-14,  6.97302937e-14,  6.47220489e-14,
        6.00731589e-14,  5.57578390e-14,  5.17521548e-14,  4.80338891e-14,
        4.45824189e-14,  4.13786009e-14,  3.84046655e-14,  3.56441181e-14,
        3.30816474e-14,  3.07030410e-14,  2.84951063e-14,  2.64455970e-14,
        2.45431459e-14,  2.27772010e-14,  2.11379679e-14,  1.96163546e-14,
        1.82039216e-14,  1.68928351e-14,  1.56758231e-14,  1.45461358e-14,
        1.34975073e-14,  1.25241215e-14,  1.16205797e-14,  1.07818705e-14,
        1.00033419e-14,  9.28067611e-15,  8.60986477e-15,  7.98718733e-15,
        7.40919018e-15,  6.87266750e-15,  6.37464352e-15,  5.91235601e-15,
        5.48324092e-15,  5.08491822e-15,  4.71517864e-15,  4.37197146e-15,
        4.05339311e-15,  3.75767663e-15,  3.48318185e-15,  3.22838632e-15,
        2.99187683e-15,  2.77234162e-15,  2.56856304e-15,  2.37941086e-15,
        2.20383596e-15,  2.04086454e-15,  1.88959269e-15,  1.74918139e-15,
        1.61885187e-15,  1.49788127e-15,  1.38559864e-15,  1.28138120e-15,
        1.18465093e-15,  1.09487132e-15,  1.01154442e-15,  9.34208068e-16,
        8.62433319e-16,  7.95822083e-16,  7.34004908e-16,  6.76638929e-16,
        6.23405974e-16,  5.74010789e-16,  5.28179410e-16,  4.85657636e-16,
        4.46209626e-16,  4.09616583e-16,  3.75675550e-16,  3.44198274e-16,
        3.15010170e-16,  2.87949349e-16,  2.62865721e-16,  2.39620162e-16,
        2.18083742e-16,  1.98137012e-16,  1.79669340e-16,  1.62578295e-16,
        1.46769085e-16,  1.32154024e-16,  1.18652053e-16,  1.06188283e-16,
        9.46935851e-17,  8.41042055e-17,  7.43614110e-17,  6.54111641e-17,
        5.72038232e-17,  4.96938671e-17,  4.28396424e-17,  3.66031328e-17,
        3.09497483e-17,  2.58481327e-17,  2.12699905e-17,  1.71899294e-17,
        1.35853199e-17,  1.04361691e-17,  7.72501079e-18,  5.43680766e-18,
        3.55886844e-18,  2.08077731e-18,  9.94336190e-19,  2.93519229e-19,
       -2.55605834e-20,  3.53270061e-20,  4.76519705e-19,  1.30046455e-18,
        2.51173146e-18,  4.11703863e-18,  6.12528973e-18,  8.54762333e-18,
        1.13974747e-17,  1.46906502e-17,  1.84454152e-17,  2.26825951e-17,
        2.74256911e-17,  3.27010101e-17,  3.85378114e-17,  4.49684682e-17,
        5.20286474e-17,  5.97575078e-17,  6.81979166e-17,  7.73966879e-17,
        8.74048417e-17,  9.82778872e-17,  1.10076131e-16,  1.22865011e-16,
        1.36715458e-16,  1.51704295e-16,  1.67914654e-16,  1.85436444e-16,
        2.04366850e-16,  2.24810865e-16,  2.46881882e-16,  2.70702315e-16,
        2.96404282e-16,  3.24130336e-16,  3.54034257e-16,  3.86281905e-16,
        4.21052137e-16,  4.58537805e-16,  4.98946817e-16,  5.42503300e-16,
        5.89448835e-16,  6.40043801e-16,  6.94568817e-16,  7.53326303e-16,
        8.16642150e-16,  8.84867535e-16,  9.58380862e-16,  1.03758987e-15,
        1.12293387e-15,  1.21488623e-15,  1.31395696e-15,  1.42069552e-15,
        1.53569395e-15,  1.65959007e-15,  1.79307106e-15,  1.93687725e-15,
        2.09180625e-15,  2.25871737e-15,  2.43853636e-15,  2.63226057e-15,
        2.84096447e-15,  3.06580562e-15,  3.30803107e-15,  3.56898432e-15,
        3.85011270e-15,  4.15297548e-15,  4.47925244e-15,  4.83075327e-15,
        5.20942751e-15,  5.61737546e-15,  6.05685975e-15,  6.53031795e-15,
        7.04037604e-15,  7.58986302e-15,  8.18182656e-15,  8.81954992e-15,
        9.50657019e-15,  1.02466979e-14,  1.10440380e-14,  1.19030129e-14,
        1.28283868e-14,  1.38252923e-14,  1.48992586e-14,  1.60562423e-14,
        1.73026605e-14,  1.86454264e-14,  2.00919874e-14,  2.16503669e-14,
        2.33292082e-14,  2.51378228e-14,  2.70862421e-14,  2.91852727e-14,
        3.14465568e-14,  3.38826363e-14,  3.65070227e-14,  3.93342720e-14,
        4.23800651e-14,  4.56612954e-14,  4.91961618e-14,  5.30042701e-14,
        5.71067417e-14,  6.15263304e-14,  6.62875493e-14,  7.14168057e-14,
        7.69425488e-14,  8.28954266e-14,  8.93084560e-14,  9.62172063e-14,
        1.03659996e-13,  1.11678107e-13,  1.20316009e-13,  1.29621613e-13,
        1.39646531e-13,  1.50446365e-13,  1.62081016e-13,  1.74615014e-13,
        1.88117877e-13,  2.02664498e-13,  2.18335559e-13,  2.35217978e-13,
        2.53405390e-13,  2.72998671e-13,  2.94106494e-13,  3.16845930e-13,
        3.41343103e-13,  3.67733882e-13,  3.96164642e-13,  4.26793072e-13,
        4.59789049e-13,  4.95335582e-13,  5.33629827e-13,  5.74884179e-13,
        6.19327452e-13,  6.67206145e-13,  7.18785813e-13,  7.74352539e-13,
        8.34214517e-13,  8.98703767e-13,  9.68177972e-13,  1.04302246e-12,
        1.12365236e-12,  1.21051487e-12,  1.30409176e-12,  1.40490205e-12,
        1.51350488e-12,  1.63050260e-12,  1.75654413e-12,  1.89232854e-12,
        2.03860895e-12,  2.19619669e-12, -0.00000000e+00, -0.00000000e+00])], 1: [array([ 0.00000000e+00,  2.80900821e-19,  8.43443276e-19,  1.68911095e-18,
        2.82013409e-18,  4.23949554e-18,  5.95093854e-18,  7.95897665e-18,
        1.02689056e-17,  1.28868174e-17,  1.58196161e-17,  1.90750363e-17,
        2.26616636e-17,  2.65889568e-17,  3.08672733e-17,  3.55078962e-17,
        4.05230642e-17,  4.59260036e-17,  5.17309635e-17,  5.79532532e-17,
        6.46092826e-17,  7.17166055e-17,  7.92939659e-17,  8.73613473e-17,
        9.59400259e-17,  1.05052626e-16,  1.14723180e-16,  1.24977191e-16,
        1.35841703e-16,  1.47345369e-16,  1.59518526e-16,  1.72393278e-16,
        1.86003581e-16,  2.00385327e-16,  2.15576447e-16,  2.31617002e-16,
        2.48549297e-16,  2.66417986e-16,  2.85270195e-16,  3.05155642e-16,
        3.26126769e-16,  3.48238885e-16,  3.71550305e-16,  3.96122507e-16,
        4.22020295e-16,  4.49311969e-16,  4.78069505e-16,  5.08368745e-16,
        5.40289595e-16,  5.73916240e-16,  6.09337363e-16,  6.46646379e-16,
        6.85941683e-16,  7.27326907e-16,  7.70911196e-16,  8.16809493e-16,
        8.65142845e-16,  9.16038721e-16,  9.69631347e-16,  1.02606206e-15,
        1.08547969e-15,  1.14804093e-15,  1.21391077e-15,  1.28326294e-15,
        1.35628033e-15,  1.43315551e-15,  1.51409122e-15,  1.59930091e-15,
        1.68900931e-15,  1.78345299e-15,  1.88288104e-15,  1.98755567e-15,
        2.09775294e-15,  2.21376347e-15,  2.33589321e-15,  2.46446426e-15,
        2.59981568e-15,  2.74230444e-15,  2.89230633e-15,  3.05021693e-15,
        3.21645271e-15,  3.39145207e-15,  3.57567653e-15,  3.76961195e-15,
        3.97376979e-15,  4.18868847e-15,  4.41493478e-15,  4.65310541e-15,
        4.90382848e-15,  5.16776521e-15,  5.44561168e-15,  5.73810064e-15,
        6.04600348e-15,  6.37013221e-15,  6.71134166e-15,  7.07053169e-15,
        7.44864958e-15,  7.84669253e-15,  8.26571030e-15,  8.70680795e-15,
        9.17114879e-15,  9.65995740e-15,  1.01745229e-14,  1.07162024e-14,
        1.12864243e-14,  1.18866927e-14,  1.25185904e-14,  1.31837841e-14,
        1.38840279e-14,  1.46211688e-14,  1.53971506e-14,  1.62140199e-14,
        1.70739309e-14,  1.79791516e-14,  1.89320693e-14,  1.99351970e-14,
        2.09911802e-14,  2.21028039e-14,  2.32729998e-14,  2.45048540e-14,
        2.58016152e-14,  2.71667034e-14,  2.86037186e-14,  3.01164507e-14,
        3.17088892e-14,  3.33852338e-14,  3.51499054e-14,  3.70075580e-14,
        3.89630908e-14,  4.10216610e-14,  4.31886976e-14,  4.54699158e-14,
        4.78713317e-14,  5.03992786e-14,  5.30604233e-14,  5.58617840e-14,
        5.88107487e-14,  6.19150947e-14,  6.51830089e-14,  6.86231097e-14,
        7.22444698e-14,  7.60566395e-14,  8.00696727e-14,  8.42941528e-14,
        8.87412210e-14,  9.34226055e-14,  9.83506522e-14,  1.03538358e-13,
        1.08999404e-13,  1.14748193e-13,  1.20799886e-13,  1.27170442e-13,
        1.33876664e-13,  1.40936236e-13,  1.48367777e-13,  1.56190887e-13,
        1.64426196e-13,  1.73095424e-13,  1.82221434e-13,  1.91828293e-13,
        2.01941338e-13,  2.12587239e-13,  2.23794073e-13,  2.35591395e-13,
        2.48010318e-13,  2.61083595e-13,  2.74845702e-13,  2.89332936e-13,
        3.04583501e-13,  3.20637619e-13,  3.37537629e-13,  3.55328101e-13,
        3.74055952e-13,  3.93770574e-13,  4.14523960e-13,  4.36370842e-13,
        4.59368837e-13,  4.83578596e-13,  5.09063967e-13,  5.35892163e-13,
        5.64133937e-13,  5.93863770e-13,  6.25160068e-13,  6.58105368e-13,
        6.92786557e-13,  7.29295097e-13,  7.67727273e-13,  8.08184441e-13,
        8.50773297e-13,  8.95606160e-13,  9.42801267e-13,  9.92483085e-13,
        1.04478264e-12,  1.09983785e-12,  1.15779393e-12,  1.21880371e-12,
        1.28302810e-12,  1.35063648e-12,  1.42180713e-12,  1.49672777e-12,
        1.57559598e-12,  1.65861976e-12,  1.74601806e-12,  1.83802138e-12,
        1.93487235e-12,  2.03682640e-12,  2.14415241e-12,  2.25713343e-12,
        2.37606742e-12,  2.50126804e-12,  2.63306548e-12,  2.77180734e-12,
        2.91785950e-12,  3.07160715e-12,  3.23345577e-12,  3.40383219e-12,
        3.58318574e-12,  3.77198944e-12,  3.97074120e-12,  4.17996520e-12,
        4.40021321e-12,  4.63206609e-12,  4.87613530e-12,  5.13306452e-12,
        5.40353134e-12,  5.68824906e-12,  5.98796855e-12,  6.30348027e-12,
        6.63561631e-12,  6.98525260e-12,  7.35331122e-12,  7.74076286e-12,
        8.14862932e-12,  8.57798628e-12,  9.02996605e-12,  9.50576064e-12,
        1.00066249e-11,  1.05338796e-11,  1.10889154e-11,  1.16731961e-11,
        1.22882625e-11,  1.29357367e-11,  1.36173264e-11,  1.43348290e-11,
        1.50901369e-11,  1.58852419e-11,  1.67222411e-11,  1.76033417e-11,
        1.85308675e-11,  1.95072647e-11,  2.05351082e-11,  2.16171088e-11,
        2.27561201e-11,  2.39551458e-11,  2.52173483e-11,  2.65460561e-11,
        2.79447736e-11,  2.94171896e-11,  3.09671872e-11,  3.25988541e-11,
        3.43164936e-11,  3.61246355e-11,  3.80280484e-11,  4.00317522e-11,
        4.21410311e-11,  4.43614480e-11,  4.66988586e-11,  4.91594275e-11,
        5.17496437e-11,  5.44763384e-11,  5.73467027e-11,  6.03683065e-11,
        6.35491187e-11,  6.68975278e-11,  7.04223647e-11,  7.41329252e-11,
        7.80389952e-11,  8.21508761e-11,  8.64794120e-11,  9.10360185e-11,
        9.58327126e-11,  1.00882145e-10,  1.06197631e-10,  1.11793191e-10,
        1.17683580e-10,  1.23884335e-10,  1.30411807e-10,  1.37283212e-10,
        1.44516671e-10,  1.52131261e-10,  1.60147064e-10,  1.68585219e-10,
        1.77467981e-10,  1.86818776e-10,  1.96662265e-10,  2.07024407e-10,
        2.17932530e-10,  2.29415402e-10,  2.41503307e-10,  2.54228123e-10,
        2.67623411e-10,  2.81724496e-10,  2.96568567e-10,  3.12194773e-10,
        3.28644324e-10,  3.45960601e-10,  3.64189274e-10,  3.83378415e-10,
        4.03578632e-10,  4.24843199e-10,  4.47228196e-10,  4.70792658e-10,
        4.95598733e-10,  5.21711839e-10,  5.49200846e-10,  5.78138248e-10,
        6.08600362e-10,  6.40667526e-10,  6.74424308e-10,  7.09959736e-10,
        7.47367525e-10,  7.86746331e-10,  8.28200007e-10,  8.71837877e-10,
        9.17775027e-10,  9.66132606e-10,  1.01703815e-09,  1.07062590e-09,
        1.12703719e-09,  1.18642079e-09,  1.24893332e-09,  1.31473963e-09,
        1.38401327e-09,  1.45693694e-09,  1.53370295e-09,  1.61451376e-09,
        1.69958249e-09,  1.78913348e-09,  1.88340289e-09,  1.98263933e-09,
        2.08710450e-09,  2.19707388e-09,  2.31283746e-09,  2.43470049e-09,
        2.56298429e-09,  2.69802708e-09,  2.84018486e-09,  2.98983232e-09,
        3.14736382e-09,  3.31319439e-09,  3.48776072e-09,  3.67152232e-09,
        3.86496256e-09,  4.06858983e-09,  4.28293865e-09,  4.50857086e-09,
        4.74607670e-09,  4.99607585e-09,  5.25921844e-09,  5.53618583e-09,
        5.82769124e-09,  6.13448003e-09,  6.45732957e-09,  6.79704863e-09,
        7.15447584e-09,  7.53047739e-09,  7.92594328e-09,  8.34178201e-09,
        8.77891327e-09,  9.23825787e-09,  9.72072453e-09,  1.02271926e-08,
        1.07584898e-08,  1.13153640e-08,  1.18984474e-08,  1.25082120e-08,
        1.31449152e-08,  1.38085314e-08,  1.44986710e-08,  1.52144812e-08,
        1.59545274e-08,  1.67166532e-08,  1.74978153e-08,  1.82938899e-08,
        1.90994505e-08,  1.99075114e-08,  2.07092381e-08,  2.14936215e-08,
        2.22471170e-08,  2.29532495e-08,  2.35921878e-08,  2.41402946e-08,
        2.45696602e-08,  2.48476328e-08,  2.49363624e-08,  2.47923785e-08,
        2.43662303e-08,  2.36022208e-08,  2.24382743e-08,  2.08059828e-08,
        1.86308800e-08,  1.58330005e-08,  1.23277798e-08,  8.02735390e-09,
        2.84231292e-09, -3.31604513e-09, -1.05329272e-08, -1.88867127e-08,
       -2.84450894e-08, -3.92607083e-08, -5.13664486e-08, -6.47704323e-08,
       -7.94509792e-08, -9.53517483e-08, -1.12377356e-07, -1.30389805e-07,
       -1.49206089e-07, -1.68597325e-07, -1.88289762e-07, -2.07967961e-07,
       -2.27280328e-07, -2.45847097e-07, -2.63270689e-07, -2.79148189e-07,
       -2.93085542e-07, -3.04712851e-07, -3.13700019e-07, -3.19771897e-07,
       -3.22721982e-07, -3.22423791e-07, -3.18839068e-07, -3.12022181e-07,
       -3.02120268e-07, -2.89368978e-07, -2.74083943e-07, -2.56648414e-07,
       -2.37497762e-07, -2.17101752e-07, -1.95945637e-07, -1.74511180e-07,
       -1.53258663e-07, -1.32610840e-07, -1.12939601e-07, -9.45558873e-08,
       -7.77031541e-08, -6.25544092e-08, -4.92126464e-08, -3.77142886e-08,
       -2.80351197e-08, -2.00980980e-08, -1.37824122e-08, -8.93315647e-09,
       -5.37105890e-09, -2.90178232e-09, -1.32441780e-09, -4.38900746e-10,
       -5.21846282e-11,  1.68963026e-11, -6.59371877e-11, -1.52751848e-10,
       -1.14646027e-10,  1.57951920e-10,  7.55763511e-10,  1.75174875e-09,
        3.20264122e-09,  5.15078172e-09,  7.62612067e-09,  1.06482806e-08,
        1.42285907e-08,  1.83720260e-08,  2.30790019e-08,  2.83469926e-08,
        3.41719533e-08,  4.05495413e-08,  4.74761358e-08,  5.49496683e-08,
        6.29702753e-08,  7.15407922e-08,  8.06671083e-08,  9.03584015e-08,
        1.00627275e-07,  1.11489815e-07,  1.22965585e-07,  1.35077580e-07,
        1.47852145e-07,  1.61318883e-07,  1.75510553e-07,  1.90462973e-07,
        2.06214929e-07,  2.22808107e-07,  2.40287040e-07,  2.58699077e-07,
        2.78094376e-07,  2.98525925e-07,  3.20049584e-07,  3.42724154e-07,
        3.66611467e-07,  3.91776499e-07,  4.18287505e-07,  4.46216171e-07,
        4.75637790e-07,  5.06631444e-07,  5.39280217e-07,  5.73671411e-07,
        6.09896783e-07,  6.48052793e-07,  6.88240873e-07,  7.30567700e-07,
        7.75145490e-07,  8.22092306e-07,  8.71532380e-07,  9.23596449e-07,
        9.78422112e-07,  1.03615420e-06,  1.09694516e-06,  1.16095547e-06,
        1.22835406e-06,  1.29931878e-06,  1.37403680e-06,  1.45270517e-06,
        1.53553124e-06,  1.62273315e-06,  1.71454028e-06,  1.81119353e-06,
        1.91294557e-06,  2.02006056e-06,  2.13281342e-06,  2.25148800e-06,
        2.37637365e-06,  2.50775898e-06,  2.64592143e-06,  2.79111032e-06,
        2.94352005e-06,  3.10324891e-06,  3.27023740e-06,  3.44417794e-06,
        3.62438587e-06,  3.80961964e-06,  3.99783667e-06,  4.18587044e-06,
        4.36901607e-06,  4.54051523e-06,  4.69093931e-06,  4.80748224e-06,
        4.87319320e-06,  4.86620405e-06,  4.75903726e-06,  4.51811507e-06,
        4.10362644e-06,  3.46993962e-06,  2.56676701e-06,  1.34128464e-06,
       -2.58629200e-07, -2.27995656e-06, -4.75896204e-06, -7.71472743e-06,
       -1.11422896e-05, -1.50061278e-05, -1.92349703e-05, -2.37190236e-05,
       -2.83106978e-05, -3.28296546e-05, -3.70725220e-05, -4.08269282e-05,
       -4.38887139e-05, -4.60804449e-05, -4.72688418e-05, -4.73786388e-05,
       -4.64007506e-05, -4.43934358e-05, -4.14762429e-05, -3.78176734e-05,
       -3.36184484e-05, -2.90928239e-05, -2.44504681e-05, -1.98810419e-05,
       -1.55429297e-05, -1.15567459e-05, -8.00347377e-06, -4.92650599e-06,
       -2.33651484e-06, -2.17982920e-07,  1.46367773e-06,  2.75527163e-06,
        3.70981386e-06,  4.38169126e-06,  4.82308839e-06,  5.08161416e-06,
        5.19896384e-06,  5.21040287e-06,  5.14485071e-06,  5.02536095e-06,
        4.86982752e-06,  4.69178508e-06,  4.50120995e-06,  4.30526143e-06,
        4.10893015e-06,  3.91558046e-06,  3.72738739e-06,  3.54567744e-06,
        3.37118662e-06,  3.20425059e-06,  3.04494119e-06,  2.89316212e-06,
        2.74871443e-06,  2.61134024e-06,  2.48075123e-06,  2.35664672e-06,
        2.23872485e-06,  2.12668916e-06,  2.02025238e-06,  1.91913834e-06,
        1.82308285e-06,  1.73183389e-06,  1.64515154e-06,  1.56280753e-06,
        1.48458491e-06,  1.41027745e-06,  1.33968925e-06,  1.27263417e-06,
        1.20893536e-06,  1.14842485e-06,  1.09094305e-06,  1.03633838e-06,
        9.84466811e-07,  9.35191561e-07,  8.88382671e-07,  8.43916693e-07,
        8.01676359e-07,  7.61550269e-07,  7.23432600e-07,  6.87222823e-07,
        6.52825445e-07,  6.20149750e-07,  5.89109562e-07,  5.59623020e-07,
        5.31612361e-07,  5.05003711e-07,  4.79726896e-07,  4.55715256e-07,
        4.32905463e-07,  4.11237363e-07,  3.90653810e-07,  3.71100520e-07,
        3.52525926e-07,  3.34881041e-07,  3.18119331e-07,  3.02196590e-07,
        2.87070825e-07,  2.72702147e-07,  2.59052660e-07,  2.46086367e-07,
        2.33769072e-07,  2.22068291e-07,  2.10953167e-07,  2.00394385e-07,
        1.90364099e-07,  1.80835856e-07,  1.71784527e-07,  1.63186242e-07,
        1.55018325e-07,  1.47259234e-07,  1.39888507e-07,  1.32886705e-07,
        1.26235363e-07,  1.19916938e-07,  1.13914767e-07,  1.08213022e-07,
        1.02796665e-07,  9.76514105e-08,  9.27636905e-08,  8.81206142e-08,
        8.37099366e-08,  7.95200253e-08,  7.55398306e-08,  7.17588555e-08,
        6.81671285e-08,  6.47551773e-08,  6.15140035e-08,  5.84350593e-08,
        5.55102247e-08,  5.27317860e-08,  5.00924158e-08,  4.75851532e-08,
        4.52033860e-08,  4.29408327e-08,  4.07915264e-08,  3.87497988e-08,
        3.68102652e-08,  3.49678105e-08,  3.32175757e-08,  3.15549450e-08,
        2.99755334e-08,  2.84751757e-08,  2.70499150e-08,  2.56959925e-08,
        2.44098375e-08,  2.31880581e-08,  2.20274321e-08,  2.09248985e-08,
        1.98775498e-08,  1.88826238e-08,  1.79374965e-08,  1.70396754e-08,
        1.61867927e-08,  1.53765991e-08,  1.46069579e-08,  1.38758394e-08,
        1.31813153e-08,  1.25215540e-08,  1.18948156e-08,  1.12994472e-08,
        1.07338786e-08,  1.01966182e-08,  9.68624923e-09,  9.20142558e-09,
        8.74086868e-09,  8.30336390e-09,  7.88775744e-09,  7.49295321e-09,
        7.11791001e-09,  6.76163874e-09,  6.42319983e-09,  6.10170071e-09,
        5.79629349e-09,  5.50617274e-09,  5.23057333e-09,  4.96876841e-09,
        4.72006755e-09,  4.48381485e-09,  4.25938723e-09,  4.04619283e-09,
        3.84366940e-09,  3.65128281e-09,  3.46852570e-09,  3.29491608e-09,
        3.12999609e-09,  2.97333080e-09,  2.82450704e-09,  2.68313231e-09,
        2.54883377e-09,  2.42125724e-09,  2.30006627e-09,  2.18494123e-09,
        2.07557851e-09,  1.97168970e-09,  1.87300081e-09,  1.77925156e-09,
        1.69019472e-09,  1.60559542e-09,  1.52523054e-09,  1.44888815e-09,
        1.37636690e-09,  1.30747554e-09,  1.24203238e-09,  1.17986482e-09,
        1.12080892e-09,  1.06470893e-09,  1.01141690e-09,  9.60792284e-10,
        9.12701564e-10,  8.67017917e-10,  8.23620860e-10,  7.82395945e-10,
        7.43234449e-10,  7.06033093e-10,  6.70693766e-10,  6.37123269e-10,
        6.05233067e-10,  5.74939057e-10,  5.46161344e-10,  5.18824035e-10,
        4.92855032e-10,  4.68185849e-10,  4.44751426e-10,  4.22489960e-10,
        4.01342741e-10,  3.81253998e-10,  3.62170751e-10,  3.44042673e-10,
        3.26821954e-10,  3.10463180e-10,  2.94923207e-10,  2.80161052e-10,
        2.66137783e-10,  2.52816417e-10,  2.40161822e-10,  2.28140623e-10,
        2.16721119e-10,  2.05873192e-10,  1.95568233e-10,  1.85779066e-10,
        1.76479873e-10,  1.67646130e-10,  1.59254540e-10,  1.51282972e-10,
        1.43710402e-10,  1.36516861e-10,  1.29683376e-10,  1.23191925e-10,
        1.17025390e-10,  1.11167506e-10,  1.05602825e-10,  1.00316672e-10,
        9.52951049e-11,  9.05248811e-11,  8.59934201e-11,  8.16887710e-11,
        7.75995814e-11,  7.37150669e-11,  7.00249830e-11,  6.65195978e-11,
        6.31896667e-11,  6.00264078e-11,  5.70214786e-11,  5.41669543e-11,
        5.14553067e-11,  4.88793845e-11,  4.64323943e-11,  4.41078826e-11,
        4.18997190e-11,  3.98020801e-11,  3.78094337e-11,  3.59165247e-11,
        3.41183609e-11,  3.24102002e-11,  3.07875376e-11,  2.92460937e-11,
        2.77818032e-11,  2.63908045e-11,  2.50694291e-11,  2.38141921e-11,
        2.26217832e-11,  2.14890576e-11,  2.04130280e-11,  1.93908566e-11,
        1.84198477e-11,  1.74974405e-11,  1.66212022e-11,  1.57888221e-11,
        1.49981049e-11,  1.42469652e-11,  1.35334222e-11,  1.28555939e-11,
        1.22116928e-11,  1.16000207e-11,  1.10189644e-11,  1.04669917e-11,
        9.94264665e-12,  9.44454654e-12,  8.97137771e-12,  8.52189228e-12,
        8.09490484e-12,  7.68928929e-12,  7.30397593e-12,  6.93794856e-12,
        6.59024188e-12,  6.25993888e-12,  5.94616846e-12,  5.64810313e-12,
        5.36495679e-12,  5.09598273e-12,  4.84047156e-12,  4.59774945e-12,
        4.36717627e-12,  4.14814393e-12,  3.94007477e-12,  3.74242007e-12,
        3.55465856e-12,  3.37629505e-12,  3.20685915e-12,  3.04590401e-12,
        2.89300515e-12,  2.74775932e-12,  2.60978349e-12,  2.47871376e-12,
        2.35420447e-12,  2.23592725e-12,  2.12357017e-12,  2.01683692e-12,
        1.91544601e-12,  1.81913004e-12,  1.72763501e-12,  1.64071961e-12,
        1.55815462e-12,  1.47972230e-12,  1.40521580e-12,  1.33443863e-12,
        1.26720412e-12,  1.20333496e-12,  1.14266271e-12,  1.08502736e-12,
        1.03027691e-12,  9.78266967e-13,  9.28860364e-13,  8.81926804e-13,
        8.37342511e-13,  7.94989902e-13,  7.54757282e-13,  7.16538547e-13,
        6.80232904e-13,  6.45744603e-13,  6.12982690e-13,  5.81860763e-13,
        5.52296744e-13,  5.24212665e-13,  4.97534460e-13,  4.72191771e-13,
        4.48117763e-13,  4.25248946e-13,  4.03525008e-13,  3.82888657e-13,
        3.63285470e-13,  3.44663747e-13,  3.26974378e-13,  3.10170710e-13,
        2.94208429e-13,  2.79045437e-13,  2.64641744e-13,  2.50959365e-13,
        2.37962215e-13,  2.25616017e-13,  2.13888211e-13,  2.02747867e-13,
        1.92165605e-13,  1.82113516e-13,  1.72565091e-13,  1.63495147e-13,
        1.54879765e-13,  1.46696224e-13,  1.38922941e-13,  1.31539415e-13,
        1.24526175e-13,  1.17864725e-13,  1.11537496e-13,  1.05527802e-13,
        9.98197930e-14,  9.43984163e-14,  8.92493740e-14,  8.43590864e-14,
        7.97146567e-14,  7.53038360e-14,  7.11149919e-14,  6.71370772e-14,
        6.33596010e-14,  5.97726011e-14,  5.63666175e-14,  5.31326678e-14,
        5.00622230e-14,  4.71471857e-14,  4.43798680e-14,  4.17529716e-14,
        3.92595689e-14,  3.68930839e-14,  3.46472757e-14,  3.25162212e-14,
        3.04943005e-14,  2.85761811e-14,  2.67568044e-14,  2.50313722e-14,
        2.33953340e-14,  2.18443752e-14,  2.03744055e-14,  1.89815481e-14,
        1.76621296e-14,  1.64126705e-14,  1.52298755e-14,  1.41106253e-14,
        1.30519681e-14,  1.20511119e-14,  1.11054172e-14,  1.02123899e-14,
        9.36967490e-15,  8.57504968e-15,  7.82641860e-15,  7.12180732e-15,
        6.45935757e-15,  5.83732230e-15,  5.25406102e-15,  4.70803552e-15,
        4.19780576e-15,  3.72202614e-15,  3.27944188e-15,  2.86888577e-15,
        2.48927507e-15,  2.13960862e-15,  1.81896426e-15,  1.52649637e-15,
        1.26143362e-15,  1.02307698e-15,  8.10797816e-16,  6.24036303e-16,
        4.62299896e-16,  3.25162050e-16,  2.12261095e-16,  1.23299279e-16,
        5.80419859e-17,  1.63171137e-17, -0.00000000e+00,  0.00000000e+00])], 2: []}
v = [-7.35048126e-164 -4.14951933e-163 -2.33315705e-162 -1.30663509e-161
 -7.28834342e-161 -4.04918391e-160 -2.24063100e-159 -1.23491579e-158
 -6.77904489e-158 -3.70649861e-157 -2.01847482e-156 -1.09483077e-155
 -5.91472858e-155 -3.18263481e-154 -1.70570122e-153 -9.10506976e-153
 -4.84091836e-152 -2.56351819e-151 -1.35210125e-150 -7.10307151e-150
 -3.71661286e-149 -1.93692421e-148 -1.00540744e-147 -5.19799341e-147
 -2.67666192e-146 -1.37282595e-145 -7.01296389e-145 -3.56822220e-144
 -1.80828276e-143 -9.12735535e-143 -4.58867965e-142 -2.29770720e-141
 -1.14595033e-140 -5.69247415e-140 -2.81644001e-139 -1.38791895e-138
 -6.81227032e-138 -3.33030342e-137 -1.62158567e-136 -7.86430155e-136
 -3.79878383e-135 -1.82765058e-134 -8.75801975e-134 -4.18006309e-133
 -1.98711919e-132 -9.40869004e-132 -4.43709340e-131 -2.08416522e-130
 -9.75056722e-130 -4.54351308e-129 -2.10871481e-128 -9.74783296e-128
 -4.48809946e-127 -2.05816900e-126 -9.40077709e-126 -4.27671827e-125
 -1.93785686e-124 -8.74574699e-124 -3.93130093e-123 -1.76011010e-122
 -7.84887735e-122 -3.48609658e-121 -1.54218137e-120 -6.79509689e-120
 -2.98208501e-119 -1.30349254e-118 -5.67493960e-118 -2.46081011e-117
 -1.06281855e-116 -4.57197989e-116 -1.95890630e-115 -8.35963236e-115
 -3.55324258e-114 -1.50427314e-113 -6.34297077e-113 -2.66393045e-112
 -1.11433872e-111 -4.64275451e-111 -1.92663030e-110 -7.96315585e-110
 -3.27820576e-109 -1.34416124e-108 -5.48947346e-108 -2.23292521e-107
 -9.04652583e-107 -3.65051084e-106 -1.46720103e-105 -5.87340253e-105
 -2.34182304e-104 -9.29999138e-104 -3.67853746e-103 -1.44921221e-102
 -5.68660351e-102 -2.22248111e-101 -8.65141951e-101 -3.35429171e-100
 -1.29532412e-099 -4.98218945e-099 -1.90864952e-098 -7.28276511e-098
 -2.76777373e-097 -1.04768090e-096 -3.94995032e-096 -1.48326383e-095
 -5.54765368e-095 -2.06663815e-094 -7.66802829e-094 -2.83378656e-093
 -1.04307306e-092 -3.82407575e-092 -1.39637610e-091 -5.07858229e-091
 -1.83969888e-090 -6.63766239e-090 -2.38532598e-089 -8.53777059e-089
 -3.04372484e-088 -1.08076298e-087 -3.82225534e-087 -1.34639688e-086
 -4.72379085e-086 -1.65071611e-085 -5.74537370e-085 -1.99172025e-084
 -6.87705600e-084 -2.36505338e-083 -8.10109074e-083 -2.76382290e-082
 -9.39163249e-082 -3.17860185e-081 -1.07150781e-080 -3.59764835e-080
 -1.20311252e-079 -4.00735619e-079 -1.32945552e-078 -4.39292551e-078
 -1.44576608e-077 -4.73921475e-077 -1.54731562e-076 -5.03170991e-076
 -1.62973294e-075 -5.25752636e-075 -1.68931499e-074 -5.40634777e-074
 -1.72330237e-073 -5.47120713e-073 -1.73009118e-072 -5.44902740e-072
 -1.70935850e-071 -5.34086356e-071 -1.66208785e-070 -5.15181943e-070
 -1.59049187e-069 -4.89064837e-069 -1.49784056e-068 -4.56908147e-068
 -1.38821387e-067 -4.20095493e-067 -1.26620443e-066 -3.80122694e-066
 -1.13660074e-065 -3.38498098e-065 -1.00408088e-064 -2.96650664e-064
 -8.72943462e-064 -2.55853329e-063 -7.46896103e-063 -2.17166823e-062
 -6.28913515e-062 -1.81406373e-061 -5.21168692e-061 -1.49131113e-060
 -4.25032722e-060 -1.20653698e-059 -3.41132480e-059 -9.60659917e-059
 -2.69451393e-058 -7.52757968e-058 -2.09456794e-057 -5.80493965e-057
 -1.60237857e-056 -4.40551530e-056 -1.20640315e-055 -3.29042787e-055
 -8.93874304e-055 -2.41860360e-054 -6.51804118e-054 -1.74957946e-053
 -4.67750655e-053 -1.24554466e-052 -3.30345478e-052 -8.72653015e-052
 -2.29603754e-051 -6.01700733e-051 -1.57053009e-050 -4.08296958e-050
 -1.05723174e-049 -2.72664379e-049 -7.00407492e-049 -1.79199719e-048
 -4.56654803e-048 -1.15905194e-047 -2.93009657e-047 -7.37777034e-047
 -1.85025887e-046 -4.62172416e-046 -1.14984609e-045 -2.84930912e-045
 -7.03240036e-045 -1.72874832e-044 -4.23276463e-044 -1.03223988e-043
 -2.50727118e-043 -6.06577295e-043 -1.46162228e-042 -3.50790905e-042
 -8.38543619e-042 -1.99649008e-041 -4.73448580e-041 -1.11825963e-040
 -2.63073217e-040 -6.16417261e-040 -1.43859024e-039 -3.34397941e-039
 -7.74201916e-039 -1.78529116e-038 -4.10041705e-038 -9.38017997e-038
 -2.13726550e-037 -4.85031501e-037 -1.09634081e-036 -2.46822858e-036
 -5.53463950e-036 -1.23611098e-035 -2.74972812e-035 -6.09236915e-035
 -1.34445673e-034 -2.95509612e-034 -6.46934869e-034 -1.41063181e-033
 -3.06359215e-033 -6.62693008e-033 -1.42776915e-032 -3.06385185e-032
 -6.54849794e-032 -1.39405463e-031 -2.95584770e-031 -6.24235524e-031
 -1.31304337e-030 -2.75089380e-030 -5.74027559e-030 -1.19304226e-029
 -2.46969358e-029 -5.09207141e-029 -1.04570711e-028 -2.13889665e-028
 -4.35746297e-028 -8.84182213e-028 -1.78695661e-027 -3.59708254e-027
 -7.21192108e-027 -1.44017640e-026 -2.86447200e-026 -5.67463111e-026
 -1.11968240e-025 -2.20047397e-025 -4.30726689e-025 -8.39752865e-025
 -1.63066733e-024 -3.15386725e-024 -6.07555020e-024 -1.16571392e-023
 -2.22772980e-023 -4.24030613e-023 -8.03888975e-023 -1.51795570e-022
 -2.85486967e-022 -5.34783059e-022 -9.97776243e-022 -1.85418405e-021
 -3.43191631e-021 -6.32680864e-021 -1.16170772e-020 -2.12458061e-020
 -3.87002453e-020 -7.02131384e-020 -1.26878261e-019 -2.28360095e-019
 -4.09371284e-019 -7.30934902e-019 -1.29988278e-018 -2.30246927e-018
 -4.06207241e-018 -7.13782084e-018 -1.24924549e-017 -2.17768019e-017
 -3.78098169e-017 -6.53851635e-017 -1.12620647e-016 -1.93206167e-016
 -3.30132376e-016 -5.61848742e-016 -9.52390103e-016 -1.60795725e-015
 -2.70394770e-015 -4.52883231e-015 -7.55506766e-015 -1.25532055e-014
 -2.07747155e-014 -3.42436221e-014 -5.62196931e-014 -9.19308784e-014
 -1.49726445e-013 -2.42884489e-013 -3.92432721e-013 -6.31531195e-013
 -1.01225182e-012 -1.61601911e-012 -2.56961809e-012 -4.06962914e-012
 -6.41955984e-012 -1.00860202e-011 -1.57833279e-011 -2.46003615e-011
 -3.81899037e-011 -5.90499863e-011 -9.09400532e-011 -1.39493757e-010
 -2.13117200e-010 -3.24299589e-010 -4.91516903e-010 -7.41984242e-010
 -1.11561686e-009 -1.67070443e-009 -2.49200173e-009 -3.70221146e-009
 -5.47820483e-009 -8.07382768e-009 -1.18518146e-008 -1.73282374e-008
 -2.52341158e-008 -3.66004106e-008 -5.28747088e-008 -7.60806447e-008
 -1.09034652e-007 -1.55639228e-007 -2.21277754e-007 -3.13343441e-007
 -4.41944389e-007 -6.20838735e-007 -8.68668654e-007 -1.21058046e-006
 -1.68034065e-006 -2.32308538e-006 -3.19887429e-006 -4.38725967e-006
 -5.99312962e-006 -8.15414004e-006 -1.10501157e-005 -1.49148761e-005
 -2.00510277e-005 -2.68483616e-005 -3.58066016e-005 -4.75633664e-005
 -6.29283334e-005 -8.29247249e-005 -1.08839368e-004 -1.42282717e-004
 -1.85260338e-004 -2.40257480e-004 -3.10338423e-004 -3.99262336e-004
 -5.11617395e-004 -6.52974807e-004 -8.30064256e-004 -1.05097205e-003
 -1.32536281e-003 -1.66472523e-003 -2.08264144e-003 -2.59507919e-003
 -3.22070455e-003 -3.98121219e-003 -4.90166838e-003 -6.01086110e-003
 -7.34164908e-003 -8.93130081e-003 -1.08218118e-002 -1.30601871e-002
 -1.56986745e-002 -1.87949310e-002 -2.24121052e-002 -2.66188159e-002
 -3.14890078e-002 -3.71016637e-002 -4.35403542e-002 -5.08926066e-002
 -5.92490780e-002 -6.87025191e-002 -7.93465214e-002 -9.12740425e-002
 -1.04575715e-001 -1.19337948e-001 -1.35640835e-001 -1.53555899e-001
 -1.73143710e-001 -1.94451411e-001 -2.17510208e-001 -2.42332884e-001
 -2.68911406e-001 -2.97214683e-001 -3.27186565e-001 -3.58744149e-001
 -3.91776477e-001 -4.26143678e-001 -4.61676648e-001 -4.98177296e-001
 -5.35419417e-001 -5.73150226e-001 -6.11092542e-001 -6.48947648e-001
 -6.86398785e-001 -7.23115239e-001 -7.58756957e-001 -7.92979614e-001
 -8.25440024e-001 -8.55801785e-001 -8.83741027e-001 -9.08952128e-001
 -9.31153261e-001 -9.50091626e-001 -9.65548240e-001 -9.77342146e-001
 -9.85333939e-001 -9.89428512e-001 -9.89576935e-001 -9.85777433e-001
 -9.78075418e-001 -9.66562585e-001 -9.51375099e-001 -9.32690912e-001
 -9.10726291e-001 -8.85731657e-001 -8.57986836e-001 -8.27795852e-001
 -7.95481405e-001 -7.61379155e-001 -7.25831976e-001 -6.89184300e-001
 -6.51776681e-001 -6.13940701e-001 -5.75994315e-001 -5.38237724e-001
 -5.00949830e-001 -4.64385336e-001 -4.28772503e-001 -3.94311569e-001
 -3.61173831e-001 -3.29501349e-001 -2.99407230e-001 -2.70976440e-001
 -2.44267084e-001 -2.19312066e-001 -1.96121076e-001 -1.74682812e-001
 -1.54967364e-001 -1.36928699e-001 -1.20507168e-001 -1.05631986e-001
 -9.22236219e-002 -8.01960664e-002 -6.94589355e-002 -5.99193846e-002
 -5.14838160e-002 -4.40593696e-002 -3.75551926e-002 -3.18834913e-002
 -2.69603741e-002 -2.27064960e-002 -1.90475223e-002 -1.59144277e-002
 -1.32436510e-002 -1.09771245e-002 -9.06219948e-003 -7.45148463e-003
 -6.10261773e-003 -4.97798619e-003 -4.04441183e-003 -3.27281323e-003
 -2.63785692e-003 -2.11760724e-003 -1.69318244e-003 -1.34842334e-003
 -1.06957916e-003 -8.45013733e-004 -6.64934346e-004 -5.21144225e-004
 -4.06819027e-004 -3.16306961e-004 -2.44951670e-004 -1.88936657e-004
 -1.45149723e-004 -1.11065803e-004 -8.46464352e-005 -6.42541453e-005
 -4.85800317e-005 -3.65829400e-005 -2.74387037e-005 -2.04980606e-005
 -1.52519800e-005 -1.13032718e-005 -8.34348145e-006 -6.13419718e-006
 -4.49202138e-006 -3.27656311e-006 -2.38091525e-006 -1.72417582e-006
 -1.24566892e-006 -9.00622504e-007 -6.57181335e-007 -4.94794574e-007
 -4.04252773e-007 -3.90012174e-007 -4.76015849e-007 -7.17122855e-007
 -1.21966205e-006 -2.17677810e-006 -3.92745453e-006 -7.05278813e-006
 -1.25297279e-005 -2.19715942e-005 -3.79967262e-005 -6.47818544e-005
 -1.08875154e-004 -1.80364641e-004 -2.94518812e-004 -4.74035065e-004
 -7.52042533e-004 -1.17600273e-003 -1.81262529e-003 -2.75385731e-003
 -4.12390349e-003 -6.08708262e-003 -8.85612091e-003 -1.27002279e-002
 -1.79520117e-002 -2.50119969e-002 -3.43492487e-002 -4.64964453e-002
 -6.20377295e-002 -8.15878841e-002 -1.05761860e-001 -1.35134463e-001
 -1.70191080e-001 -2.11271591e-001 -2.58511009e-001 -3.11781697e-001
 -3.70643018e-001 -4.34304833e-001 -5.01611096e-001 -5.71048823e-001
 -6.40785948e-001 -7.08739031e-001 -7.72668763e-001 -8.30298001e-001
 -8.79444147e-001 -9.18155344e-001 -9.44838764e-001 -9.58369254e-001
 -9.58168027e-001 -9.44243731e-001 -9.17191832e-001 -8.78152375e-001
 -8.28730294e-001 -7.70886041e-001 -7.06806903e-001 -6.38770742e-001
 -5.69013908e-001 -4.99613749e-001 -4.32393855e-001 -3.68857212e-001
 -3.10149209e-001 -2.57049468e-001 -2.09988917e-001 -1.69086786e-001
 -1.34201262e-001 -1.04987396e-001 -8.09564322e-002 -6.15317390e-002
 -4.60978480e-002 -3.40404856e-002 -2.47767578e-002 -1.77757051e-002
 -1.25702186e-002 -8.76178230e-003 -6.01971206e-003 -4.07654848e-003
 -2.72109145e-003 -1.79030612e-003 -1.16103440e-003 -7.42158241e-004
 -4.67607612e-004 -2.90402442e-004 -1.77767591e-004 -1.07260186e-004
 -6.37908127e-005 -3.73948124e-005 -2.16071862e-005 -1.23060508e-005
 -6.90832604e-006 -3.82261519e-006 -2.08488435e-006 -1.12082289e-006
 -5.93916847e-007 -3.10204384e-007 -1.59699609e-007 -8.10388753e-008
 -4.05337319e-008 -1.99835854e-008 -9.71099794e-009 -4.65144561e-009
 -2.19606740e-009 -1.02196734e-009 -4.68772364e-010 -2.11943752e-010
 -9.44523717e-011 -4.14895525e-011 -1.79638023e-011 -7.66639895e-012
 -3.22491444e-012 -1.33714533e-012 -5.46477972e-013 -2.20140699e-013
 -8.74101077e-014 -3.42102779e-014 -1.31973028e-014 -5.01819341e-015
 -1.88080271e-015 -6.94820655e-016 -2.53008920e-016 -9.08097703e-017
 -3.21264660e-017 -1.12028099e-017 -3.85056634e-018 -1.30453545e-018
 -4.35633026e-019 -1.43390157e-019 -4.65212650e-020 -1.48770672e-020
 -4.68939446e-021 -1.45696742e-021 -4.46186626e-022 -1.34684274e-022
 -4.00729084e-023 -1.17521810e-023 -3.39718901e-024 -9.67953697e-025
 -2.71846089e-025 -7.52532442e-026 -2.05334062e-026 -5.52243235e-027
 -1.46397426e-027 -3.82534063e-028 -9.85236327e-029 -2.50117658e-029
 -6.25866812e-030 -1.54366524e-030 -3.75282196e-031 -8.99283096e-032
 -2.12406857e-032 -4.94509076e-033 -1.13478512e-033 -2.56676811e-034
 -5.72259840e-035 -1.25757396e-035 -2.72400208e-036 -5.81587372e-037
 -1.22392874e-037 -2.53881428e-038 -5.19086057e-039 -1.04611982e-039
 -2.07805542e-040 -4.06880107e-041 -7.85252667e-042 -1.49377786e-042
 -2.80089125e-043 -5.17654638e-044 -9.43012837e-045 -1.69327982e-045
 -2.99690858e-046 -5.22819635e-047 -8.99008747e-048 -1.52373547e-048
 -2.54559243e-049 -4.19181201e-050 -6.80375017e-051 -1.08850030e-051
 -1.71649435e-052 -2.66802468e-053 -4.08762405e-054 -6.17284963e-055
 -9.18827783e-056 -1.34808184e-056 -1.94954040e-057 -2.77896039e-058
 -3.90451725e-059 -5.40740674e-060 -7.38162634e-061 -9.93271976e-062
 -1.31755189e-062 -1.72317532e-063 -2.22310496e-064 -2.83272866e-065
 -3.57693384e-066 -4.51522929e-067 -5.82549488e-068 -8.07657235e-069
 -1.31060935e-069 -2.68300923e-070 -6.81938285e-071 -1.97567579e-071
 -6.06463145e-072 -1.89984653e-072 -5.98090637e-073 -1.88127109e-073
 -5.90034022e-074 -1.84387141e-074 -5.73989453e-075 -1.77975408e-075
 -5.49650250e-076 -1.69074869e-076 -5.18008057e-077 -1.58073237e-077
 -4.80445809e-078 -1.45443614e-078 -4.38539864e-079 -1.31700573e-079
 -3.93940303e-080 -1.17364656e-080 -3.48263860e-081 -1.02930398e-081
 -3.03000302e-082 -8.88396079e-083 -2.59438467e-083 -7.54616454e-084
 -2.18616197e-084 -6.30815804e-085 -1.81295473e-085 -5.18961950e-086
 -1.47961334e-086 -4.20170082e-087 -1.18840967e-087 -3.34789163e-088
 -9.39378834e-089 -2.62527204e-089 -7.30755381e-090 -2.02597412e-090
 -5.59448263e-091 -1.53868645e-091 -4.21506713e-092 -1.15006669e-092
 -3.12540079e-093 -8.45965351e-094 -2.28067603e-094 -6.12405079e-095
 -1.63786512e-095 -4.36296419e-096 -1.15757550e-096 -3.05901193e-097
 -8.05150707e-098 -2.11075268e-098 -5.51139688e-099 -1.43334319e-099
 -3.71281108e-100 -9.57898912e-101 -2.46150472e-101 -6.30007660e-102
 -1.60603554e-102 -4.07782550e-103 -1.03125552e-103 -2.59757504e-104
 -6.51679532e-105 -1.62841174e-105 -4.05283134e-106 -1.00465512e-106
 -2.48050232e-107 -6.09995229e-108 -1.49409221e-108 -3.64495802e-109
 -8.85669774e-110 -2.14345949e-110 -5.16681488e-111 -1.24049406e-111
 -2.96640632e-112 -7.06530234e-113 -1.67608110e-113 -3.96025793e-114
 -9.32000358e-115 -2.18460463e-115 -5.10027726e-116 -1.18598415e-116
 -2.74680702e-117 -6.33638529e-118 -1.45585851e-118 -3.33166193e-119
 -7.59393451e-120 -1.72399870e-120 -3.89826342e-121 -8.77949622e-122
 -1.96939202e-122 -4.40006322e-123 -9.79151341e-124 -2.17022566e-124
 -4.79097747e-125 -1.05343448e-125 -2.30703983e-126 -5.03230343e-127
 -1.09330847e-127 -2.36582583e-128 -5.09902321e-129 -1.09459982e-129
 -2.34038833e-130 -4.98407578e-131 -1.05717166e-131 -2.23342080e-132
 -4.69958774e-133 -9.84947615e-134 -2.05603578e-134 -4.27476620e-135
 -8.85234294e-136 -1.82586329e-136 -3.75096015e-137 -7.67504280e-138
 -1.56416775e-138 -3.17504592e-139 -6.41919930e-140 -1.29263489e-140
 -2.59259722e-141 -5.17914884e-142 -1.03049502e-142 -2.04219669e-143
 -4.03100561e-144 -7.92489289e-145 -1.55180649e-145 -3.02653633e-146
 -5.87920202e-147 -1.13750952e-147 -2.19207727e-148 -4.20746821e-149
 -8.04359123e-150 -1.53159276e-150 -2.90469664e-151 -5.48684161e-152
 -1.03230547e-152 -1.93445307e-153 -3.61054143e-154 -6.71197966e-155
 -1.24277668e-155 -2.29192141e-156 -4.20988771e-157 -7.70203465e-158
 -1.40347470e-158 -2.54722830e-159 -4.60463616e-160 -8.29061853e-161
 -1.48676630e-161 -2.65559994e-162 -4.72440103e-163 -8.37134086e-164
 -1.47743186e-164 -2.59707240e-165 -4.54699859e-166 -7.92920683e-167
 -1.37720578e-167 -2.38249552e-168 -4.10515455e-169 -7.04516382e-170
 -1.20425052e-170 -2.05024970e-171 -3.47664889e-172 -5.87190571e-173
 -9.87782843e-174 -1.65503830e-174 -2.76196888e-175 -4.59085609e-176
 -7.60033511e-177 -1.25324496e-177 -2.05827481e-178 -3.36693640e-179
 -5.48568205e-180 -8.90205997e-181 -1.43884683e-181 -2.31634250e-182
 -3.71411333e-183 -5.93159775e-184 -9.43522795e-185 -1.49484880e-185
 -2.35888245e-186 -3.70748580e-187 -5.80385907e-188 -9.04937081e-189
 -1.40534863e-189 -2.17377169e-190 -3.34894448e-191 -5.13885225e-192
 -7.85395627e-193 -1.19556995e-193 -1.81269888e-194 -2.73741414e-195
 -4.11736635e-196 -6.16826012e-197 -9.20386018e-198 -1.36785956e-198
 -2.02477687e-199 -2.98522450e-200 -4.38370163e-201 -6.41164017e-202
 -9.34031364e-203 -1.35524540e-203 -1.95856771e-204 -2.81918386e-205
 -4.04177727e-206 -5.77145769e-207 -8.20848144e-208 -1.16279803e-208
 -1.64062725e-209 -2.30557747e-210 -3.22710934e-211 -4.49895662e-212
 -6.24703724e-213 -8.63973753e-214 -1.19012113e-214 -1.63284872e-215
 -2.23133561e-216 -3.03702249e-217 -4.11713666e-218 -5.55912862e-219
 -7.47622436e-220 -1.00143345e-220 -1.33606020e-221 -1.77539145e-222
 -2.34977557e-223 -3.09758198e-224 -4.06708640e-225 -5.31873255e-226
 -6.92782758e-227 -8.98773280e-228 -1.16136143e-228 -1.49468202e-229
 -1.91599506e-230 -2.44626851e-231 -3.11084253e-232 -3.94018030e-233
 -4.97070887e-234 -6.24575183e-235 -7.81655313e-236 -9.74338826e-237
 -1.20967554e-237 -1.49586345e-238 -1.84237982e-239 -2.26011507e-240
 -2.76150667e-241 -3.36066952e-242 -4.07351840e-243 -4.91787767e-244
 -5.91357249e-245 -7.08249525e-246 -8.44864036e-247 -1.00381000e-247
 -1.18790136e-248 -1.40014626e-249 -1.64373042e-250 -1.92199364e-251
 -2.23839880e-252 -2.59649294e-253 -2.99986003e-254 -3.45206529e-255
 -3.95659115e-256 -4.51676520e-257 -5.13568073e-258 -5.81611097e-259
 -6.56041807e-260 -7.37045861e-261 -8.24748761e-262 -9.19206308e-263
 -1.02039538e-263 -1.12820530e-264 -1.24243007e-265 -1.36276175e-266
 -1.48878533e-267 -1.61997529e-268 -1.75569416e-269 -1.89519326e-270
 -2.03761583e-271 -2.18200265e-272 -2.32730018e-273 -2.47237133e-274
 -2.61600855e-275 -2.75694932e-276 -2.89389368e-277 -3.02552345e-278]
symrep = 0 - 0.96*np.exp(-(x-2.7221399999999996)**2/(2*0.33333333333333337**2))- 0.99*np.exp(-(x--2.6411399999999996)**2/(2*0.6333333333333333**2))- 0.0*np.exp(-(x--3.2767199999999996)**2/(2*0.3666666666666667**2))
    