energies = {0: [-0.2825577075415367], 1: [], 2: []}
wfns = {0: [array([ 0.00000000e+00,  1.06325525e-08,  2.12747388e-08,  3.19362013e-08,
        4.26266001e-08,  5.33556213e-08,  6.41329862e-08,  7.49684596e-08,
        8.58718593e-08,  9.68530644e-08,  1.07922025e-07,  1.19088769e-07,
        1.30363416e-07,  1.41756180e-07,  1.53277384e-07,  1.64937468e-07,
        1.76746995e-07,  1.88716666e-07,  2.00857327e-07,  2.13179978e-07,
        2.25695783e-07,  2.38416083e-07,  2.51352404e-07,  2.64516466e-07,
        2.77920196e-07,  2.91575741e-07,  3.05495471e-07,  3.19692000e-07,
        3.34178191e-07,  3.48967168e-07,  3.64072332e-07,  3.79507369e-07,
        3.95286264e-07,  4.11423314e-07,  4.27933139e-07,  4.44830700e-07,
        4.62131306e-07,  4.79850632e-07,  4.98004733e-07,  5.16610059e-07,
        5.35683467e-07,  5.55242239e-07,  5.75304095e-07,  5.95887214e-07,
        6.17010245e-07,  6.38692327e-07,  6.60953105e-07,  6.83812749e-07,
        7.07291971e-07,  7.31412045e-07,  7.56194825e-07,  7.81662767e-07,
        8.07838945e-07,  8.34747077e-07,  8.62411543e-07,  8.90857409e-07,
        9.20110450e-07,  9.50197169e-07,  9.81144828e-07,  1.01298147e-06,
        1.04573593e-06,  1.07943790e-06,  1.11411791e-06,  1.14980738e-06,
        1.18653865e-06,  1.22434501e-06,  1.26326069e-06,  1.30332097e-06,
        1.34456215e-06,  1.38702158e-06,  1.43073774e-06,  1.47575025e-06,
        1.52209988e-06,  1.56982863e-06,  1.61897974e-06,  1.66959775e-06,
        1.72172853e-06,  1.77541930e-06,  1.83071872e-06,  1.88767688e-06,
        1.94634541e-06,  2.00677744e-06,  2.06902775e-06,  2.13315272e-06,
        2.19921047e-06,  2.26726085e-06,  2.33736551e-06,  2.40958797e-06,
        2.48399367e-06,  2.56065003e-06,  2.63962651e-06,  2.72099465e-06,
        2.80482819e-06,  2.89120309e-06,  2.98019760e-06,  3.07189236e-06,
        3.16637045e-06,  3.26371748e-06,  3.36402165e-06,  3.46737383e-06,
        3.57386768e-06,  3.68359968e-06,  3.79666926e-06,  3.91317886e-06,
        4.03323406e-06,  4.15694362e-06,  4.28441965e-06,  4.41577763e-06,
        4.55113659e-06,  4.69061917e-06,  4.83435175e-06,  4.98246456e-06,
        5.13509181e-06,  5.29237178e-06,  5.45444698e-06,  5.62146426e-06,
        5.79357494e-06,  5.97093498e-06,  6.15370507e-06,  6.34205080e-06,
        6.53614285e-06,  6.73615705e-06,  6.94227465e-06,  7.15468239e-06,
        7.37357274e-06,  7.59914402e-06,  7.83160060e-06,  8.07115312e-06,
        8.31801862e-06,  8.57242079e-06,  8.83459011e-06,  9.10476414e-06,
        9.38318767e-06,  9.67011297e-06,  9.96580001e-06,  1.02705167e-05,
        1.05845392e-05,  1.09081519e-05,  1.12416481e-05,  1.15853299e-05,
        1.19395088e-05,  1.23045057e-05,  1.26806512e-05,  1.30682863e-05,
        1.34677620e-05,  1.38794404e-05,  1.43036944e-05,  1.47409085e-05,
        1.51914789e-05,  1.56558136e-05,  1.61343336e-05,  1.66274723e-05,
        1.71356765e-05,  1.76594068e-05,  1.81991376e-05,  1.87553580e-05,
        1.93285720e-05,  1.99192989e-05,  2.05280740e-05,  2.11554488e-05,
        2.18019918e-05,  2.24682888e-05,  2.31549435e-05,  2.38625781e-05,
        2.45918337e-05,  2.53433711e-05,  2.61178712e-05,  2.69160358e-05,
        2.77385880e-05,  2.85862732e-05,  2.94598593e-05,  3.03601380e-05,
        3.12879249e-05,  3.22440607e-05,  3.32294117e-05,  3.42448707e-05,
        3.52913577e-05,  3.63698209e-05,  3.74812376e-05,  3.86266146e-05,
        3.98069898e-05,  4.10234327e-05,  4.22770455e-05,  4.35689640e-05,
        4.49003588e-05,  4.62724362e-05,  4.76864393e-05,  4.91436495e-05,
        5.06453869e-05,  5.21930124e-05,  5.37879280e-05,  5.54315789e-05,
        5.71254544e-05,  5.88710893e-05,  6.06700651e-05,  6.25240119e-05,
        6.44346095e-05,  6.64035889e-05,  6.84327343e-05,  7.05238841e-05,
        7.26789331e-05,  7.48998338e-05,  7.71885986e-05,  7.95473013e-05,
        8.19780788e-05,  8.44831338e-05,  8.70647360e-05,  8.97252243e-05,
        9.24670095e-05,  9.52925757e-05,  9.82044831e-05,  1.01205370e-04,
        1.04297956e-04,  1.07485042e-04,  1.10769516e-04,  1.14154355e-04,
        1.17642625e-04,  1.21237487e-04,  1.24942197e-04,  1.28760114e-04,
        1.32694695e-04,  1.36749506e-04,  1.40928221e-04,  1.45234626e-04,
        1.49672623e-04,  1.54246233e-04,  1.58959600e-04,  1.63816994e-04,
        1.68822817e-04,  1.73981605e-04,  1.79298031e-04,  1.84776912e-04,
        1.90423213e-04,  1.96242050e-04,  2.02238695e-04,  2.08418581e-04,
        2.14787308e-04,  2.21350645e-04,  2.28114541e-04,  2.35085123e-04,
        2.42268707e-04,  2.49671802e-04,  2.57301116e-04,  2.65163561e-04,
        2.73266261e-04,  2.81616559e-04,  2.90222018e-04,  2.99090438e-04,
        3.08229853e-04,  3.17648543e-04,  3.27355044e-04,  3.37358149e-04,
        3.47666923e-04,  3.58290705e-04,  3.69239121e-04,  3.80522092e-04,
        3.92149840e-04,  4.04132901e-04,  4.16482132e-04,  4.29208723e-04,
        4.42324205e-04,  4.55840460e-04,  4.69769737e-04,  4.84124655e-04,
        4.98918221e-04,  5.14163838e-04,  5.29875322e-04,  5.46066906e-04,
        5.62753262e-04,  5.79949508e-04,  5.97671226e-04,  6.15934472e-04,
        6.34755795e-04,  6.54152247e-04,  6.74141403e-04,  6.94741374e-04,
        7.15970826e-04,  7.37848993e-04,  7.60395698e-04,  7.83631371e-04,
        8.07577064e-04,  8.32254474e-04,  8.57685960e-04,  8.83894564e-04,
        9.10904034e-04,  9.38738841e-04,  9.67424205e-04,  9.96986118e-04,
        1.02745136e-03,  1.05884755e-03,  1.09120311e-03,  1.12454738e-03,
        1.15891056e-03,  1.19432379e-03,  1.23081915e-03,  1.26842971e-03,
        1.30718955e-03,  1.34713379e-03,  1.38829861e-03,  1.43072133e-03,
        1.47444037e-03,  1.51949535e-03,  1.56592709e-03,  1.61377765e-03,
        1.66309041e-03,  1.71391003e-03,  1.76628256e-03,  1.82025546e-03,
        1.87587763e-03,  1.93319946e-03,  1.99227290e-03,  2.05315146e-03,
        2.11589031e-03,  2.18054629e-03,  2.24717799e-03,  2.31584577e-03,
        2.38661186e-03,  2.45954038e-03,  2.53469739e-03,  2.61215100e-03,
        2.69197139e-03,  2.77423088e-03,  2.85900400e-03,  2.94636756e-03,
        3.03640071e-03,  3.12918505e-03,  3.22480462e-03,  3.32334607e-03,
        3.42489869e-03,  3.52955449e-03,  3.63740829e-03,  3.74855781e-03,
        3.86310377e-03,  3.98114995e-03,  4.10280331e-03,  4.22817407e-03,
        4.35737582e-03,  4.49052564e-03,  4.62774416e-03,  4.76915572e-03,
        4.91488843e-03,  5.06507435e-03,  5.21984956e-03,  5.37935428e-03,
        5.54373304e-03,  5.71313478e-03,  5.88771298e-03,  6.06762584e-03,
        6.25303635e-03,  6.44411251e-03,  6.64102745e-03,  6.84395959e-03,
        7.05309279e-03,  7.26861655e-03,  7.49072614e-03,  7.71962282e-03,
        7.95551396e-03,  8.19861331e-03,  8.44914113e-03,  8.70732441e-03,
        8.97339709e-03,  9.24760024e-03,  9.53018232e-03,  9.82139934e-03,
        1.01215152e-02,  1.04308018e-02,  1.07495393e-02,  1.10780167e-02,
        1.14165314e-02,  1.17653902e-02,  1.21249093e-02,  1.24954143e-02,
        1.28772409e-02,  1.32707351e-02,  1.36762535e-02,  1.40941634e-02,
        1.45248436e-02,  1.49686842e-02,  1.54260874e-02,  1.58974675e-02,
        1.63832519e-02,  1.68838804e-02,  1.73998069e-02,  1.79314986e-02,
        1.84794374e-02,  1.90441198e-02,  1.96260572e-02,  2.02257770e-02,
        2.08438225e-02,  2.14807536e-02,  2.21371473e-02,  2.28135983e-02,
        2.35107192e-02,  2.42291413e-02,  2.49695154e-02,  2.57325116e-02,
        2.65188206e-02,  2.73291539e-02,  2.81642443e-02,  2.90248467e-02,
        2.99117383e-02,  3.08257195e-02,  3.17676138e-02,  3.27382689e-02,
        3.37385563e-02,  3.47693718e-02,  3.58316358e-02,  3.69262929e-02,
        3.80543113e-02,  3.92166827e-02,  4.04144211e-02,  4.16485611e-02,
        4.29201565e-02,  4.42302771e-02,  4.55800056e-02,  4.69704336e-02,
        4.84026558e-02,  4.98777636e-02,  5.13968371e-02,  5.29609355e-02,
        5.45710853e-02,  5.62282669e-02,  5.79333980e-02,  5.96873158e-02,
        6.14907545e-02,  6.33443216e-02,  6.52484694e-02,  6.72034644e-02,
        6.92093520e-02,  7.12659188e-02,  7.33726511e-02,  7.55286896e-02,
        7.77327825e-02,  7.99832357e-02,  8.22778606e-02,  8.46139226e-02,
        8.69880891e-02,  8.93963789e-02,  9.18341155e-02,  9.42958843e-02,
        9.67754977e-02,  9.92659675e-02,  1.01759489e-01,  1.04247438e-01,
        1.06720381e-01,  1.09168106e-01,  1.11579668e-01,  1.13943454e-01,
        1.16247274e-01,  1.18478465e-01,  1.20624021e-01,  1.22670740e-01,
        1.24605389e-01,  1.26414883e-01,  1.28086473e-01,  1.29607948e-01,
        1.30967828e-01,  1.32155564e-01,  1.33161723e-01,  1.33978161e-01,
        1.34598179e-01,  1.35016648e-01,  1.35230110e-01,  1.35236850e-01,
        1.35036927e-01,  1.34632174e-01,  1.34026162e-01,  1.33224127e-01,
        1.32232872e-01,  1.31060633e-01,  1.29716925e-01,  1.28212368e-01,
        1.26558502e-01,  1.24767586e-01,  1.22852406e-01,  1.20826071e-01,
        1.18701829e-01,  1.16492889e-01,  1.14212253e-01,  1.11872575e-01,
        1.09486030e-01,  1.07064212e-01,  1.04618042e-01,  1.02157712e-01,
        9.96926279e-02,  9.72313926e-02,  9.47817885e-02,  9.23507841e-02,
        8.99445507e-02,  8.75684889e-02,  8.52272654e-02,  8.29248547e-02,
        8.06645867e-02,  7.84491967e-02,  7.62808770e-02,  7.41613289e-02,
        7.20918139e-02,  7.00732033e-02,  6.81060249e-02,  6.61905078e-02,
        6.43266232e-02,  6.25141223e-02,  6.07525702e-02,  5.90413771e-02,
        5.73798254e-02,  5.57670938e-02,  5.42022787e-02,  5.26844120e-02,
        5.12124771e-02,  4.97854220e-02,  4.84021706e-02,  4.70616316e-02,
        4.57627066e-02,  4.45042962e-02,  4.32853046e-02,  4.21046437e-02,
        4.09612364e-02,  3.98540182e-02,  3.87819393e-02,  3.77439657e-02,
        3.67390795e-02,  3.57662797e-02,  3.48245821e-02,  3.39130194e-02,
        3.30306407e-02,  3.21765118e-02,  3.13497140e-02,  3.05493448e-02,
        2.97745167e-02,  2.90243574e-02,  2.82980092e-02,  2.75946292e-02,
        2.69133889e-02,  2.62534743e-02,  2.56140859e-02,  2.49944387e-02,
        2.43937627e-02,  2.38113033e-02,  2.32463211e-02,  2.26980930e-02,
        2.21659127e-02,  2.16490907e-02,  2.11469558e-02,  2.06588553e-02,
        2.01841559e-02,  1.97222441e-02,  1.92725276e-02,  1.88344355e-02,
        1.84074193e-02,  1.79909531e-02,  1.75845350e-02,  1.71876866e-02,
        1.67999545e-02,  1.64209096e-02,  1.60501482e-02,  1.56872914e-02,
        1.53319857e-02,  1.49839023e-02,  1.46427370e-02,  1.43082099e-02,
        1.39800648e-02,  1.36580682e-02,  1.33420089e-02,  1.30316967e-02,
        1.27269616e-02,  1.24276527e-02,  1.21336366e-02,  1.18447967e-02,
        1.15610313e-02,  1.12822526e-02,  1.10083853e-02,  1.07393650e-02,
        1.04751371e-02,  1.02156552e-02,  9.96088001e-03,  9.71077807e-03,
        9.46532052e-03,  9.22448201e-03,  8.98823973e-03,  8.75657243e-03,
        8.52945961e-03,  8.30688076e-03,  8.08881472e-03,  7.87523908e-03,
        7.66612978e-03,  7.46146065e-03,  7.26120315e-03,  7.06532616e-03,
        6.87379576e-03,  6.68657521e-03,  6.50362488e-03,  6.32490224e-03,
        6.15036197e-03,  5.97995603e-03,  5.81363378e-03,  5.65134214e-03,
        5.49302574e-03,  5.33862713e-03,  5.18808694e-03,  5.04134409e-03,
        4.89833600e-03,  4.75899876e-03,  4.62326733e-03,  4.49107575e-03,
        4.36235726e-03,  4.23704454e-03,  4.11506982e-03,  3.99636505e-03,
        3.88086203e-03,  3.76849258e-03,  3.65918859e-03,  3.55288220e-03,
        3.44950586e-03,  3.34899243e-03,  3.25127528e-03,  3.15628837e-03,
        3.06396628e-03,  2.97424433e-03,  2.88705860e-03,  2.80234599e-03,
        2.72004425e-03,  2.64009207e-03,  2.56242906e-03,  2.48699581e-03,
        2.41373393e-03,  2.34258605e-03,  2.27349583e-03,  2.20640803e-03,
        2.14126849e-03,  2.07802411e-03,  2.01662294e-03,  1.95701410e-03,
        1.89914785e-03,  1.84297555e-03,  1.78844968e-03,  1.73552382e-03,
        1.68415268e-03,  1.63429205e-03,  1.58589880e-03,  1.53893090e-03,
        1.49334738e-03,  1.44910833e-03,  1.40617489e-03,  1.36450919e-03,
        1.32407441e-03,  1.28483471e-03,  1.24675522e-03,  1.20980202e-03,
        1.17394215e-03,  1.13914356e-03,  1.10537507e-03,  1.07260643e-03,
        1.04080821e-03,  1.00995183e-03,  9.80009533e-04,  9.50954350e-04,
        9.22760098e-04,  8.95401348e-04,  8.68853411e-04,  8.43092316e-04,
        8.18094790e-04,  7.93838243e-04,  7.70300744e-04,  7.47461006e-04,
        7.25298368e-04,  7.03792777e-04,  6.82924770e-04,  6.62675458e-04,
        6.43026507e-04,  6.23960128e-04,  6.05459055e-04,  5.87506533e-04,
        5.70086303e-04,  5.53182586e-04,  5.36780070e-04,  5.20863898e-04,
        5.05419652e-04,  4.90433339e-04,  4.75891383e-04,  4.61780611e-04,
        4.48088236e-04,  4.34801856e-04,  4.21909430e-04,  4.09399280e-04,
        3.97260070e-04,  3.85480803e-04,  3.74050804e-04,  3.62959719e-04,
        3.52197498e-04,  3.41754390e-04,  3.31620933e-04,  3.21787946e-04,
        3.12246519e-04,  3.02988007e-04,  2.94004022e-04,  2.85286423e-04,
        2.76827312e-04,  2.68619024e-04,  2.60654122e-04,  2.52925389e-04,
        2.45425823e-04,  2.38148629e-04,  2.31087212e-04,  2.24235176e-04,
        2.17586310e-04,  2.11134592e-04,  2.04874176e-04,  1.98799388e-04,
        1.92904726e-04,  1.87184848e-04,  1.81634571e-04,  1.76248866e-04,
        1.71022855e-04,  1.65951801e-04,  1.61031110e-04,  1.56256324e-04,
        1.51623116e-04,  1.47127288e-04,  1.42764767e-04,  1.38531600e-04,
        1.34423951e-04,  1.30438099e-04,  1.26570433e-04,  1.22817447e-04,
        1.19175742e-04,  1.15642018e-04,  1.12213073e-04,  1.08885800e-04,
        1.05657184e-04,  1.02524301e-04,  9.94843116e-05,  9.65344612e-05,
        9.36720772e-05,  9.08945661e-05,  8.81994113e-05,  8.55841708e-05,
        8.30464751e-05,  8.05840248e-05,  7.81945888e-05,  7.58760021e-05,
        7.36261640e-05,  7.14430359e-05,  6.93246397e-05,  6.72690561e-05,
        6.52744226e-05,  6.33389320e-05,  6.14608304e-05,  5.96384163e-05,
        5.78700385e-05,  5.61540946e-05,  5.44890299e-05,  5.28733358e-05,
        5.13055483e-05,  4.97842469e-05,  4.83080533e-05,  4.68756298e-05,
        4.54856787e-05,  4.41369405e-05,  4.28281933e-05,  4.15582511e-05,
        4.03259633e-05,  3.91302135e-05,  3.79699181e-05,  3.68440260e-05,
        3.57515168e-05,  3.46914009e-05,  3.36627176e-05,  3.26645348e-05,
        3.16959483e-05,  3.07560803e-05,  2.98440792e-05,  2.89591189e-05,
        2.81003973e-05,  2.72671365e-05,  2.64585815e-05,  2.56739996e-05,
        2.49126801e-05,  2.41739330e-05,  2.34570891e-05,  2.27614988e-05,
        2.20865319e-05,  2.14315767e-05,  2.07960400e-05,  2.01793458e-05,
        1.95809354e-05,  1.90002666e-05,  1.84368132e-05,  1.78900648e-05,
        1.73595260e-05,  1.68447159e-05,  1.63451683e-05,  1.58604304e-05,
        1.53900631e-05,  1.49336402e-05,  1.44907481e-05,  1.40609856e-05,
        1.36439632e-05,  1.32393031e-05,  1.28466387e-05,  1.24656142e-05,
        1.20958843e-05,  1.17371141e-05,  1.13889784e-05,  1.10511619e-05,
        1.07233584e-05,  1.04052710e-05,  1.00966115e-05,  9.79710010e-06,
        9.50646552e-06,  9.22444441e-06,  8.95078123e-06,  8.68522804e-06,
        8.42754422e-06,  8.17749630e-06,  7.93485771e-06,  7.69940861e-06,
        7.47093568e-06,  7.24923188e-06,  7.03409636e-06,  6.82533418e-06,
        6.62275619e-06,  6.42617884e-06,  6.23542403e-06,  6.05031891e-06,
        5.87069576e-06,  5.69639184e-06,  5.52724922e-06,  5.36311464e-06,
        5.20383939e-06,  5.04927914e-06,  4.89929387e-06,  4.75374768e-06,
        4.61250868e-06,  4.47544891e-06,  4.34244419e-06,  4.21337400e-06,
        4.08812140e-06,  3.96657290e-06,  3.84861836e-06,  3.73415093e-06,
        3.62306687e-06,  3.51526554e-06,  3.41064927e-06,  3.30912327e-06,
        3.21059554e-06,  3.11497682e-06,  3.02218047e-06,  2.93212241e-06,
        2.84472104e-06,  2.75989717e-06,  2.67757394e-06,  2.59767677e-06,
        2.52013326e-06,  2.44487315e-06,  2.37182825e-06,  2.30093238e-06,
        2.23212131e-06,  2.16533268e-06,  2.10050598e-06,  2.03758247e-06,
        1.97650514e-06,  1.91721866e-06,  1.85966929e-06,  1.80380491e-06,
        1.74957489e-06,  1.69693009e-06,  1.64582283e-06,  1.59620678e-06,
        1.54803700e-06,  1.50126985e-06,  1.45586293e-06,  1.41177513e-06,
        1.36896648e-06,  1.32739820e-06,  1.28703264e-06,  1.24783320e-06,
        1.20976439e-06,  1.17279169e-06,  1.13688162e-06,  1.10200164e-06,
        1.06812015e-06,  1.03520644e-06,  1.00323069e-06,  9.72163932e-07,
        9.41978019e-07,  9.12645598e-07,  8.84140092e-07,  8.56435675e-07,
        8.29507242e-07,  8.03330397e-07,  7.77881421e-07,  7.53137255e-07,
        7.29075479e-07,  7.05674293e-07,  6.82912493e-07,  6.60769456e-07,
        6.39225118e-07,  6.18259959e-07,  5.97854983e-07,  5.77991703e-07,
        5.58652119e-07,  5.39818711e-07,  5.21474413e-07,  5.03602604e-07,
        4.86187091e-07,  4.69212095e-07,  4.52662236e-07,  4.36522517e-07,
        4.20778316e-07,  4.05415367e-07,  3.90419750e-07,  3.75777879e-07,
        3.61476486e-07,  3.47502614e-07,  3.33843602e-07,  3.20487074e-07,
        3.07420928e-07,  2.94633324e-07,  2.82112678e-07,  2.69847643e-07,
        2.57827108e-07,  2.46040181e-07,  2.34476182e-07,  2.23124633e-07,
        2.11975250e-07,  2.01017930e-07,  1.90242745e-07,  1.79639932e-07,
        1.69199884e-07,  1.58913142e-07,  1.48770386e-07,  1.38762425e-07,
        1.28880192e-07,  1.19114733e-07,  1.09457200e-07,  9.98988411e-08,
        9.04309974e-08,  8.10450900e-08,  7.17326147e-08,  6.24851337e-08,
        5.32942682e-08,  4.41516908e-08,  3.50491176e-08,  2.59783012e-08,
        1.69310228e-08,  7.89908498e-09, -1.12569576e-09, -1.01514964e-08,
       -1.91864950e-08, -2.82388778e-08, -3.73168469e-08, -4.64286273e-08,
       -5.55824751e-08, -6.47866842e-08, -7.40495942e-08, -8.33795979e-08,
       -9.27851488e-08, -1.02274769e-07, -1.11857057e-07, -1.21540694e-07,
       -1.31334455e-07, -1.41247214e-07, -1.51287951e-07, -1.61465765e-07,
       -1.71789878e-07, -1.82269643e-07, -1.92914556e-07, -2.03734262e-07,
       -2.14738565e-07, -2.25937434e-07, -2.37341017e-07, -2.48959646e-07,
       -2.60803849e-07, -2.72884357e-07, -2.85212115e-07, -2.97798294e-07,
       -3.10654298e-07, -3.23791774e-07, -3.37222626e-07, -3.50959023e-07,
       -3.65013412e-07, -3.79398527e-07, -3.94127400e-07, -4.09213379e-07,
       -4.24670131e-07, -4.40511662e-07, -4.56752324e-07, -4.73406833e-07,
       -4.90490280e-07, -5.08018141e-07, -5.26006300e-07, -5.44471055e-07,
       -5.63429135e-07, -5.82897718e-07, -6.02894444e-07, -6.23437430e-07,
       -6.44545292e-07, -6.66237152e-07, -6.88532666e-07, -7.11452035e-07])], 1: [], 2: []}
KEDs = {0: [array([ 0.00000000e+00,  2.04956040e-19,  6.15611102e-19,  1.23345384e-18,
        2.06072399e-18,  3.10042046e-18,  4.35631224e-18,  5.83295202e-18,
        7.53569275e-18,  9.47070699e-18,  1.16450093e-17,  1.40664818e-17,
        1.67439023e-17,  1.96869769e-17,  2.29063743e-17,  2.64137651e-17,
        3.02218639e-17,  3.43444754e-17,  3.87965443e-17,  4.35942097e-17,
        4.87548635e-17,  5.42972135e-17,  6.02413512e-17,  6.66088245e-17,
        7.34227161e-17,  8.07077266e-17,  8.84902650e-17,  9.67985435e-17,
        1.05662680e-16,  1.15114809e-16,  1.25189193e-16,  1.35922354e-16,
        1.47353200e-16,  1.59523169e-16,  1.72476378e-16,  1.86259783e-16,
        2.00923350e-16,  2.16520236e-16,  2.33106981e-16,  2.50743713e-16,
        2.69494366e-16,  2.89426913e-16,  3.10613611e-16,  3.33131264e-16,
        3.57061499e-16,  3.82491066e-16,  4.09512149e-16,  4.38222702e-16,
        4.68726801e-16,  5.01135028e-16,  5.35564864e-16,  5.72141120e-16,
        6.10996389e-16,  6.52271522e-16,  6.96116147e-16,  7.42689202e-16,
        7.92159520e-16,  8.44706434e-16,  9.00520429e-16,  9.59803838e-16,
        1.02277157e-15,  1.08965188e-15,  1.16068721e-15,  1.23613509e-15,
        1.31626901e-15,  1.40137946e-15,  1.49177497e-15,  1.58778325e-15,
        1.68975231e-15,  1.79805182e-15,  1.91307435e-15,  2.03523689e-15,
        2.16498228e-15,  2.30278085e-15,  2.44913213e-15,  2.60456667e-15,
        2.76964791e-15,  2.94497431e-15,  3.13118141e-15,  3.32894425e-15,
        3.53897973e-15,  3.76204924e-15,  3.99896143e-15,  4.25057511e-15,
        4.51780242e-15,  4.80161207e-15,  5.10303289e-15,  5.42315755e-15,
        5.76314654e-15,  6.12423234e-15,  6.50772391e-15,  6.91501145e-15,
        7.34757139e-15,  7.80697180e-15,  8.29487805e-15,  8.81305883e-15,
        9.36339259e-15,  9.94787433e-15,  1.05686228e-14,  1.12278884e-14,
        1.19280609e-14,  1.26716784e-14,  1.34614368e-14,  1.43001988e-14,
        1.51910052e-14,  1.61370850e-14,  1.71418680e-14,  1.82089966e-14,
        1.93423391e-14,  2.05460041e-14,  2.18243549e-14,  2.31820257e-14,
        2.46239380e-14,  2.61553190e-14,  2.77817199e-14,  2.95090368e-14,
        3.13435311e-14,  3.32918531e-14,  3.53610657e-14,  3.75586698e-14,
        3.98926319e-14,  4.23714129e-14,  4.50039985e-14,  4.77999320e-14,
        5.07693490e-14,  5.39230137e-14,  5.72723585e-14,  6.08295251e-14,
        6.46074083e-14,  6.86197033e-14,  7.28809550e-14,  7.74066109e-14,
        8.22130766e-14,  8.73177761e-14,  9.27392142e-14,  9.84970441e-14,
        1.04612138e-13,  1.11106665e-13,  1.18004167e-13,  1.25329647e-13,
        1.33109663e-13,  1.41372416e-13,  1.50147860e-13,  1.59467807e-13,
        1.69366042e-13,  1.79878447e-13,  1.91043130e-13,  2.02900565e-13,
        2.15493734e-13,  2.28868291e-13,  2.43072717e-13,  2.58158506e-13,
        2.74180344e-13,  2.91196312e-13,  3.09268095e-13,  3.28461203e-13,
        3.48845214e-13,  3.70494020e-13,  3.93486101e-13,  4.17904805e-13,
        4.43838651e-13,  4.71381651e-13,  5.00633652e-13,  5.31700693e-13,
        5.64695395e-13,  5.99737367e-13,  6.36953639e-13,  6.76479121e-13,
        7.18457098e-13,  7.63039743e-13,  8.10388671e-13,  8.60675526e-13,
        9.14082601e-13,  9.70803501e-13,  1.03104384e-12,  1.09502201e-12,
        1.16296991e-12,  1.23513388e-12,  1.31177551e-12,  1.39317263e-12,
        1.47962032e-12,  1.57143195e-12,  1.66894035e-12,  1.77249899e-12,
        1.88248328e-12,  1.99929192e-12,  2.12334836e-12,  2.25510231e-12,
        2.39503138e-12,  2.54364283e-12,  2.70147538e-12,  2.86910121e-12,
        3.04712795e-12,  3.23620097e-12,  3.43700567e-12,  3.65026999e-12,
        3.87676703e-12,  4.11731786e-12,  4.37279448e-12,  4.64412304e-12,
        4.93228710e-12,  5.23833129e-12,  5.56336504e-12,  5.90856663e-12,
        6.27518743e-12,  6.66455648e-12,  7.07808528e-12,  7.51727288e-12,
        7.98371139e-12,  8.47909167e-12,  9.00520952e-12,  9.56397217e-12,
        1.01574052e-11,  1.07876597e-11,  1.14570206e-11,  1.21679143e-11,
        1.29229178e-11,  1.37247681e-11,  1.45763720e-11,  1.54808165e-11,
        1.64413804e-11,  1.74615458e-11,  1.85450108e-11,  1.96957032e-11,
        2.09177942e-11,  2.22157141e-11,  2.35941678e-11,  2.50581524e-11,
        2.66129750e-11,  2.82642719e-11,  3.00180292e-11,  3.18806044e-11,
        3.38587494e-11,  3.59596352e-11,  3.81908777e-11,  4.05605653e-11,
        4.30772883e-11,  4.57501700e-11,  4.85888999e-11,  5.16037685e-11,
        5.48057049e-11,  5.82063165e-11,  6.18179307e-11,  6.56536399e-11,
        6.97273488e-11,  7.40538250e-11,  7.86487523e-11,  8.35287876e-11,
        8.87116214e-11,  9.42160420e-11,  1.00062003e-10,  1.06270697e-10,
        1.12864631e-10,  1.19867708e-10,  1.27305315e-10,  1.35204413e-10,
        1.43593639e-10,  1.52503402e-10,  1.61966003e-10,  1.72015743e-10,
        1.82689054e-10,  1.94024627e-10,  2.06063554e-10,  2.18849478e-10,
        2.32428749e-10,  2.46850592e-10,  2.62167288e-10,  2.78434360e-10,
        2.95710779e-10,  3.14059173e-10,  3.33546056e-10,  3.54242069e-10,
        3.76222238e-10,  3.99566242e-10,  4.24358704e-10,  4.50689500e-10,
        4.78654080e-10,  5.08353819e-10,  5.39896380e-10,  5.73396108e-10,
        6.08974441e-10,  6.46760354e-10,  6.86890824e-10,  7.29511326e-10,
        7.74776364e-10,  8.22850026e-10,  8.73906584e-10,  9.28131121e-10,
        9.85720205e-10,  1.04688260e-09,  1.11184003e-09,  1.18082796e-09,
        1.25409649e-09,  1.33191122e-09,  1.41455422e-09,  1.50232510e-09,
        1.59554202e-09,  1.69454291e-09,  1.79968664e-09,  1.91135438e-09,
        2.02995092e-09,  2.15590620e-09,  2.28967680e-09,  2.43174766e-09,
        2.58263380e-09,  2.74288218e-09,  2.91307372e-09,  3.09382538e-09,
        3.28579240e-09,  3.48967067e-09,  3.70619927e-09,  3.93616313e-09,
        4.18039589e-09,  4.43978290e-09,  4.71526447e-09,  5.00783925e-09,
        5.31856783e-09,  5.64857662e-09,  5.99906195e-09,  6.37129435e-09,
        6.76662318e-09,  7.18648154e-09,  7.63239146e-09,  8.10596939e-09,
        8.60893208e-09,  9.14310283e-09,  9.71041803e-09,  1.03129342e-08,
        1.09528357e-08,  1.16324419e-08,  1.23542167e-08,  1.31207765e-08,
        1.39349001e-08,  1.47995388e-08,  1.57178270e-08,  1.66930936e-08,
        1.77288739e-08,  1.88289227e-08,  1.99972278e-08,  2.12380245e-08,
        2.25558106e-08,  2.39553633e-08,  2.54417560e-08,  2.70203771e-08,
        2.86969492e-08,  3.04775499e-08,  3.23686341e-08,  3.43770571e-08,
        3.65100996e-08,  3.87754941e-08,  4.11814527e-08,  4.37366973e-08,
        4.64504908e-08,  4.93326709e-08,  5.23936858e-08,  5.56446319e-08,
        5.90972941e-08,  6.27641885e-08,  6.66586080e-08,  7.07946702e-08,
        7.51873685e-08,  7.98526268e-08,  8.48073571e-08,  9.00695206e-08,
        9.56581931e-08,  1.01593634e-07,  1.07897360e-07,  1.14592221e-07,
        1.21702489e-07,  1.29253937e-07,  1.37273940e-07,  1.45791571e-07,
        1.54837707e-07,  1.64445140e-07,  1.74648697e-07,  1.85485365e-07,
        1.96994426e-07,  2.09217598e-07,  2.22199187e-07,  2.35986245e-07,
        2.50628741e-07,  2.66179739e-07,  2.82695592e-07,  3.00236137e-07,
        3.18864913e-07,  3.38649380e-07,  3.59661157e-07,  3.81976269e-07,
        4.05675402e-07,  4.30844171e-07,  4.57573393e-07,  4.85959369e-07,
        5.16104169e-07,  5.48115903e-07,  5.82108995e-07,  6.18204431e-07,
        6.56529972e-07,  6.97220324e-07,  7.40417227e-07,  7.86269461e-07,
        8.34932700e-07,  8.86569203e-07,  9.41347263e-07,  9.99440358e-07,
        1.06102591e-06,  1.12628359e-06,  1.19539293e-06,  1.26853030e-06,
        1.34586490e-06,  1.42755360e-06,  1.51373451e-06,  1.60451888e-06,
        1.69998122e-06,  1.80014709e-06,  1.90497845e-06,  2.01435616e-06,
        2.12805916e-06,  2.24574015e-06,  2.36689742e-06,  2.49084247e-06,
        2.61666348e-06,  2.74318435e-06,  2.86891971e-06,  2.99202617e-06,
        3.11025049e-06,  3.22087583e-06,  3.32066760e-06,  3.40582084e-06,
        3.47191186e-06,  3.51385741e-06,  3.52588521e-06,  3.50152060e-06,
        3.43359442e-06,  3.31427793e-06,  3.13515088e-06,  2.88730875e-06,
        2.56151514e-06,  2.14840414e-06,  1.63873646e-06,  1.02371073e-06,
        2.95328858e-07, -5.53189382e-07, -1.52695142e-06, -2.62891027e-06,
       -3.85937486e-06, -5.21553583e-06, -6.69103468e-06, -8.27560759e-06,
       -9.95483693e-06, -1.17100430e-05, -1.35183461e-05, -1.53529214e-05,
       -1.71834640e-05, -1.89768652e-05, -2.06980912e-05, -2.23112392e-05,
       -2.37807307e-05, -2.50725896e-05, -2.61557393e-05, -2.70032499e-05,
       -2.75934622e-05, -2.79109195e-05, -2.79470496e-05, -2.77005509e-05,
       -2.71774597e-05, -2.63908905e-05, -2.53604686e-05, -2.41114903e-05,
       -2.26738636e-05, -2.10808952e-05, -1.93679960e-05, -1.75713765e-05,
       -1.57268019e-05, -1.38684650e-05, -1.20280238e-05, -1.02338355e-05,
       -8.51040318e-06, -6.87803846e-06, -5.35272738e-06, -3.94618055e-06,
       -2.66603833e-06, -1.51619878e-06, -4.97234462e-07,  3.93134902e-07,
        1.15954406e-06,  1.80848420e-06,  2.34782619e-06,  2.78638124e-06,
        3.13350957e-06,  3.39878370e-06,  3.59170861e-06,  3.72149804e-06,
        3.79690395e-06,  3.82609400e-06,  3.81657152e-06,  3.77513146e-06,
        3.70784597e-06,  3.62007351e-06,  3.51648593e-06,  3.40110835e-06,
        3.27736787e-06,  3.14814718e-06,  3.01584051e-06,  2.88240940e-06,
        2.74943678e-06,  2.61817808e-06,  2.48960853e-06,  2.36446633e-06,
        2.24329122e-06,  2.12645879e-06,  2.01421034e-06,  1.90667878e-06,
        1.80391070e-06,  1.70588514e-06,  1.61252922e-06,  1.52373123e-06,
        1.43935122e-06,  1.35922978e-06,  1.28319496e-06,  1.21106784e-06,
        1.14266691e-06,  1.07781136e-06,  1.01632366e-06,  9.58031459e-07,
        9.02768860e-07,  8.50377388e-07,  8.00706534e-07,  7.53614065e-07,
        7.08966117e-07,  6.66637126e-07,  6.26509635e-07,  5.88474014e-07,
        5.52428102e-07,  5.18276807e-07,  4.85931664e-07,  4.55310376e-07,
        4.26336338e-07,  3.98938153e-07,  3.73049147e-07,  3.48606898e-07,
        3.25552757e-07,  3.03831400e-07,  2.83390383e-07,  2.64179724e-07,
        2.46151506e-07,  2.29259507e-07,  2.13458861e-07,  1.98705745e-07,
        1.84957110e-07,  1.72170444e-07,  1.60303576e-07,  1.49314519e-07,
        1.39161361e-07,  1.29802188e-07,  1.21195058e-07,  1.13298012e-07,
        1.06069121e-07,  9.94665736e-08,  9.34487866e-08,  8.79745514e-08,
        8.30031967e-08,  7.84947688e-08,  7.44102225e-08,  7.07116156e-08,
        6.73623018e-08,  6.43271162e-08,  6.15725468e-08,  5.90668894e-08,
        5.67803795e-08,  5.46852999e-08,  5.27560599e-08,  5.09692458e-08,
        4.93036422e-08,  4.77402242e-08,  4.62621209e-08,  4.48545543e-08,
        4.35047541e-08,  4.22018528e-08,  4.09367634e-08,  3.97020447e-08,
        3.84917568e-08,  3.73013102e-08,  3.61273138e-08,  3.49674224e-08,
        3.38201883e-08,  3.26849188e-08,  3.15615423e-08,  3.04504832e-08,
        2.93525482e-08,  2.82688241e-08,  2.72005870e-08,  2.61492246e-08,
        2.51161692e-08,  2.41028421e-08,  2.31106089e-08,  2.21407443e-08,
        2.11944059e-08,  2.02726151e-08,  1.93762455e-08,  1.85060169e-08,
        1.76624938e-08,  1.68460883e-08,  1.60570656e-08,  1.52955522e-08,
        1.45615458e-08,  1.38549259e-08,  1.31754653e-08,  1.25228420e-08,
        1.18966508e-08,  1.12964144e-08,  1.07215940e-08,  1.01715997e-08,
        9.64579944e-09,  9.14352777e-09,  8.66409322e-09,  8.20678529e-09,
        7.77088047e-09,  7.35564760e-09,  6.96035246e-09,  6.58426181e-09,
        6.22664681e-09,  5.88678597e-09,  5.56396761e-09,  5.25749194e-09,
        4.96667277e-09,  4.69083897e-09,  4.42933559e-09,  4.18152481e-09,
        3.94678664e-09,  3.72451950e-09,  3.51414062e-09,  3.31508634e-09,
        3.12681223e-09,  2.94879320e-09,  2.78052345e-09,  2.62151643e-09,
        2.47130459e-09,  2.32943925e-09,  2.19549028e-09,  2.06904578e-09,
        1.94971173e-09,  1.83711160e-09,  1.73088593e-09,  1.63069185e-09,
        1.53620264e-09,  1.44710721e-09,  1.36310962e-09,  1.28392854e-09,
        1.20929675e-09,  1.13896059e-09,  1.07267946e-09,  1.01022526e-09,
        9.51381891e-10,  8.95944726e-10,  8.43720109e-10,  7.94524848e-10,
        7.48185734e-10,  7.04539061e-10,  6.63430163e-10,  6.24712969e-10,
        5.88249570e-10,  5.53909799e-10,  5.21570829e-10,  4.91116791e-10,
        4.62438403e-10,  4.35432612e-10,  4.10002262e-10,  3.86055767e-10,
        3.63506807e-10,  3.42274034e-10,  3.22280795e-10,  3.03454868e-10,
        2.85728211e-10,  2.69036727e-10,  2.53320038e-10,  2.38521275e-10,
        2.24586872e-10,  2.11466380e-10,  1.99112289e-10,  1.87479854e-10,
        1.76526939e-10,  1.66213862e-10,  1.56503258e-10,  1.47359940e-10,
        1.38750775e-10,  1.30644562e-10,  1.23011923e-10,  1.15825194e-10,
        1.09058328e-10,  1.02686797e-10,  9.66875057e-11,  9.10387087e-11,
        8.57199299e-11,  8.07118893e-11,  7.59964333e-11,  7.15564686e-11,
        6.73759004e-11,  6.34395742e-11,  5.97332208e-11,  5.62434045e-11,
        5.29574747e-11,  4.98635197e-11,  4.69503237e-11,  4.42073262e-11,
        4.16245838e-11,  3.91927338e-11,  3.69029606e-11,  3.47469635e-11,
        3.27169270e-11,  3.08054921e-11,  2.90057295e-11,  2.73111152e-11,
        2.57155058e-11,  2.42131173e-11,  2.27985034e-11,  2.14665360e-11,
        2.02123866e-11,  1.90315088e-11,  1.79196218e-11,  1.68726950e-11,
        1.58869332e-11,  1.49587629e-11,  1.40848194e-11,  1.32619346e-11,
        1.24871255e-11,  1.17575834e-11,  1.10706635e-11,  1.04238758e-11,
        9.81487565e-12,  9.24145531e-12,  8.70153611e-12,  8.19316080e-12,
        7.71448647e-12,  7.26377791e-12,  6.83940126e-12,  6.43981811e-12,
        6.06357996e-12,  5.70932289e-12,  5.37576272e-12,  5.06169024e-12,
        4.76596694e-12,  4.48752078e-12,  4.22534238e-12,  3.97848132e-12,
        3.74604272e-12,  3.52718396e-12,  3.32111166e-12,  3.12707879e-12,
        2.94438198e-12,  2.77235892e-12,  2.61038604e-12,  2.45787615e-12,
        2.31427640e-12,  2.17906623e-12,  2.05175549e-12,  1.93188267e-12,
        1.81901322e-12,  1.71273799e-12,  1.61267171e-12,  1.51845164e-12,
        1.42973622e-12,  1.34620385e-12,  1.26755173e-12,  1.19349472e-12,
        1.12376438e-12,  1.05810791e-12,  9.96287318e-13,  9.38078490e-13,
        8.83270418e-13,  8.31664417e-13,  7.83073412e-13,  7.37321256e-13,
        6.94242095e-13,  6.53679763e-13,  6.15487218e-13,  5.79526010e-13,
        5.45665776e-13,  5.13783771e-13,  4.83764420e-13,  4.55498900e-13,
        4.28884746e-13,  4.03825480e-13,  3.80230261e-13,  3.58013554e-13,
        3.37094821e-13,  3.17398231e-13,  2.98852382e-13,  2.81390043e-13,
        2.64947913e-13,  2.49466387e-13,  2.34889344e-13,  2.21163941e-13,
        2.08240422e-13,  1.96071938e-13,  1.84614378e-13,  1.73826207e-13,
        1.63668317e-13,  1.54103885e-13,  1.45098240e-13,  1.36618734e-13,
        1.28634630e-13,  1.21116984e-13,  1.14038544e-13,  1.07373650e-13,
        1.01098141e-13,  9.51892693e-14,  8.96256134e-14,  8.43870050e-14,
        7.94544537e-14,  7.48100786e-14,  7.04370435e-14,  6.63194959e-14,
        6.24425092e-14,  5.87920292e-14,  5.53548225e-14,  5.21184290e-14,
        4.90711165e-14,  4.62018383e-14,  4.35001930e-14,  4.09563870e-14,
        3.85611987e-14,  3.63059455e-14,  3.41824517e-14,  3.21830197e-14,
        3.03004013e-14,  2.85277719e-14,  2.68587055e-14,  2.52871517e-14,
        2.38074135e-14,  2.24141267e-14,  2.11022404e-14,  1.98669992e-14,
        1.87039250e-14,  1.76088016e-14,  1.65776592e-14,  1.56067598e-14,
        1.46925837e-14,  1.38318171e-14,  1.30213396e-14,  1.22582131e-14,
        1.15396713e-14,  1.08631093e-14,  1.02260746e-14,  9.62625793e-15,
        9.06148485e-15,  8.52970802e-15,  8.02899972e-15,  7.55754484e-15,
        7.11363432e-15,  6.69565895e-15,  6.30210354e-15,  5.93154141e-15,
        5.58262926e-15,  5.25410224e-15,  4.94476942e-15,  4.65350945e-15,
        4.37926649e-15,  4.12104638e-15,  3.87791305e-15,  3.64898514e-15,
        3.43343275e-15,  3.23047450e-15,  3.03937464e-15,  2.85944042e-15,
        2.69001957e-15,  2.53049792e-15,  2.38029719e-15,  2.23887291e-15,
        2.10571238e-15,  1.98033289e-15,  1.86227995e-15,  1.75112558e-15,
        1.64646685e-15,  1.54792437e-15,  1.45514090e-15,  1.36778011e-15,
        1.28552530e-15,  1.20807829e-15,  1.13515833e-15,  1.06650108e-15,
        1.00185765e-15,  9.40993714e-16,  8.83688623e-16,  8.29734644e-16,
        7.78936191e-16,  7.31109115e-16,  6.86080040e-16,  6.43685731e-16,
        6.03772507e-16,  5.66195678e-16,  5.30819025e-16,  4.97514306e-16,
        4.66160789e-16,  4.36644813e-16,  4.08859382e-16,  3.82703771e-16,
        3.58083165e-16,  3.34908311e-16,  3.13095199e-16,  2.92564755e-16,
        2.73242553e-16,  2.55058551e-16,  2.37946829e-16,  2.21845356e-16,
        2.06695762e-16,  1.92443131e-16,  1.79035793e-16,  1.66425148e-16,
        1.54565480e-16,  1.43413797e-16,  1.32929674e-16,  1.23075104e-16,
        1.13814365e-16,  1.05113884e-16,  9.69421231e-17,  8.92694579e-17,
        8.20680748e-17,  7.53118680e-17,  6.89763459e-17,  6.30385417e-17,
        5.74769303e-17,  5.22713506e-17,  4.74029319e-17,  4.28540257e-17,
        3.86081420e-17,  3.46498891e-17,  3.09649180e-17,  2.75398704e-17,
        2.43623303e-17,  2.14207788e-17,  1.87045525e-17,  1.62038050e-17,
        1.39094709e-17,  1.18132329e-17,  9.90749206e-18,  8.18533996e-18,
        6.64053363e-18,  5.26747303e-18,  4.06118071e-18,  3.01728377e-18,
        2.13199800e-18,  1.40211417e-18,  8.24986396e-19,  3.98522543e-19,
        1.21176647e-19, -8.05669208e-21,  1.03540450e-20,  1.76475598e-19,
        4.90910172e-19,  9.54797615e-19,  1.56981956e-18,  2.33820550e-18,
        3.26274090e-18,  4.34677727e-18,  5.59424432e-18,  7.00966423e-18,
        8.59816800e-18,  1.03655141e-17,  1.23181092e-17,  1.44630318e-17,
        1.68080572e-17,  1.93616864e-17,  2.21331765e-17,  2.51325744e-17,
        2.83707531e-17,  3.18594513e-17,  3.56113157e-17,  3.96399472e-17,
        4.39599499e-17,  4.85869840e-17,  5.35378231e-17,  5.88304141e-17,
        6.44839433e-17,  7.05189051e-17,  7.69571766e-17,  8.38220972e-17,
        9.11385526e-17,  9.89330657e-17,  1.07233892e-16,  1.16071123e-16,
        1.25476794e-16,  1.35485001e-16,  1.46132025e-16,  1.57456463e-16,
        1.69499366e-16,  1.82304390e-16,  1.95917955e-16,  2.10389411e-16,
        2.25771219e-16,  2.42119137e-16,  2.59492430e-16,  2.77954076e-16,
        2.97571001e-16,  3.18414317e-16,  3.40559583e-16,  3.64087077e-16,
        3.89082088e-16,  4.15635225e-16, -0.00000000e+00, -0.00000000e+00])], 1: [], 2: []}
v = [-1.73195146e-175 -6.72419396e-175 -2.60460656e-174 -1.00656404e-173
 -3.88095020e-173 -1.49290479e-172 -5.72958985e-172 -2.19387732e-171
 -8.38105178e-171 -3.19434700e-170 -1.21468324e-169 -4.60830663e-169
 -1.74428353e-168 -6.58703803e-168 -2.48176494e-167 -9.32885835e-167
 -3.49859551e-166 -1.30905035e-165 -4.88670756e-165 -1.82000981e-164
 -6.76283031e-164 -2.50715182e-163 -9.27321130e-163 -3.42197680e-162
 -1.25985727e-161 -4.62767674e-161 -1.69590712e-160 -6.20066820e-160
 -2.26189429e-159 -8.23196463e-159 -2.98904236e-158 -1.08282438e-157
 -3.91364439e-157 -1.41124390e-156 -5.07715214e-156 -1.82236622e-155
 -6.52602177e-155 -2.33162531e-154 -8.31125075e-154 -2.95577513e-153
 -1.04875435e-152 -3.71256054e-152 -1.31120529e-151 -4.62024732e-151
 -1.62426593e-150 -5.69700274e-150 -1.99357740e-149 -6.96012690e-149
 -2.42436829e-148 -8.42514555e-148 -2.92114834e-147 -1.01047877e-146
 -3.48737102e-146 -1.20078844e-145 -4.12507854e-145 -1.41382393e-144
 -4.83454731e-144 -1.64935326e-143 -5.61395506e-143 -1.90643307e-142
 -6.45909355e-142 -2.18332792e-141 -7.36315161e-141 -2.47745571e-140
 -8.31659276e-140 -2.78536654e-139 -9.30714873e-139 -3.10276108e-138
 -1.03199453e-137 -3.42455260e-137 -1.13377706e-136 -3.74497456e-136
 -1.23414861e-135 -4.05773263e-135 -1.33105738e-134 -4.35619697e-134
 -1.42237995e-133 -4.63362747e-133 -1.50599660e-132 -4.88342190e-132
 -1.57987193e-131 -5.09937444e-131 -1.64213669e-130 -5.27593073e-130
 -1.69116603e-129 -5.40842475e-129 -1.72565000e-128 -5.49328364e-128
 -1.74465159e-127 -5.52818771e-127 -1.74764908e-126 -5.51217586e-126
 -1.73455981e-125 -5.44568951e-125 -1.70574401e-124 -5.33055242e-124
 -1.66198832e-123 -5.16988764e-123 -1.60447012e-122 -4.96797684e-122
 -1.53470498e-121 -4.73007109e-121 -1.45448046e-120 -4.46216494e-120
 -1.36578055e-119 -4.17074771e-119 -1.27070518e-118 -3.86254769e-118
 -1.17139012e-117 -3.54428513e-117 -1.06993233e-116 -3.22245145e-116
 -9.68326381e-116 -2.90313347e-115 -8.68418772e-115 -2.59190720e-114
 -7.71889237e-114 -2.29383710e-113 -6.80273614e-113 -2.01364092e-112
 -5.95053437e-112 -1.75612606e-111 -5.17856904e-111 -1.52708555e-110
 -4.50850183e-110 -1.33498347e-109 -3.97456093e-109 -1.19399533e-108
 -3.63631829e-108 -1.12934601e-107 -3.60086537e-107 -1.18647203e-106
 -4.06046179e-106 -1.44640624e-105 -5.35504902e-105 -2.05103308e-104
 -8.07367864e-104 -3.24357757e-103 -1.32151411e-102 -5.43192708e-102
 -2.24359706e-101 -9.28511969e-101 -3.84232860e-100 -1.58764075e-099
 -6.54397968e-099 -2.68893414e-098 -1.10097119e-097 -4.49056524e-097
 -1.82418638e-096 -7.37942873e-096 -2.97250631e-095 -1.19218383e-094
 -4.76065255e-094 -1.89269531e-093 -7.49165681e-093 -2.95224616e-092
 -1.15824679e-091 -4.52398327e-091 -1.75918097e-090 -6.81033585e-090
 -2.62478798e-089 -1.00713357e-088 -3.84721706e-088 -1.46309599e-087
 -5.53943266e-087 -2.08796863e-086 -7.83517649e-086 -2.92711422e-085
 -1.08867083e-084 -4.03106225e-084 -1.48596441e-083 -5.45334882e-083
 -1.99243476e-082 -7.24721077e-082 -2.62436129e-081 -9.46111449e-081
 -3.39568124e-080 -1.21332591e-079 -4.31612456e-079 -1.52853858e-078
 -5.38920591e-078 -1.89164260e-077 -6.61027205e-077 -2.29966998e-076
 -7.96485065e-076 -2.74634879e-075 -9.42756826e-075 -3.22188188e-074
 -1.09618910e-073 -3.71301994e-073 -1.25208848e-072 -4.20347716e-072
 -1.40490935e-071 -4.67470110e-071 -1.54855035e-070 -5.10696343e-070
 -1.67674146e-069 -5.48069195e-069 -1.78348976e-068 -5.77792342e-068
 -1.86354069e-067 -5.98372899e-067 -1.91280583e-066 -6.08745541e-066
 -1.92870869e-065 -6.08363873e-065 -1.91040801e-064 -5.97248108e-064
 -1.85887151e-063 -5.75983303e-063 -1.77679103e-062 -5.45668332e-062
 -1.66834968e-061 -5.07821811e-061 -1.53886866e-060 -4.64256181e-060
 -1.39437559e-059 -4.16934453e-059 -1.24114274e-058 -3.67825316e-058
 -1.08524411e-057 -3.18771287e-057 -9.32173792e-057 -2.71381674e-056
 -7.86556787e-056 -2.26958046e-055 -6.51969114e-055 -1.86455155e-054
 -5.30869416e-054 -1.50475901e-053 -4.24631427e-053 -1.19295277e-052
 -3.33657050e-052 -9.29059003e-052 -2.57544466e-051 -7.10766721e-051
 -1.95284549e-050 -5.34164004e-050 -1.45461241e-049 -3.94353679e-049
 -1.06436464e-048 -2.85996632e-048 -7.65063238e-048 -2.03750970e-047
 -5.40216659e-047 -1.42594310e-046 -3.74716103e-046 -9.80321330e-046
 -2.55329200e-045 -6.62061681e-045 -1.70907986e-044 -4.39230204e-044
 -1.12379727e-043 -2.86252762e-043 -7.25900899e-043 -1.83261366e-042
 -4.60606901e-042 -1.15253971e-041 -2.87109320e-041 -7.12040373e-041
 -1.75803649e-040 -4.32132655e-040 -1.05748015e-039 -2.57628139e-039
 -6.24856521e-039 -1.50880548e-038 -3.62703824e-038 -8.68034432e-038
 -2.06817701e-037 -4.90573853e-037 -1.15847595e-036 -2.72355146e-036
 -6.37455811e-036 -1.48535588e-035 -3.44569545e-035 -7.95772994e-035
 -1.82964756e-034 -4.18804769e-034 -9.54380889e-034 -2.16519884e-033
 -4.89034809e-033 -1.09963283e-032 -2.46162309e-032 -5.48607009e-032
 -1.21721441e-031 -2.68867774e-031 -5.91257082e-031 -1.29443395e-030
 -2.82130067e-030 -6.12187961e-030 -1.32247093e-029 -2.84415603e-029
 -6.08957017e-029 -1.29803319e-028 -2.75455145e-028 -5.81944969e-028
 -1.22399286e-027 -2.56295974e-027 -5.34282097e-027 -1.10883109e-026
 -2.29100536e-026 -4.71251506e-026 -9.65040039e-026 -1.96745066e-025
 -3.99326659e-025 -8.06898104e-025 -1.62321116e-024 -3.25085264e-024
 -6.48164860e-024 -1.28658836e-023 -2.54249254e-023 -5.00202311e-023
 -9.79710217e-023 -1.91036132e-022 -3.70850895e-022 -7.16719272e-022
 -1.37900160e-021 -2.64147432e-021 -5.03725519e-021 -9.56329271e-021
 -1.80753569e-020 -3.40120061e-020 -6.37152736e-020 -1.18828549e-019
 -2.20629697e-019 -4.07824283e-019 -7.50495564e-019 -1.37495699e-018
 -2.50781811e-018 -4.55374693e-018 -8.23204403e-018 -1.48153670e-017
 -2.65450213e-017 -4.73499669e-017 -8.40857142e-017 -1.48658823e-016
 -2.61652628e-016 -4.58485332e-016 -7.99819021e-016 -1.38906940e-015
 -2.40171848e-015 -4.13414962e-015 -7.08461438e-015 -1.20868234e-014
 -2.05292970e-014 -3.47137804e-014 -5.84380455e-014 -9.79389376e-014
 -1.63410904e-013 -2.71439227e-013 -4.48879866e-013 -7.39015550e-013
 -1.21127559e-012 -1.97650669e-012 -3.21084652e-012 -5.19286154e-012
 -8.36103179e-012 -1.34022879e-011 -2.13876932e-011 -3.39793359e-011
 -5.37442198e-011 -8.46280969e-011 -1.32667127e-010 -2.07051322e-010
 -3.21705606e-010 -4.97628431e-010 -7.66333265e-010 -1.17488702e-009
 -1.79324848e-009 -2.72490128e-009 -4.12218055e-009 -6.20824981e-009
 -9.30844835e-009 -1.38947692e-008 -2.06486337e-008 -3.05490169e-008
 -4.49955010e-008 -6.59791752e-008 -9.63186991e-008 -1.39984603e-007
 -2.02542361e-007 -2.91754393e-007 -4.18393447e-007 -5.97335438e-007
 -8.49019419e-007 -1.20138693e-006 -1.69244326e-006 -2.37362041e-006
 -3.31416675e-006 -4.60684265e-006 -6.37526642e-006 -8.78333069e-006
 -1.20471985e-005 -1.64504898e-005 -2.23633848e-005 -3.02664983e-005
 -4.07805194e-005 -5.47027633e-005 -7.30519333e-005 -9.71225549e-005
 -1.28550692e-004 -1.69392694e-004 -2.22218836e-004 -2.90223782e-004
 -3.77355828e-004 -4.88466814e-004 -6.29484441e-004 -8.07608486e-004
 -1.03153195e-003 -1.31168765e-003 -1.66052000e-003 -2.09278073e-003
 -2.62584618e-003 -3.28005232e-003 -4.07904219e-003 -5.05011840e-003
 -6.22459154e-003 -7.63811324e-003 -9.33098010e-003 -1.13483931e-002
 -1.37406543e-002 -1.65632818e-002 -1.98770214e-002 -2.37477330e-002
 -2.82461294e-002 -3.34473464e-002 -3.94303223e-002 -4.62769707e-002
 -5.40711310e-002 -6.28972882e-002 -7.28390588e-002 -8.39774466e-002
 -9.63888816e-002 -1.10143064e-001 -1.25300644e-001 -1.41910780e-001
 -1.60008630e-001 -1.79612833e-001 -2.00723054e-001 -2.23317668e-001
 -2.47351671e-001 -2.72754893e-001 -2.99430605e-001 -3.27254601e-001
 -3.56074826e-001 -3.85711614e-001 -4.15958590e-001 -4.46584263e-001
 -4.77334329e-001 -5.07934672e-001 -5.38095035e-001 -5.67513305e-001
 -5.95880325e-001 -6.22885155e-001 -6.48220635e-001 -6.71589131e-001
 -6.92708319e-001 -7.11316828e-001 -7.27179622e-001 -7.40092927e-001
 -7.49888588e-001 -7.56437713e-001 -7.59653492e-001 -7.59493118e-001
 -7.55958730e-001 -7.49097368e-001 -7.38999930e-001 -7.25799170e-001
 -7.09666794e-001 -6.90809742e-001 -6.69465774e-001 -6.45898489e-001
 -6.20391921e-001 -5.93244865e-001 -5.64765101e-001 -5.35263653e-001
 -5.05049253e-001 -4.74423117e-001 -4.43674182e-001 -4.13074878e-001
 -3.82877517e-001 -3.53311365e-001 -3.24580403e-001 -2.96861808e-001
 -2.70305116e-001 -2.45032053e-001 -2.21136958e-001 -1.98687767e-001
 -1.77727442e-001 -1.58275805e-001 -1.40331656e-001 -1.23875120e-001
 -1.08870117e-001 -9.52668950e-002 -8.30045517e-002 -7.20134781e-002
 -6.22176813e-002 -5.35369406e-002 -4.58887673e-002 -3.91901472e-002
 -3.33590535e-002 -2.83157269e-002 -2.39837257e-002 -2.02907564e-002
 -1.71692976e-002 -1.45570370e-002 -1.23971384e-002 -1.06383640e-002
 -9.23507004e-003 -8.14709899e-003 -7.33958854e-003 -6.78271482e-003
 -6.45138752e-003 -6.32491108e-003 -6.38662447e-003 -6.62352966e-003
 -7.02591701e-003 -7.58699368e-003 -8.30251968e-003 -9.17045450e-003
 -1.01906161e-002 -1.13643535e-002 -1.26942319e-002 -1.41837321e-002
 -1.58369615e-002 -1.76583772e-002 -1.96525198e-002 -2.18237588e-002
 -2.41760480e-002 -2.67126916e-002 -2.94361223e-002 -3.23476918e-002
 -3.54474747e-002 -3.87340892e-002 -4.22045350e-002 -4.58540513e-002
 -4.96759983e-002 -5.36617629e-002 -5.78006931e-002 -6.20800619e-002
 -6.64850628e-002 -7.09988406e-002 -7.56025548e-002 -8.02754809e-002
 -8.49951454e-002 -8.97374965e-002 -9.44771082e-002 -9.91874152e-002
 -1.03840977e-001 -1.08409764e-001 -1.12865470e-001 -1.17179831e-001
 -1.21324962e-001 -1.25273697e-001 -1.28999919e-001 -1.32478895e-001
 -1.35687587e-001 -1.38604944e-001 -1.41212172e-001 -1.43492970e-001
 -1.45433730e-001 -1.47023701e-001 -1.48255103e-001 -1.49123200e-001
 -1.49626334e-001 -1.49765899e-001 -1.49546278e-001 -1.48974737e-001
 -1.48061272e-001 -1.46818423e-001 -1.45261056e-001 -1.43406110e-001
 -1.41272328e-001 -1.38879968e-001 -1.36250499e-001 -1.33406299e-001
 -1.30370349e-001 -1.27165933e-001 -1.23816350e-001 -1.20344644e-001
 -1.16773354e-001 -1.13124284e-001 -1.09418307e-001 -1.05675191e-001
 -1.01913459e-001 -9.81502796e-002 -9.44013855e-002 -9.06810252e-002
 -8.70019403e-002 -8.33753701e-002 -7.98110797e-002 -7.63174099e-002
 -7.29013437e-002 -6.95685892e-002 -6.63236732e-002 -6.31700433e-002
 -6.01101764e-002 -5.71456880e-002 -5.42774430e-002 -5.15056624e-002
 -4.88300272e-002 -4.62497741e-002 -4.37637847e-002 -4.13706660e-002
 -3.90688209e-002 -3.68565097e-002 -3.47319016e-002 -3.26931167e-002
 -3.07382592e-002 -2.88654415e-002 -2.70728018e-002 -2.53585139e-002
 -2.37207917e-002 -2.21578891e-002 -2.06680953e-002 -1.92497283e-002
 -1.79011256e-002 -1.66206340e-002 -1.54065992e-002 -1.42573555e-002
 -1.31712164e-002 -1.21464659e-002 -1.11813523e-002 -1.02740829e-002
 -9.42282076e-003 -8.62568390e-003 -7.88074566e-003 -7.18603741e-003
 -6.53955259e-003 -5.93925237e-003 -5.38307243e-003 -4.86893084e-003
 -4.39473659e-003 -3.95839867e-003 -3.55783539e-003 -3.19098377e-003
 -2.85580866e-003 -2.55031164e-003 -2.27253923e-003 -2.02059061e-003
 -1.79262446e-003 -1.58686505e-003 -1.40160737e-003 -1.23522140e-003
 -1.08615541e-003 -9.52938406e-004 -8.34181634e-004 -7.28579315e-004
 -6.34908568e-004 -5.52028630e-004 -4.78879450e-004 -4.14479713e-004
 -3.57924392e-004 -3.08381883e-004 -2.65090828e-004 -2.27356668e-004
 -1.94548018e-004 -1.66092922e-004 -1.41475035e-004 -1.20229796e-004
 -1.01940641e-004 -8.62352748e-005 -7.27820605e-005 -6.12865336e-005
 -5.14880747e-005 -4.31567508e-005 -3.60903400e-005 -3.01115451e-005
 -2.50654015e-005 -2.08168781e-005 -1.72486704e-005 -1.42591796e-005
 -1.17606729e-005 -9.67761561e-006 -7.94516622e-006 -6.50782563e-006
 -5.31822885e-006 -4.33606946e-006 -3.52714610e-006 -2.86252049e-006
 -2.31777688e-006 -1.87237337e-006 -1.50907576e-006 -1.21346524e-006
 -9.73512000e-007 -7.79207117e-007 -6.22246002e-007 -4.95757044e-007
 -3.94069863e-007 -3.12518032e-007 -2.47271720e-007 -1.95196179e-007
 -1.53732487e-007 -1.20797365e-007 -9.46992906e-008 -7.40684805e-008
 -5.77986350e-008 -4.49986163e-008 -3.49524932e-008 -2.70866052e-008
 -2.09424945e-008 -1.61547280e-008 -1.24327814e-008 -9.54628385e-009
 -7.31303732e-009 -5.58931560e-009 -4.26203361e-009 -3.24244413e-009
 -2.46107882e-009 -1.86369969e-009 -1.40806834e-009 -1.06137516e-009
 -7.98199580e-010 -5.98896059e-010 -4.48320709e-010 -3.34829358e-010
 -2.49491437e-010 -1.85474899e-010 -1.37566290e-010 -1.01797307e-010
 -7.51550097e-011 -5.53575633e-011 -4.06811646e-011 -2.98268350e-011
 -2.18181714e-011 -1.59230738e-011 -1.15939880e-011 -8.42240594e-012
 -6.10431412e-012 -4.41402674e-012 -3.18442061e-012 -2.29204571e-012
 -1.64593813e-012 -1.17923705e-012 -8.42919519e-013 -6.01130114e-013
 -4.27708854e-013 -3.03616506e-013 -2.15030417e-013 -1.51939886e-013
 -1.07112728e-013 -7.53368992e-014 -5.28654320e-014 -3.70112038e-014
 -2.58518732e-014 -1.80155782e-014 -1.25256933e-014 -8.68865844e-015
 -6.01313642e-015 -4.15189890e-015 -2.86015694e-015 -1.96575930e-015
 -1.34793266e-015 -9.22153959e-016 -6.29413502e-016 -4.28613707e-016
 -2.91201386e-016 -1.97386843e-016 -1.33487422e-016 -9.00657919e-017
 -6.06284938e-017 -4.07184341e-017 -2.72836668e-017 -1.82394521e-017
 -1.21651711e-017 -8.09509658e-018 -5.37431638e-018 -3.55976891e-018
 -2.35243571e-018 -1.55099751e-018 -1.02023877e-018 -6.69560652e-019
 -4.38404906e-019 -2.86390277e-019 -1.86654522e-019 -1.21371338e-019
 -7.87392274e-020 -5.09640036e-020 -3.29104112e-020 -2.12031536e-020
 -1.36290314e-020 -8.74031142e-021 -5.59224516e-021 -3.56979173e-021
 -2.27351036e-021 -1.44460255e-021 -9.15792741e-022 -5.79219799e-022
 -3.65499664e-022 -2.30106001e-022 -1.44532758e-022 -9.05736810e-023
 -5.66285089e-023 -3.53236535e-023 -2.19833304e-023 -1.36495627e-023
 -8.45554046e-024 -5.22590351e-024 -3.22239506e-024 -1.98241036e-024
 -1.21676222e-024 -7.45101191e-025 -4.55220885e-025 -2.77476674e-025
 -1.68743932e-025 -1.02382853e-025 -6.19760189e-026 -3.74297997e-026
 -2.25532280e-026 -1.35580522e-026 -8.13173603e-027 -4.86593860e-027
 -2.90500817e-027 -1.73031620e-027 -1.02825533e-027 -6.09640552e-028
 -3.60615265e-028 -2.12819661e-028 -1.25307414e-028 -7.36103988e-029
 -4.31418689e-029 -2.52264489e-029 -1.47167078e-029 -8.56569477e-030
 -4.97407012e-030 -2.88176521e-030 -1.66572255e-030 -9.60603398e-031
 -5.52691713e-031 -3.17262811e-031 -1.81699095e-031 -1.03820650e-031
 -5.91850614e-032 -3.36618394e-032 -1.91012138e-032 -1.08138781e-032
 -6.10800456e-033 -3.44202974e-033 -1.93520628e-033 -1.08551866e-033
 -6.07497791e-034 -3.39195041e-034 -1.88952075e-034 -1.05014972e-034
 -5.82301829e-035 -3.22138380e-035 -1.77800987e-035 -9.79091423e-036
 -5.37910109e-036 -2.94844850e-036 -1.61240735e-036 -8.79738043e-037
 -4.78882931e-037 -2.60077465e-037 -1.40920272e-037 -7.61801108e-038
 -4.10872534e-038 -2.21090459e-038 -1.18694412e-038 -6.35752282e-039
 -3.39737090e-039 -1.81132082e-039 -9.63485487e-040 -5.11319501e-040
 -2.70730332e-040 -1.43014100e-040 -7.53734129e-041 -3.96328118e-041
 -2.07916507e-041 -1.08822936e-041 -5.68262876e-042 -2.96057123e-042
 -1.53886005e-042 -7.98031651e-043 -4.12893922e-043 -2.13134740e-043
 -1.09765884e-043 -5.63998432e-044 -2.89125099e-044 -1.47873746e-044
 -7.54559923e-045 -3.84143754e-045 -1.95115243e-045 -9.88748880e-046
 -4.99894306e-046 -2.52155100e-046 -1.26897979e-046 -6.37146109e-047
 -3.19169032e-047 -1.59514379e-047 -7.95383014e-048 -3.95685528e-048
 -1.96390919e-048 -9.72500919e-049 -4.80458652e-049 -2.36820557e-049
 -1.16460905e-049 -5.71397456e-050 -2.79700876e-050 -1.36598752e-050
 -6.65575026e-051 -3.23552444e-051 -1.56924132e-051 -7.59332807e-052
 -3.66582708e-052 -1.76566850e-052 -8.48484166e-053 -4.06795085e-053
 -1.94583062e-053 -9.28606569e-054 -4.42135973e-054 -2.10028065e-054
 -9.95396691e-055 -4.70665576e-055 -2.22037363e-055 -1.04504999e-055
 -4.90733213e-056 -2.29906484e-056 -1.07461864e-056 -5.01135190e-057
 -2.33159337e-057 -1.08230111e-057 -5.01234297e-058 -2.31595883e-058
 -1.06762386e-058 -4.91024419e-059 -2.25312502e-059 -1.03148964e-059
 -4.71131165e-060 -2.14692156e-060 -9.76085590e-061 -4.42748407e-061
 -2.00365754e-061 -9.04664113e-062 -4.07519704e-062 -1.83150135e-062
 -8.21227069e-063 -3.67380964e-063 -1.63971143e-063 -7.30155870e-064
 -3.24385265e-064 -1.43781840e-064 -6.35834863e-065 -2.80531748e-065
 -1.23485817e-065 -5.42312387e-066 -2.37618007e-066 -1.03873928e-066
 -4.53034362e-067 -1.97130177e-067 -8.55800357e-068 -3.70671499e-068
 -1.60178163e-068 -6.90581280e-069 -2.97045978e-069 -1.27476442e-069
 -5.45800050e-070 -2.33149555e-070 -9.93648980e-071 -4.22502004e-071
 -1.79234635e-071 -7.58599374e-072 -3.20332059e-072 -1.34953985e-072
 -5.67242028e-073 -2.37874819e-073 -9.95235642e-074 -4.15432771e-074
 -1.73010701e-074 -7.18857090e-075 -2.97995384e-075 -1.23246301e-075
 -5.08552311e-076 -2.09360502e-076 -8.59906541e-077 -3.52375037e-077
 -1.44064308e-077 -5.87631466e-078 -2.39139364e-078 -9.70944657e-079
 -3.93310250e-079 -1.58954722e-079 -6.40927618e-080 -2.57835028e-080
 -1.03483768e-080 -4.14381089e-081 -1.65548406e-081 -6.59853403e-082
 -2.62402096e-082 -1.04108100e-082 -4.12096685e-083 -1.62746293e-083
 -6.41239797e-084 -2.52073513e-084 -9.88624434e-085 -3.86841312e-085
 -1.51019051e-085 -5.88204045e-086 -2.28571279e-086 -8.86161120e-087]
symrep = 0 - 0.04*np.exp(-(x-3.5461799999999997)**2/(2*0.8333333333333335**2))- 0.13*np.exp(-(x-2.4974999999999996)**2/(2*0.7333333333333334**2))- 0.76*np.exp(-(x--1.48338)**2/(2*0.6**2))
    