energies = {0: [], 1: [], 2: []}
wfns = {0: [], 1: [], 2: []}
KEDs = {0: [], 1: [], 2: []}
v = [-2.77260919e-45 -4.72528510e-45 -8.04183995e-45 -1.36669273e-44
 -2.31939327e-44 -3.93066428e-44 -6.65189770e-44 -1.12412141e-43
 -1.89700699e-43 -3.19677956e-43 -5.37953205e-43 -9.03991525e-43
 -1.51695350e-42 -2.54195717e-42 -4.25355682e-42 -7.10762160e-42
 -1.18599923e-41 -1.97620762e-41 -3.28827991e-41 -5.46377793e-41
 -9.06578364e-41 -1.50212374e-40 -2.48538757e-40 -4.10648823e-40
 -6.77540240e-40 -1.11631730e-39 -1.83665788e-39 -3.01756704e-39
 -4.95078012e-39 -8.11107468e-39 -1.32700088e-38 -2.16796403e-38
 -3.53688537e-38 -5.76206226e-38 -9.37395703e-38 -1.52284612e-37
 -2.47045605e-37 -4.00208488e-37 -6.47416118e-37 -1.04584848e-36
 -1.68710488e-36 -2.71771208e-36 -4.37172523e-36 -7.02247692e-36
 -1.12646015e-35 -1.80438578e-35 -2.88623048e-35 -4.61020962e-35
 -7.35357262e-35 -1.17128923e-34 -1.86302191e-34 -2.95910126e-34
 -4.69342346e-34 -7.43374576e-34 -1.17574656e-33 -1.85698237e-33
 -2.92880121e-33 -4.61275151e-33 -7.25468023e-33 -1.13936937e-32
 -1.78689426e-32 -2.79847362e-32 -4.37654736e-32 -6.83486746e-32
 -1.06590037e-31 -1.65993536e-31 -2.58139100e-31 -4.00870832e-31
 -6.21646041e-31 -9.62653374e-31 -1.48862310e-30 -2.29872817e-30
 -3.54469224e-30 -5.45830123e-30 -8.39314093e-30 -1.28878236e-29
 -1.97616270e-29 -3.02589507e-29 -4.62671853e-29 -7.06448238e-29
 -1.07714870e-28 -1.64005733e-28 -2.49362099e-28 -3.78608110e-28
 -5.74033752e-28 -8.69106496e-28 -1.31400378e-27 -1.98384748e-27
 -2.99094204e-27 -4.50293590e-27 -6.76973365e-27 -1.01633165e-26
 -1.52365755e-26 -2.28101076e-26 -3.41000764e-26 -5.09062868e-26
 -7.58884248e-26 -1.12971191e-25 -1.67937593e-25 -2.49296506e-25
 -3.69549408e-25 -5.47037224e-25 -8.08628973e-25 -1.19363011e-24
 -1.75945549e-24 -2.58985145e-24 -3.80679485e-24 -5.58768792e-24
 -8.19016896e-24 -1.19878591e-23 -1.75217891e-23 -2.55742743e-23
 -3.72748787e-23 -5.42521818e-23 -7.88508225e-23 -1.14441436e-22
 -1.65862580e-22 -2.40049932e-22 -3.46930760e-22 -5.00693643e-22
 -7.21588159e-22 -1.03847195e-21 -1.49241013e-21 -2.14175436e-21
 -3.06929887e-21 -4.39234810e-21 -6.27685898e-21 -8.95727778e-21
 -1.27643224e-20 -1.81638344e-20 -2.58110312e-20 -3.66261464e-20
 -5.18997360e-20 -7.34390619e-20 -1.03771272e-19 -1.46424994e-19
 -2.06320003e-19 -2.90305663e-19 -4.07903780e-19 -5.72331964e-19
 -8.01911283e-19 -1.12199958e-18 -1.56764282e-18 -2.18720551e-18
 -3.04733440e-18 -4.23973475e-18 -5.89040708e-18 -8.17221873e-18
 -1.13219884e-17 -1.56636683e-17 -2.16397531e-17 -2.98537695e-17
 -4.11276692e-17 -5.65792351e-17 -7.77263180e-17 -1.06626995e-16
 -1.46067734e-16 -1.99815635e-16 -2.72956028e-16 -3.72343661e-16
 -5.07204723e-16 -6.89938949e-16 -9.37186636e-16 -1.27124589e-15
 -1.72195218e-15 -2.32916717e-15 -3.14606931e-15 -4.24349760e-15
 -5.71567709e-15 -7.68775369e-15 -1.03256948e-14 -1.38492789e-14
 -1.85491104e-14 -2.48088745e-14 -3.31343982e-14 -4.41915427e-14
 -5.88555318e-14 -7.82750699e-14 -1.03955552e-13 -1.37866886e-13
 -1.82582980e-13 -2.41461930e-13 -3.18878394e-13 -4.20522823e-13
 -5.53786160e-13 -7.28253657e-13 -9.56337753e-13 -1.25408790e-12
 -1.64222517e-12 -2.14746197e-12 -2.80418272e-12 -3.65658089e-12
 -4.76137199e-12 -6.19123217e-12 -8.03914973e-12 -1.04239230e-11
 -1.34970956e-11 -1.74516904e-11 -2.25331926e-11 -2.90533360e-11
 -3.74073837e-11 -4.80957512e-11 -6.17510207e-11 -7.91716360e-11
 -1.01363862e-10 -1.29593950e-10 -1.65452889e-10 -2.10936645e-10
 -2.68545428e-10 -3.41406308e-10 -4.33424413e-10 -5.49469068e-10
 -6.95602571e-10 -8.79360913e-10 -1.11009766e-09 -1.39940450e-09
 -1.76162472e-09 -2.21447905e-09 -2.77982724e-09 -3.48459321e-09
 -4.36188705e-09 -5.45236342e-09 -6.80586336e-09 -8.48339533e-09
 -1.05595214e-08 -1.31252268e-08 -1.62913640e-08 -2.01927807e-08
 -2.49932572e-08 -3.08914035e-08 -3.81276879e-08 -4.69928031e-08
 -5.78376026e-08 -7.10848848e-08 -8.72433423e-08 -1.06924044e-07
 -1.30859877e-07 -1.59928436e-07 -1.95178925e-07 -2.37863718e-07
 -2.89475315e-07 -3.51789536e-07 -4.26915919e-07 -5.17356407e-07
 -6.26073561e-07 -7.56569704e-07 -9.12978560e-07 -1.10017117e-06
 -1.32387809e-06 -1.59083002e-06 -1.90891948e-06 -2.28738618e-06
 -2.73702917e-06 -3.27044921e-06 -3.90232505e-06 -4.64972776e-06
 -5.53247753e-06 -6.57354806e-06 -7.79952360e-06 -9.24111469e-06
 -1.09337388e-05 -1.29181725e-05 -1.52412825e-05 -1.79568434e-05
 -2.11264502e-05 -2.48205337e-05 -2.91194890e-05 -3.41149260e-05
 -3.99110514e-05 -4.66261926e-05 -5.43944748e-05 -6.33676605e-05
 -7.37171622e-05 -8.56362406e-05 -9.93423957e-05 -1.15079963e-04
 -1.33122925e-04 -1.53777939e-04 -1.77387606e-04 -2.04333963e-04
 -2.35042227e-04 -2.69984779e-04 -3.09685390e-04 -3.54723698e-04
 -4.05739921e-04 -4.63439800e-04 -5.28599764e-04 -6.02072309e-04
 -6.84791548e-04 -7.77778940e-04 -8.82149148e-04 -9.99115987e-04
 -1.12999845e-03 -1.27622674e-03 -1.43934824e-03 -1.62103344e-03
 -1.82308164e-03 -2.04742646e-03 -2.29614103e-03 -2.57144273e-03
 -2.87569754e-03 -3.21142370e-03 -3.58129473e-03 -3.98814162e-03
 -4.43495414e-03 -4.92488109e-03 -5.46122941e-03 -6.04746198e-03
 -6.68719412e-03 -7.38418846e-03 -8.14234824e-03 -8.96570891e-03
 -9.85842777e-03 -1.08247717e-02 -1.18691031e-02 -1.29958632e-02
 -1.42095534e-02 -1.55147151e-02 -1.69159060e-02 -1.84176751e-02
 -2.00245353e-02 -2.17409333e-02 -2.35712181e-02 -2.55196074e-02
 -2.75901509e-02 -2.97866940e-02 -3.21128378e-02 -3.45718992e-02
 -3.71668692e-02 -3.99003707e-02 -4.27746158e-02 -4.57913628e-02
 -4.89518735e-02 -5.22568711e-02 -5.57064992e-02 -5.93002822e-02
 -6.30370875e-02 -6.69150908e-02 -7.09317430e-02 -7.50837415e-02
 -7.93670052e-02 -8.37766531e-02 -8.83069885e-02 -9.29514875e-02
 -9.77027943e-02 -1.02552721e-01 -1.07492254e-01 -1.12511569e-01
 -1.17600050e-01 -1.22746316e-01 -1.27938256e-01 -1.33163071e-01
 -1.38407323e-01 -1.43656990e-01 -1.48897528e-01 -1.54113943e-01
 -1.59290868e-01 -1.64412641e-01 -1.69463399e-01 -1.74427166e-01
 -1.79287954e-01 -1.84029867e-01 -1.88637199e-01 -1.93094551e-01
 -1.97386932e-01 -2.01499876e-01 -2.05419548e-01 -2.09132853e-01
 -2.12627547e-01 -2.15892337e-01 -2.18916983e-01 -2.21692394e-01
 -2.24210717e-01 -2.26465417e-01 -2.28451357e-01 -2.30164860e-01
 -2.31603767e-01 -2.32767485e-01 -2.33657021e-01 -2.34275007e-01
 -2.34625712e-01 -2.34715039e-01 -2.34550516e-01 -2.34141267e-01
 -2.33497968e-01 -2.32632799e-01 -2.31559375e-01 -2.30292664e-01
 -2.28848892e-01 -2.27245442e-01 -2.25500731e-01 -2.23634084e-01
 -2.21665589e-01 -2.19615952e-01 -2.17506334e-01 -2.15358189e-01
 -2.13193088e-01 -2.11032540e-01 -2.08897816e-01 -2.06809761e-01
 -2.04788614e-01 -2.02853822e-01 -2.01023864e-01 -1.99316076e-01
 -1.97746483e-01 -1.96329639e-01 -1.95078480e-01 -1.94004184e-01
 -1.93116052e-01 -1.92421395e-01 -1.91925448e-01 -1.91631292e-01
 -1.91539802e-01 -1.91649616e-01 -1.91957117e-01 -1.92456450e-01
 -1.93139549e-01 -1.93996194e-01 -1.95014085e-01 -1.96178947e-01
 -1.97474642e-01 -1.98883319e-01 -2.00385568e-01 -2.01960601e-01
 -2.03586447e-01 -2.05240157e-01 -2.06898032e-01 -2.08535848e-01
 -2.10129098e-01 -2.11653232e-01 -2.13083905e-01 -2.14397219e-01
 -2.15569968e-01 -2.16579867e-01 -2.17405779e-01 -2.18027932e-01
 -2.18428112e-01 -2.18589852e-01 -2.18498592e-01 -2.18141822e-01
 -2.17509205e-01 -2.16592677e-01 -2.15386512e-01 -2.13887379e-01
 -2.12094360e-01 -2.10008948e-01 -2.07635020e-01 -2.04978784e-01
 -2.02048703e-01 -1.98855400e-01 -1.95411539e-01 -1.91731687e-01
 -1.87832165e-01 -1.83730877e-01 -1.79447134e-01 -1.75001464e-01
 -1.70415418e-01 -1.65711370e-01 -1.60912315e-01 -1.56041668e-01
 -1.51123066e-01 -1.46180180e-01 -1.41236521e-01 -1.36315271e-01
 -1.31439115e-01 -1.26630090e-01 -1.21909440e-01 -1.17297499e-01
 -1.12813577e-01 -1.08475863e-01 -1.04301354e-01 -1.00305787e-01
 -9.65035978e-02 -9.29078831e-02 -8.95303896e-02 -8.63815088e-02
 -8.34702878e-02 -8.08044506e-02 -7.83904317e-02 -7.62334174e-02
 -7.43373966e-02 -7.27052174e-02 -7.13386507e-02 -7.02384564e-02
 -6.94044539e-02 -6.88355943e-02 -6.85300323e-02 -6.84851996e-02
 -6.86978755e-02 -6.91642558e-02 -6.98800197e-02 -7.08403920e-02
 -7.20402020e-02 -7.34739382e-02 -7.51357976e-02 -7.70197305e-02
 -7.91194805e-02 -8.14286186e-02 -8.39405734e-02 -8.66486553e-02
 -8.95460770e-02 -9.26259690e-02 -9.58813913e-02 -9.93053410e-02
 -1.02890756e-01 -1.06630519e-01 -1.10517453e-01 -1.14544318e-01
 -1.18703810e-01 -1.22988549e-01 -1.27391075e-01 -1.31903839e-01
 -1.36519193e-01 -1.41229385e-01 -1.46026549e-01 -1.50902696e-01
 -1.55849713e-01 -1.60859354e-01 -1.65923237e-01 -1.71032842e-01
 -1.76179514e-01 -1.81354458e-01 -1.86548748e-01 -1.91753330e-01
 -1.96959031e-01 -2.02156564e-01 -2.07336544e-01 -2.12489500e-01
 -2.17605886e-01 -2.22676105e-01 -2.27690519e-01 -2.32639478e-01
 -2.37513333e-01 -2.42302464e-01 -2.46997304e-01 -2.51588359e-01
 -2.56066242e-01 -2.60421690e-01 -2.64645601e-01 -2.68729053e-01
 -2.72663337e-01 -2.76439981e-01 -2.80050783e-01 -2.83487831e-01
 -2.86743536e-01 -2.89810654e-01 -2.92682312e-01 -2.95352037e-01
 -2.97813769e-01 -3.00061895e-01 -3.02091259e-01 -3.03897187e-01
 -3.05475504e-01 -3.06822547e-01 -3.07935179e-01 -3.08810804e-01
 -3.09447373e-01 -3.09843394e-01 -3.09997935e-01 -3.09910633e-01
 -3.09581688e-01 -3.09011867e-01 -3.08202499e-01 -3.07155473e-01
 -3.05873224e-01 -3.04358730e-01 -3.02615497e-01 -3.00647546e-01
 -2.98459398e-01 -2.96056057e-01 -2.93442989e-01 -2.90626105e-01
 -2.87611734e-01 -2.84406603e-01 -2.81017809e-01 -2.77452797e-01
 -2.73719329e-01 -2.69825456e-01 -2.65779492e-01 -2.61589983e-01
 -2.57265675e-01 -2.52815488e-01 -2.48248482e-01 -2.43573828e-01
 -2.38800777e-01 -2.33938630e-01 -2.28996711e-01 -2.23984333e-01
 -2.18910772e-01 -2.13785240e-01 -2.08616857e-01 -2.03414624e-01
 -1.98187400e-01 -1.92943878e-01 -1.87692561e-01 -1.82441742e-01
 -1.77199485e-01 -1.71973605e-01 -1.66771651e-01 -1.61600893e-01
 -1.56468305e-01 -1.51380556e-01 -1.46343995e-01 -1.41364647e-01
 -1.36448200e-01 -1.31600005e-01 -1.26825065e-01 -1.22128037e-01
 -1.17513227e-01 -1.12984592e-01 -1.08545741e-01 -1.04199935e-01
 -9.99500924e-02 -9.57987953e-02 -9.17482923e-02 -8.78005075e-02
 -8.39570473e-02 -8.02192101e-02 -7.65879951e-02 -7.30641126e-02
 -6.96479955e-02 -6.63398100e-02 -6.31394682e-02 -6.00466399e-02
 -5.70607657e-02 -5.41810696e-02 -5.14065723e-02 -4.87361047e-02
 -4.61683205e-02 -4.37017102e-02 -4.13346137e-02 -3.90652338e-02
 -3.68916489e-02 -3.48118256e-02 -3.28236314e-02 -3.09248462e-02
 -2.91131746e-02 -2.73862567e-02 -2.57416795e-02 -2.41769870e-02
 -2.26896904e-02 -2.12772775e-02 -1.99372218e-02 -1.86669909e-02
 -1.74640548e-02 -1.63258931e-02 -1.52500023e-02 -1.42339017e-02
 -1.32751400e-02 -1.23713003e-02 -1.15200055e-02 -1.07189221e-02
 -9.96576494e-03 -9.25830018e-03 -8.59434870e-03 -7.97178868e-03
 -7.38855786e-03 -6.84265548e-03 -6.33214373e-03 -5.85514896e-03
 -5.40986249e-03 -4.99454119e-03 -4.60750766e-03 -4.24715027e-03
 -3.91192286e-03 -3.60034428e-03 -3.31099768e-03 -3.04252962e-03
 -2.79364905e-03 -2.56312610e-03 -2.34979078e-03 -2.15253147e-03
 -1.97029348e-03 -1.80207733e-03 -1.64693713e-03 -1.50397880e-03
 -1.37235826e-03 -1.25127965e-03 -1.13999345e-03 -1.03779465e-03
 -9.44020856e-04 -8.58050497e-04 -7.79300938e-04 -7.07226696e-04
 -6.41317641e-04 -5.81097252e-04 -5.26120896e-04 -4.75974158e-04
 -4.30271214e-04 -3.88653250e-04 -3.50786936e-04 -3.16362946e-04
 -2.85094544e-04 -2.56716211e-04 -2.30982341e-04 -2.07665980e-04
 -1.86557635e-04 -1.67464129e-04 -1.50207513e-04 -1.34624037e-04
 -1.20563170e-04 -1.07886673e-04 -9.64677256e-05 -8.61900973e-05
 -7.69473729e-05 -6.86422194e-05 -6.11856999e-05 -5.44966292e-05
 -4.85009722e-05 -4.31312795e-05 -3.83261622e-05 -3.40298017e-05
 -3.01914936e-05 -2.67652235e-05 -2.37092733e-05 -2.09858568e-05
 -1.85607817e-05 -1.64031371e-05 -1.44850053e-05 -1.27811962e-05
 -1.12690014e-05 -9.92797015e-06 -8.73970122e-06 -7.68765354e-06
 -6.75697192e-06 -5.93432763e-06 -5.20777269e-06 -4.56660675e-06
 -4.00125567e-06 -3.50316090e-06 -3.06467879e-06 -2.67898902e-06
 -2.34001154e-06 -2.04233114e-06 -1.78112916e-06 -1.55212167e-06
 -1.35150359e-06 -1.17589824e-06 -1.02231180e-06 -8.88092285e-07
 -7.70892671e-07 -6.68637655e-07 -5.79493861e-07 -5.01843082e-07
 -4.34258310e-07 -3.75482265e-07 -3.24408194e-07 -2.80062715e-07
 -2.41590509e-07 -2.08240662e-07 -1.79354509e-07 -1.54354806e-07
 -1.32736116e-07 -1.14056266e-07 -9.79287679e-08 -8.40161012e-08
 -7.20237703e-08 -6.16950434e-08 -5.28063063e-08 -4.51629604e-08
 -3.85958053e-08 -3.29578525e-08 -2.81215205e-08 -2.39761688e-08
 -2.04259314e-08 -1.73878164e-08 -1.47900389e-08 -1.25705616e-08
 -1.06758175e-08 -9.05959312e-09 -7.68205374e-09 -6.50889226e-09
 -5.51058771e-09 -4.66175934e-09 -3.94060473e-09 -3.32841134e-09
 -2.80913239e-09 -2.36901884e-09 -1.99630050e-09 -1.68090981e-09
 -1.41424289e-09 -1.18895300e-09 -9.98772247e-10 -8.38357665e-10
 -7.03158622e-10 -5.89302615e-10 -4.93497008e-10 -4.12944584e-10
 -3.45271013e-10 -2.88462629e-10 -2.40813090e-10 -2.00877696e-10
 -1.67434303e-10 -1.39449915e-10 -1.16052143e-10 -9.65048566e-11
 -8.01874251e-11 -6.65770367e-11 -5.52336506e-11 -4.57872046e-11
 -3.79267479e-11 -3.13912186e-11 -2.59616230e-11 -2.14544111e-11
 -1.77158686e-11 -1.46173753e-11 -1.20513983e-11 -9.92810987e-12
 -8.17253529e-12 -6.72214890e-12 -5.52485070e-12 -4.53726411e-12
 -3.72330545e-12 -3.05298287e-12 -2.50138858e-12 -2.04785429e-12
 -1.67524387e-12 -1.36936150e-12 -1.11845699e-12 -9.12812448e-13
 -7.44397515e-13 -6.06581793e-13 -4.93895330e-13 -4.01829266e-13
 -3.26670037e-13 -2.65361635e-13 -2.15391252e-13 -1.74694439e-13
 -1.41576508e-13 -1.14647452e-13 -9.27681102e-14 -7.50056722e-14
 -6.05969269e-14 -4.89179430e-14 -3.94590720e-14 -3.18043586e-14
 -2.56145961e-14 -2.06133926e-14 -1.65757250e-14 -1.33185420e-14
 -1.06930582e-14 -8.57843909e-15 -6.87663078e-15 -5.50813069e-15
 -4.40853060e-15 -3.52569368e-15 -2.81745111e-15 -2.24972428e-15
 -1.79499522e-15 -1.43106180e-15 -1.14002554e-15 -9.07469135e-16
 -7.21788968e-16 -5.73653585e-16 -4.55564924e-16 -3.61503027e-16
 -2.86638613e-16 -2.27100736e-16 -1.79789152e-16 -1.42222898e-16
 -1.12418207e-16 -8.87901685e-17 -7.00735630e-17 -5.52592027e-17
 -4.35427770e-17 -3.42837821e-17 -2.69725759e-17 -2.12039717e-17
 -1.66560916e-17 -1.30734461e-17 -1.02534060e-17 -8.03539674e-18
 -6.29227344e-18 -4.92344334e-18 -3.84938541e-18 -3.00728745e-18
 -2.34757557e-18 -1.83115588e-18 -1.42722401e-18 -1.11152713e-18
 -8.64986011e-19 -6.72603612e-19 -5.22601198e-19 -4.05735213e-19
 -3.14757505e-19 -2.43989189e-19 -1.88984491e-19 -1.46265817e-19
 -1.13115108e-19 -8.74096697e-20 -6.74931097e-20 -5.20739465e-20
 -4.01460333e-20 -3.09261518e-20 -2.38051115e-20 -1.83094649e-20
 -1.40715577e-20 -1.08061202e-20 -8.29198504e-21 -6.35782131e-21
 -4.87101223e-21 -3.72898998e-21 -2.85249116e-21 -2.18031124e-21
 -1.66522826e-21 -1.27083786e-21 -9.69097814e-22 -7.38424634e-22
 -5.62219407e-22 -4.27726919e-22 -3.25153497e-22 -2.46985449e-22
 -1.87462930e-22 -1.42174114e-22 -1.07742426e-22 -8.15857044e-23
 -6.17308814e-23 -4.66715241e-23 -3.52583985e-23 -2.66154783e-23
 -2.00755320e-23 -1.51307671e-23 -1.13950418e-23 -8.57495781e-24
 -6.44776435e-24 -4.84448277e-24 -3.63702904e-24 -2.72839482e-24
 -2.04516692e-24 -1.53183291e-24 -1.14645002e-24 -8.57353548e-25
 -6.40657432e-25 -4.78357824e-25 -3.56895432e-25 -2.66066496e-25
 -1.98198556e-25 -1.47527124e-25 -1.09724690e-25 -8.15451133e-26
 -6.05553632e-26 -4.49333068e-26 -3.33154161e-26 -2.46821620e-26
 -1.82718385e-26 -1.35158198e-26 -9.98995728e-27 -7.37812424e-27
 -5.44489352e-27 -4.01507731e-27 -2.95841795e-27 -2.17814224e-27
 -1.60241146e-27 -1.17793938e-27 -8.65232718e-28 -6.35044298e-28
 -4.65732132e-28 -3.41294648e-28 -2.49910122e-28 -1.82851830e-28
 -1.33682904e-28 -9.76592810e-29 -7.12873169e-29 -5.19962605e-29
 -3.78959716e-29 -2.75978389e-29 -2.00825196e-29 -1.46023387e-29
 -1.06093244e-29 -7.70218839e-30 -5.58729546e-30 -4.04995533e-30
 -2.93332324e-30 -2.12290572e-30 -1.53519160e-30 -1.10931672e-30
 -8.00957779e-31 -5.77862863e-31 -4.16582517e-31 -3.00080925e-31
 -2.15991586e-31 -1.55344675e-31 -1.11639274e-31 -8.01675719e-32
 -5.75230030e-32 -4.12425458e-32 -2.95468015e-32 -2.11512763e-32
 -1.51294722e-32 -1.08136440e-32 -7.72291855e-33 -5.51127314e-33
 -3.92991820e-33 -2.80011701e-33 -1.99356290e-33 -1.41822390e-33
 -1.00813978e-33 -7.16073825e-34 -5.08224900e-34 -3.60425222e-34]
symrep = 0 - 0.31*np.exp(-(x-2.34792)**2/(2*1.4333333333333333**2))- 0.2*np.exp(-(x--2.32902)**2/(2*0.9**2))- 0.23*np.exp(-(x--4.830299999999999)**2/(2*1.0666666666666667**2))
    