energies = {0: [-0.28429776408659885], 1: [], 2: []}
wfns = {0: [array([ 0.00000000e+00,  7.70664282e-10,  1.54203113e-09,  2.31480377e-09,
        3.08968669e-09,  3.86738630e-09,  4.64861159e-09,  5.43407476e-09,
        6.22449188e-09,  7.02058351e-09,  7.82307543e-09,  8.63269920e-09,
        9.45019293e-09,  1.02763019e-08,  1.11117791e-08,  1.19573864e-08,
        1.28138946e-08,  1.36820844e-08,  1.45627475e-08,  1.54566866e-08,
        1.63647167e-08,  1.72876656e-08,  1.82263747e-08,  1.91816998e-08,
        2.01545117e-08,  2.11456975e-08,  2.21561605e-08,  2.31868221e-08,
        2.42386219e-08,  2.53125186e-08,  2.64094914e-08,  2.75305402e-08,
        2.86766871e-08,  2.98489769e-08,  3.10484784e-08,  3.22762850e-08,
        3.35335162e-08,  3.48213179e-08,  3.61408644e-08,  3.74933584e-08,
        3.88800331e-08,  4.03021525e-08,  4.17610131e-08,  4.32579450e-08,
        4.47943127e-08,  4.63715169e-08,  4.79909954e-08,  4.96542246e-08,
        5.13627208e-08,  5.31180416e-08,  5.49217871e-08,  5.67756017e-08,
        5.86811755e-08,  6.06402457e-08,  6.26545982e-08,  6.47260694e-08,
        6.68565478e-08,  6.90479756e-08,  7.13023505e-08,  7.36217279e-08,
        7.60082221e-08,  7.84640087e-08,  8.09913266e-08,  8.35924798e-08,
        8.62698396e-08,  8.90258468e-08,  9.18630139e-08,  9.47839275e-08,
        9.77912502e-08,  1.00887724e-07,  1.04076171e-07,  1.07359499e-07,
        1.10740700e-07,  1.14222858e-07,  1.17809146e-07,  1.21502834e-07,
        1.25307290e-07,  1.29225981e-07,  1.33262481e-07,  1.37420468e-07,
        1.41703734e-07,  1.46116183e-07,  1.50661839e-07,  1.55344844e-07,
        1.60169469e-07,  1.65140111e-07,  1.70261302e-07,  1.75537712e-07,
        1.80974149e-07,  1.86575570e-07,  1.92347081e-07,  1.98293945e-07,
        2.04421582e-07,  2.10735579e-07,  2.17241692e-07,  2.23945852e-07,
        2.30854172e-07,  2.37972948e-07,  2.45308670e-07,  2.52868027e-07,
        2.60657910e-07,  2.68685420e-07,  2.76957875e-07,  2.85482818e-07,
        2.94268019e-07,  3.03321489e-07,  3.12651479e-07,  3.22266496e-07,
        3.32175306e-07,  3.42386942e-07,  3.52910713e-07,  3.63756212e-07,
        3.74933328e-07,  3.86452250e-07,  3.98323479e-07,  4.10557837e-07,
        4.23166478e-07,  4.36160897e-07,  4.49552939e-07,  4.63354813e-07,
        4.77579102e-07,  4.92238773e-07,  5.07347191e-07,  5.22918130e-07,
        5.38965783e-07,  5.55504782e-07,  5.72550203e-07,  5.90117587e-07,
        6.08222948e-07,  6.26882792e-07,  6.46114130e-07,  6.65934495e-07,
        6.86361954e-07,  7.07415132e-07,  7.29113221e-07,  7.51476002e-07,
        7.74523861e-07,  7.98277811e-07,  8.22759507e-07,  8.47991266e-07,
        8.73996092e-07,  9.00797691e-07,  9.28420498e-07,  9.56889694e-07,
        9.86231233e-07,  1.01647186e-06,  1.04763916e-06,  1.07976152e-06,
        1.11286825e-06,  1.14698951e-06,  1.18215642e-06,  1.21840104e-06,
        1.25575641e-06,  1.29425657e-06,  1.33393664e-06,  1.37483279e-06,
        1.41698230e-06,  1.46042358e-06,  1.50519626e-06,  1.55134114e-06,
        1.59890029e-06,  1.64791707e-06,  1.69843616e-06,  1.75050363e-06,
        1.80416693e-06,  1.85947498e-06,  1.91647822e-06,  1.97522861e-06,
        2.03577970e-06,  2.09818670e-06,  2.16250649e-06,  2.22879773e-06,
        2.29712083e-06,  2.36753810e-06,  2.44011371e-06,  2.51491384e-06,
        2.59200668e-06,  2.67146251e-06,  2.75335376e-06,  2.83775509e-06,
        2.92474344e-06,  3.01439812e-06,  3.10680085e-06,  3.20203589e-06,
        3.30019004e-06,  3.40135279e-06,  3.50561637e-06,  3.61307582e-06,
        3.72382911e-06,  3.83797721e-06,  3.95562418e-06,  4.07687728e-06,
        4.20184703e-06,  4.33064737e-06,  4.46339573e-06,  4.60021311e-06,
        4.74122425e-06,  4.88655771e-06,  5.03634596e-06,  5.19072557e-06,
        5.34983728e-06,  5.51382613e-06,  5.68284164e-06,  5.85703787e-06,
        6.03657364e-06,  6.22161262e-06,  6.41232349e-06,  6.60888013e-06,
        6.81146171e-06,  7.02025292e-06,  7.23544411e-06,  7.45723145e-06,
        7.68581713e-06,  7.92140954e-06,  8.16422346e-06,  8.41448025e-06,
        8.67240805e-06,  8.93824201e-06,  9.21222446e-06,  9.49460518e-06,
        9.78564161e-06,  1.00855991e-05,  1.03947510e-05,  1.07133792e-05,
        1.10417743e-05,  1.13802355e-05,  1.17290714e-05,  1.20886001e-05,
        1.24591493e-05,  1.28410568e-05,  1.32346708e-05,  1.36403500e-05,
        1.40584645e-05,  1.44893952e-05,  1.49335351e-05,  1.53912891e-05,
        1.58630745e-05,  1.63493214e-05,  1.68504730e-05,  1.73669863e-05,
        1.78993321e-05,  1.84479957e-05,  1.90134773e-05,  1.95962924e-05,
        2.01969724e-05,  2.08160649e-05,  2.14541342e-05,  2.21117620e-05,
        2.27895479e-05,  2.34881098e-05,  2.42080845e-05,  2.49501283e-05,
        2.57149178e-05,  2.65031501e-05,  2.73155439e-05,  2.81528397e-05,
        2.90158009e-05,  2.99052142e-05,  3.08218904e-05,  3.17666653e-05,
        3.27404000e-05,  3.37439823e-05,  3.47783272e-05,  3.58443775e-05,
        3.69431051e-05,  3.80755117e-05,  3.92426296e-05,  4.04455229e-05,
        4.16852880e-05,  4.29630554e-05,  4.42799897e-05,  4.56372917e-05,
        4.70361986e-05,  4.84779859e-05,  4.99639678e-05,  5.14954990e-05,
        5.30739759e-05,  5.47008373e-05,  5.63775665e-05,  5.81056919e-05,
        5.98867891e-05,  6.17224817e-05,  6.36144433e-05,  6.55643986e-05,
        6.75741253e-05,  6.96454556e-05,  7.17802778e-05,  7.39805381e-05,
        7.62482423e-05,  7.85854578e-05,  8.09943152e-05,  8.34770107e-05,
        8.60358075e-05,  8.86730384e-05,  9.13911076e-05,  9.41924929e-05,
        9.70797483e-05,  1.00055506e-04,  1.03122479e-04,  1.06283462e-04,
        1.09541339e-04,  1.12899078e-04,  1.16359741e-04,  1.19926482e-04,
        1.23602554e-04,  1.27391308e-04,  1.31296197e-04,  1.35320781e-04,
        1.39468730e-04,  1.43743825e-04,  1.48149963e-04,  1.52691161e-04,
        1.57371559e-04,  1.62195424e-04,  1.67167154e-04,  1.72291280e-04,
        1.77572475e-04,  1.83015553e-04,  1.88625476e-04,  1.94407358e-04,
        2.00366471e-04,  2.06508246e-04,  2.12838284e-04,  2.19362355e-04,
        2.26086406e-04,  2.33016567e-04,  2.40159156e-04,  2.47520686e-04,
        2.55107866e-04,  2.62927614e-04,  2.70987058e-04,  2.79293546e-04,
        2.87854650e-04,  2.96678176e-04,  3.05772166e-04,  3.15144912e-04,
        3.24804957e-04,  3.34761110e-04,  3.45022445e-04,  3.55598318e-04,
        3.66498370e-04,  3.77732539e-04,  3.89311064e-04,  4.01244503e-04,
        4.13543734e-04,  4.26219970e-04,  4.39284766e-04,  4.52750033e-04,
        4.66628047e-04,  4.80931460e-04,  4.95673310e-04,  5.10867037e-04,
        5.26526492e-04,  5.42665951e-04,  5.59300128e-04,  5.76444185e-04,
        5.94113753e-04,  6.12324939e-04,  6.31094345e-04,  6.50439082e-04,
        6.70376784e-04,  6.90925627e-04,  7.12104344e-04,  7.33932240e-04,
        7.56429214e-04,  7.79615774e-04,  8.03513057e-04,  8.28142845e-04,
        8.53527591e-04,  8.79690434e-04,  9.06655222e-04,  9.34446533e-04,
        9.63089700e-04,  9.92610831e-04,  1.02303683e-03,  1.05439543e-03,
        1.08671522e-03,  1.12002563e-03,  1.15435705e-03,  1.18974074e-03,
        1.22620895e-03,  1.26379492e-03,  1.30253288e-03,  1.34245814e-03,
        1.38360705e-03,  1.42601712e-03,  1.46972695e-03,  1.51477638e-03,
        1.56120640e-03,  1.60905931e-03,  1.65837867e-03,  1.70920936e-03,
        1.76159765e-03,  1.81559120e-03,  1.87123914e-03,  1.92859206e-03,
        1.98770213e-03,  2.04862305e-03,  2.11141019e-03,  2.17612057e-03,
        2.24281295e-03,  2.31154782e-03,  2.38238754e-03,  2.45539628e-03,
        2.53064016e-03,  2.60818724e-03,  2.68810758e-03,  2.77047329e-03,
        2.85535855e-03,  2.94283968e-03,  3.03299509e-03,  3.12590539e-03,
        3.22165335e-03,  3.32032390e-03,  3.42200413e-03,  3.52678330e-03,
        3.63475274e-03,  3.74600591e-03,  3.86063827e-03,  3.97874731e-03,
        4.10043245e-03,  4.22579509e-03,  4.35493851e-03,  4.48796798e-03,
        4.62499074e-03,  4.76611615e-03,  4.91145577e-03,  5.06112362e-03,
        5.21523637e-03,  5.37391368e-03,  5.53727852e-03,  5.70545758e-03,
        5.87858165e-03,  6.05678608e-03,  6.24021113e-03,  6.42900244e-03,
        6.62331131e-03,  6.82329499e-03,  7.02911691e-03,  7.24094676e-03,
        7.45896054e-03,  7.68334047e-03,  7.91427484e-03,  8.15195776e-03,
        8.39658887e-03,  8.64837298e-03,  8.90751967e-03,  9.17424292e-03,
        9.44876068e-03,  9.73129451e-03,  1.00220692e-02,  1.03213126e-02,
        1.06292550e-02,  1.09461294e-02,  1.12721708e-02,  1.16076167e-02,
        1.19527061e-02,  1.23076802e-02,  1.26727820e-02,  1.30482561e-02,
        1.34343489e-02,  1.38313081e-02,  1.42393830e-02,  1.46588241e-02,
        1.50898831e-02,  1.55328124e-02,  1.59878654e-02,  1.64552958e-02,
        1.69353575e-02,  1.74283043e-02,  1.79343896e-02,  1.84538658e-02,
        1.89869844e-02,  1.95339951e-02,  2.00951457e-02,  2.06706814e-02,
        2.12608447e-02,  2.18658742e-02,  2.24860050e-02,  2.31214674e-02,
        2.37724866e-02,  2.44392823e-02,  2.51220678e-02,  2.58210493e-02,
        2.65364255e-02,  2.72683870e-02,  2.80171151e-02,  2.87827813e-02,
        2.95655468e-02,  3.03655612e-02,  3.11829621e-02,  3.20178739e-02,
        3.28704072e-02,  3.37406576e-02,  3.46287049e-02,  3.55346121e-02,
        3.64584243e-02,  3.74001676e-02,  3.83598483e-02,  3.93374511e-02,
        4.03329387e-02,  4.13462502e-02,  4.23772997e-02,  4.34259752e-02,
        4.44921375e-02,  4.55756182e-02,  4.66762192e-02,  4.77937103e-02,
        4.89278286e-02,  5.00782764e-02,  5.12447203e-02,  5.24267891e-02,
        5.36240727e-02,  5.48361203e-02,  5.60624392e-02,  5.73024930e-02,
        5.85557003e-02,  5.98214331e-02,  6.10990157e-02,  6.23877230e-02,
        6.36867792e-02,  6.49953570e-02,  6.63125760e-02,  6.76375020e-02,
        6.89691461e-02,  7.03064638e-02,  7.16483543e-02,  7.29936606e-02,
        7.43411688e-02,  7.56896081e-02,  7.70376514e-02,  7.83839152e-02,
        7.97269609e-02,  8.10652954e-02,  8.23973725e-02,  8.37215944e-02,
        8.50363138e-02,  8.63398361e-02,  8.76304219e-02,  8.89062900e-02,
        9.01656206e-02,  9.14065592e-02,  9.26272204e-02,  9.38256923e-02,
        9.50000414e-02,  9.61483175e-02,  9.72685592e-02,  9.83587994e-02,
        9.94170720e-02,  1.00441417e-01,  1.01429889e-01,  1.02380562e-01,
        1.03291536e-01,  1.04160949e-01,  1.04986975e-01,  1.05767843e-01,
        1.06501834e-01,  1.07187293e-01,  1.07822637e-01,  1.08406362e-01,
        1.08937047e-01,  1.09413363e-01,  1.09834080e-01,  1.10198072e-01,
        1.10504325e-01,  1.10751939e-01,  1.10940136e-01,  1.11068262e-01,
        1.11135794e-01,  1.11142339e-01,  1.11087643e-01,  1.10971588e-01,
        1.10794193e-01,  1.10555621e-01,  1.10256171e-01,  1.09896285e-01,
        1.09476540e-01,  1.08997653e-01,  1.08460472e-01,  1.07865977e-01,
        1.07215274e-01,  1.06509591e-01,  1.05750276e-01,  1.04938784e-01,
        1.04076679e-01,  1.03165623e-01,  1.02207371e-01,  1.01203761e-01,
        1.00156710e-01,  9.90682038e-02,  9.79402892e-02,  9.67750667e-02,
        9.55746815e-02,  9.43413157e-02,  9.30771796e-02,  9.17845037e-02,
        9.04655309e-02,  8.91225081e-02,  8.77576789e-02,  8.63732759e-02,
        8.49715140e-02,  8.35545829e-02,  8.21246414e-02,  8.06838106e-02,
        7.92341689e-02,  7.77777462e-02,  7.63165193e-02,  7.48524077e-02,
        7.33872693e-02,  7.19228970e-02,  7.04610159e-02,  6.90032806e-02,
        6.75512727e-02,  6.61064997e-02,  6.46703930e-02,  6.32443076e-02,
        6.18295209e-02,  6.04272334e-02,  5.90385678e-02,  5.76645703e-02,
        5.63062111e-02,  5.49643854e-02,  5.36399146e-02,  5.23335481e-02,
        5.10459650e-02,  4.97777758e-02,  4.85295244e-02,  4.73016910e-02,
        4.60946935e-02,  4.49088904e-02,  4.37445836e-02,  4.26020202e-02,
        4.14813958e-02,  4.03828566e-02,  3.93065024e-02,  3.82523891e-02,
        3.72205313e-02,  3.62109047e-02,  3.52234490e-02,  3.42580701e-02,
        3.33146426e-02,  3.23930122e-02,  3.14929980e-02,  3.06143946e-02,
        2.97569746e-02,  2.89204900e-02,  2.81046748e-02,  2.73092467e-02,
        2.65339086e-02,  2.57783506e-02,  2.50422518e-02,  2.43252812e-02,
        2.36270997e-02,  2.29473612e-02,  2.22857139e-02,  2.16418016e-02,
        2.10152646e-02,  2.04057408e-02,  1.98128667e-02,  1.92362783e-02,
        1.86756118e-02,  1.81305043e-02,  1.76005947e-02,  1.70855241e-02,
        1.65849364e-02,  1.60984789e-02,  1.56258027e-02,  1.51665630e-02,
        1.47204195e-02,  1.42870370e-02,  1.38660853e-02,  1.34572394e-02,
        1.30601801e-02,  1.26745940e-02,  1.23001733e-02,  1.19366165e-02,
        1.15836281e-02,  1.12409187e-02,  1.09082052e-02,  1.05852107e-02,
        1.02716646e-02,  9.96730235e-03,  9.67186591e-03,  9.38510323e-03,
        9.10676845e-03,  8.83662180e-03,  8.57442952e-03,  8.31996382e-03,
        8.07300274e-03,  7.83333013e-03,  7.60073552e-03,  7.37501403e-03,
        7.15596627e-03,  6.94339825e-03,  6.73712125e-03,  6.53695175e-03,
        6.34271126e-03,  6.15422628e-03,  5.97132815e-03,  5.79385293e-03,
        5.62164132e-03,  5.45453853e-03,  5.29239417e-03,  5.13506214e-03,
        4.98240054e-03,  4.83427153e-03,  4.69054126e-03,  4.55107975e-03,
        4.41576077e-03,  4.28446178e-03,  4.15706377e-03,  4.03345125e-03,
        3.91351205e-03,  3.79713733e-03,  3.68422141e-03,  3.57466171e-03,
        3.46835869e-03,  3.36521572e-03,  3.26513900e-03,  3.16803753e-03,
        3.07382296e-03,  2.98240957e-03,  2.89371416e-03,  2.80765600e-03,
        2.72415674e-03,  2.64314036e-03,  2.56453307e-03,  2.48826329e-03,
        2.41426154e-03,  2.34246041e-03,  2.27279449e-03,  2.20520032e-03,
        2.13961630e-03,  2.07598267e-03,  2.01424144e-03,  1.95433636e-03,
        1.89621283e-03,  1.83981787e-03,  1.78510009e-03,  1.73200962e-03,
        1.68049806e-03,  1.63051848e-03,  1.58202530e-03,  1.53497433e-03,
        1.48932267e-03,  1.44502873e-03,  1.40205211e-03,  1.36035365e-03,
        1.31989533e-03,  1.28064028e-03,  1.24255269e-03,  1.20559787e-03,
        1.16974211e-03,  1.13495274e-03,  1.10119803e-03,  1.06844722e-03,
        1.03667045e-03,  1.00583875e-03,  9.75924011e-04,  9.46898968e-04,
        9.18737158e-04,  8.91412907e-04,  8.64901307e-04,  8.39178187e-04,
        8.14220099e-04,  7.90004289e-04,  7.66508681e-04,  7.43711856e-04,
        7.21593031e-04,  7.00132042e-04,  6.79309323e-04,  6.59105893e-04,
        6.39503333e-04,  6.20483773e-04,  6.02029872e-04,  5.84124809e-04,
        5.66752260e-04,  5.49896387e-04,  5.33541823e-04,  5.17673661e-04,
        5.02277432e-04,  4.87339102e-04,  4.72845051e-04,  4.58782067e-04,
        4.45137329e-04,  4.31898398e-04,  4.19053205e-04,  4.06590039e-04,
        3.94497539e-04,  3.82764680e-04,  3.71380767e-04,  3.60335420e-04,
        3.49618571e-04,  3.39220451e-04,  3.29131578e-04,  3.19342756e-04,
        3.09845062e-04,  3.00629836e-04,  2.91688677e-04,  2.83013435e-04,
        2.74596200e-04,  2.66429300e-04,  2.58505288e-04,  2.50816941e-04,
        2.43357250e-04,  2.36119414e-04,  2.29096835e-04,  2.22283111e-04,
        2.15672030e-04,  2.09257565e-04,  2.03033869e-04,  1.96995267e-04,
        1.91136255e-04,  1.85451491e-04,  1.79935793e-04,  1.74584133e-04,
        1.69391631e-04,  1.64353554e-04,  1.59465309e-04,  1.54722440e-04,
        1.50120622e-04,  1.45655662e-04,  1.41323487e-04,  1.37120149e-04,
        1.33041816e-04,  1.29084770e-04,  1.25245403e-04,  1.21520215e-04,
        1.17905811e-04,  1.14398894e-04,  1.10996269e-04,  1.07694833e-04,
        1.04491576e-04,  1.01383579e-04,  9.83680072e-05,  9.54421121e-05,
        9.26032263e-05,  8.98487617e-05,  8.71762072e-05,  8.45831263e-05,
        8.20671553e-05,  7.96260002e-05,  7.72574358e-05,  7.49593026e-05,
        7.27295057e-05,  7.05660123e-05,  6.84668499e-05,  6.64301050e-05,
        6.44539206e-05,  6.25364954e-05,  6.06760811e-05,  5.88709819e-05,
        5.71195521e-05,  5.54201950e-05,  5.37713614e-05,  5.21715481e-05,
        5.06192968e-05,  4.91131922e-05,  4.76518615e-05,  4.62339722e-05,
        4.48582319e-05,  4.35233864e-05,  4.22282187e-05,  4.09715481e-05,
        3.97522290e-05,  3.85691498e-05,  3.74212319e-05,  3.63074289e-05,
        3.52267254e-05,  3.41781361e-05,  3.31607051e-05,  3.21735048e-05,
        3.12156354e-05,  3.02862235e-05,  2.93844219e-05,  2.85094085e-05,
        2.76603854e-05,  2.68365788e-05,  2.60372376e-05,  2.52616332e-05,
        2.45090583e-05,  2.37788270e-05,  2.30702735e-05,  2.23827519e-05,
        2.17156354e-05,  2.10683159e-05,  2.04402032e-05,  1.98307246e-05,
        1.92393246e-05,  1.86654641e-05,  1.81086198e-05,  1.75682841e-05,
        1.70439645e-05,  1.65351829e-05,  1.60414755e-05,  1.55623922e-05,
        1.50974963e-05,  1.46463639e-05,  1.42085838e-05,  1.37837569e-05,
        1.33714959e-05,  1.29714249e-05,  1.25831792e-05,  1.22064049e-05,
        1.18407586e-05,  1.14859068e-05,  1.11415260e-05,  1.08073024e-05,
        1.04829311e-05,  1.01681166e-05,  9.86257179e-06,  9.56601813e-06,
        9.27818527e-06,  8.99881082e-06,  8.72764009e-06,  8.46442586e-06,
        8.20892817e-06,  7.96091411e-06,  7.72015757e-06,  7.48643907e-06,
        7.25954554e-06,  7.03927013e-06,  6.82541204e-06,  6.61777629e-06,
        6.41617360e-06,  6.22042017e-06,  6.03033756e-06,  5.84575247e-06,
        5.66649663e-06,  5.49240662e-06,  5.32332373e-06,  5.15909382e-06,
        4.99956716e-06,  4.84459834e-06,  4.69404606e-06,  4.54777309e-06,
        4.40564606e-06,  4.26753542e-06,  4.13331525e-06,  4.00286320e-06,
        3.87606033e-06,  3.75279106e-06,  3.63294299e-06,  3.51640687e-06,
        3.40307647e-06,  3.29284846e-06,  3.18562236e-06,  3.08130042e-06,
        2.97978752e-06,  2.88099113e-06,  2.78482118e-06,  2.69119000e-06,
        2.60001222e-06,  2.51120473e-06,  2.42468657e-06,  2.34037886e-06,
        2.25820474e-06,  2.17808930e-06,  2.09995950e-06,  2.02374412e-06,
        1.94937368e-06,  1.87678037e-06,  1.80589801e-06,  1.73666199e-06,
        1.66900920e-06,  1.60287794e-06,  1.53820794e-06,  1.47494023e-06,
        1.41301715e-06,  1.35238224e-06,  1.29298022e-06,  1.23475693e-06,
        1.17765931e-06,  1.12163529e-06,  1.06663381e-06,  1.01260471e-06,
        9.59498753e-07,  9.07267515e-07,  8.55863382e-07,  8.05239493e-07,
        7.55349695e-07,  7.06148508e-07,  6.57591077e-07,  6.09633136e-07,
        5.62230963e-07,  5.15341344e-07,  4.68921534e-07,  4.22929213e-07,
        3.77322453e-07,  3.32059678e-07,  2.87099622e-07,  2.42401299e-07,
        1.97923960e-07,  1.53627058e-07,  1.09470208e-07,  6.54131564e-08,
        2.14157383e-08, -2.25621562e-08, -6.65606194e-08, -1.10619762e-07])], 1: [], 2: []}
KEDs = {0: [array([5.93923435e-19, 5.95006822e-19, 5.97177549e-19, 6.00443532e-19,
       6.04816684e-19, 6.10312956e-19, 6.16952394e-19, 6.24759216e-19,
       6.33761896e-19, 6.43993271e-19, 6.55490658e-19, 6.68295993e-19,
       6.82455984e-19, 6.98022276e-19, 7.15051646e-19, 7.33606208e-19,
       7.53753638e-19, 7.75567421e-19, 7.99127121e-19, 8.24518671e-19,
       8.51834683e-19, 8.81174790e-19, 9.12646007e-19, 9.46363124e-19,
       9.82449119e-19, 1.02103561e-18, 1.06226335e-18, 1.10628270e-18,
       1.15325422e-18, 1.20334923e-18, 1.25675046e-18, 1.31365268e-18,
       1.37426343e-18, 1.43880379e-18, 1.50750915e-18, 1.58063013e-18,
       1.65843341e-18, 1.74120279e-18, 1.82924015e-18, 1.92286660e-18,
       2.02242364e-18, 2.12827438e-18, 2.24080493e-18, 2.36042570e-18,
       2.48757302e-18, 2.62271064e-18, 2.76633147e-18, 2.91895934e-18,
       3.08115095e-18, 3.25349789e-18, 3.43662877e-18, 3.63121154e-18,
       3.83795593e-18, 4.05761602e-18, 4.29099300e-18, 4.53893809e-18,
       4.80235565e-18, 5.08220646e-18, 5.37951126e-18, 5.69535445e-18,
       6.03088802e-18, 6.38733582e-18, 6.76599794e-18, 7.16825552e-18,
       7.59557577e-18, 8.04951729e-18, 8.53173579e-18, 9.04399013e-18,
       9.58814870e-18, 1.01661963e-17, 1.07802412e-17, 1.14325232e-17,
       1.21254214e-17, 1.28614630e-17, 1.36433328e-17, 1.44738825e-17,
       1.53561414e-17, 1.62933276e-17, 1.72888593e-17, 1.83463676e-17,
       1.94697098e-17, 2.06629830e-17, 2.19305397e-17, 2.32770031e-17,
       2.47072844e-17, 2.62266003e-17, 2.78404924e-17, 2.95548473e-17,
       3.13759179e-17, 3.33103465e-17, 3.53651885e-17, 3.75479389e-17,
       3.98665592e-17, 4.23295061e-17, 4.49457632e-17, 4.77248729e-17,
       5.06769718e-17, 5.38128275e-17, 5.71438776e-17, 6.06822719e-17,
       6.44409163e-17, 6.84335201e-17, 7.26746461e-17, 7.71797633e-17,
       8.19653037e-17, 8.70487222e-17, 9.24485600e-17, 9.81845126e-17,
       1.04277501e-16, 1.10749750e-16, 1.17624865e-16, 1.24927923e-16,
       1.32685561e-16, 1.40926075e-16, 1.49679522e-16, 1.58977827e-16,
       1.68854907e-16, 1.79346786e-16, 1.90491734e-16, 2.02330400e-16,
       2.14905965e-16, 2.28264296e-16, 2.42454118e-16, 2.57527186e-16,
       2.73538478e-16, 2.90546394e-16, 3.08612968e-16, 3.27804097e-16,
       3.48189778e-16, 3.69844367e-16, 3.92846846e-16, 4.17281116e-16,
       4.43236297e-16, 4.70807059e-16, 5.00093964e-16, 5.31203833e-16,
       5.64250136e-16, 5.99353407e-16, 6.36641682e-16, 6.76250966e-16,
       7.18325731e-16, 7.63019441e-16, 8.10495111e-16, 8.60925904e-16,
       9.14495764e-16, 9.71400080e-16, 1.03184641e-15, 1.09605521e-15,
       1.16426070e-15, 1.23671164e-15, 1.31367229e-15, 1.39542335e-15,
       1.48226301e-15, 1.57450801e-15, 1.67249479e-15, 1.77658077e-15,
       1.88714558e-15, 2.00459249e-15, 2.12934989e-15, 2.26187282e-15,
       2.40264464e-15, 2.55217880e-15, 2.71102071e-15, 2.87974975e-15,
       3.05898132e-15, 3.24936917e-15, 3.45160771e-15, 3.66643459e-15,
       3.89463337e-15, 4.13703638e-15, 4.39452778e-15, 4.66804673e-15,
       4.95859087e-15, 5.26721993e-15, 5.59505961e-15, 5.94330568e-15,
       6.31322833e-15, 6.70617682e-15, 7.12358439e-15, 7.56697350e-15,
       8.03796137e-15, 8.53826588e-15, 9.06971186e-15, 9.63423769e-15,
       1.02339024e-14, 1.08708933e-14, 1.15475337e-14, 1.22662916e-14,
       1.30297886e-14, 1.38408095e-14, 1.47023123e-14, 1.56174394e-14,
       1.65895286e-14, 1.76221256e-14, 1.87189965e-14, 1.98841421e-14,
       2.11218123e-14, 2.24365213e-14, 2.38330643e-14, 2.53165352e-14,
       2.68923447e-14, 2.85662406e-14, 3.03443280e-14, 3.22330926e-14,
       3.42394233e-14, 3.63706381e-14, 3.86345104e-14, 4.10392975e-14,
       4.35937705e-14, 4.63072468e-14, 4.91896234e-14, 5.22514136e-14,
       5.55037849e-14, 5.89586002e-14, 6.26284604e-14, 6.65267512e-14,
       7.06676910e-14, 7.50663838e-14, 7.97388732e-14, 8.47022018e-14,
       8.99744728e-14, 9.55749164e-14, 1.01523960e-13, 1.07843301e-13,
       1.14555990e-13, 1.21686511e-13, 1.29260870e-13, 1.37306696e-13,
       1.45853335e-13, 1.54931959e-13, 1.64575682e-13, 1.74819678e-13,
       1.85701313e-13, 1.97260274e-13, 2.09538724e-13, 2.22581446e-13,
       2.36436012e-13, 2.51152955e-13, 2.66785955e-13, 2.83392032e-13,
       3.01031753e-13, 3.19769460e-13, 3.39673495e-13, 3.60816457e-13,
       3.83275463e-13, 4.07132430e-13, 4.32474374e-13, 4.59393728e-13,
       4.87988677e-13, 5.18363519e-13, 5.50629044e-13, 5.84902936e-13,
       6.21310208e-13, 6.59983650e-13, 7.01064321e-13, 7.44702059e-13,
       7.91056029e-13, 8.40295302e-13, 8.92599474e-13, 9.48159320e-13,
       1.00717749e-12, 1.06986924e-12, 1.13646325e-12, 1.20720240e-12,
       1.28234471e-12, 1.36216425e-12, 1.44695216e-12, 1.53701769e-12,
       1.63268936e-12, 1.73431611e-12, 1.84226861e-12, 1.95694063e-12,
       2.07875040e-12, 2.20814222e-12, 2.34558804e-12, 2.49158918e-12,
       2.64667816e-12, 2.81142065e-12, 2.98641754e-12, 3.17230711e-12,
       3.36976739e-12, 3.57951858e-12, 3.80232573e-12, 4.03900152e-12,
       4.29040920e-12, 4.55746575e-12, 4.84114524e-12, 5.14248236e-12,
       5.46257621e-12, 5.80259431e-12, 6.16377684e-12, 6.54744118e-12,
       6.95498671e-12, 7.38789992e-12, 7.84775982e-12, 8.33624369e-12,
       8.85513326e-12, 9.40632111e-12, 9.99181765e-12, 1.06137584e-11,
       1.12744119e-11, 1.19761878e-11, 1.27216457e-11, 1.35135047e-11,
       1.43546529e-11, 1.52481584e-11, 1.61972802e-11, 1.72054801e-11,
       1.82764354e-11, 1.94140523e-11, 2.06224802e-11, 2.19061266e-11,
       2.32696737e-11, 2.47180948e-11, 2.62566729e-11, 2.78910197e-11,
       2.96270965e-11, 3.14712355e-11, 3.34301628e-11, 3.55110237e-11,
       3.77214077e-11, 4.00693771e-11, 4.25634959e-11, 4.52128611e-11,
       4.80271360e-11, 5.10165856e-11, 5.41921134e-11, 5.75653020e-11,
       6.11484547e-11, 6.49546407e-11, 6.89977428e-11, 7.32925078e-11,
       7.78546004e-11, 8.27006604e-11, 8.78483634e-11, 9.33164850e-11,
       9.91249697e-11, 1.05295003e-10, 1.11849091e-10, 1.18811137e-10,
       1.26206535e-10, 1.34062260e-10, 1.42406963e-10, 1.51271082e-10,
       1.60686947e-10, 1.70688901e-10, 1.81313425e-10, 1.92599271e-10,
       2.04587603e-10, 2.17322145e-10, 2.30849345e-10, 2.45218541e-10,
       2.60482143e-10, 2.76695820e-10, 2.93918710e-10, 3.12213628e-10,
       3.31647302e-10, 3.52290609e-10, 3.74218839e-10, 3.97511970e-10,
       4.22254954e-10, 4.48538030e-10, 4.76457055e-10, 5.06113849e-10,
       5.37616568e-10, 5.71080099e-10, 6.06626476e-10, 6.44385327e-10,
       6.84494344e-10, 7.27099784e-10, 7.72357005e-10, 8.20431024e-10,
       8.71497125e-10, 9.25741492e-10, 9.83361884e-10, 1.04456836e-09,
       1.10958403e-09, 1.17864589e-09, 1.25200563e-09, 1.32993062e-09,
       1.41270482e-09, 1.50062981e-09, 1.59402593e-09, 1.69323338e-09,
       1.79861347e-09, 1.91054996e-09, 2.02945037e-09, 2.15574749e-09,
       2.28990094e-09, 2.43239879e-09, 2.58375932e-09, 2.74453289e-09,
       2.91530385e-09, 3.09669266e-09, 3.28935805e-09, 3.49399938e-09,
       3.71135902e-09, 3.94222500e-09, 4.18743366e-09, 4.44787254e-09,
       4.72448330e-09, 5.01826486e-09, 5.33027653e-09, 5.66164134e-09,
       6.01354934e-09, 6.38726096e-09, 6.78411032e-09, 7.20550851e-09,
       7.65294662e-09, 8.12799872e-09, 8.63232446e-09, 9.16767138e-09,
       9.73587692e-09, 1.03388701e-08, 1.09786729e-08, 1.16574013e-08,
       1.23772670e-08, 1.31405786e-08, 1.39497443e-08, 1.48072749e-08,
       1.57157899e-08, 1.66780242e-08, 1.76968396e-08, 1.87752379e-08,
       1.99163795e-08, 2.11236056e-08, 2.24004641e-08, 2.37507398e-08,
       2.51784886e-08, 2.66880724e-08, 2.82841964e-08, 2.99719449e-08,
       3.17568159e-08, 3.36447507e-08, 3.56421588e-08, 3.77559357e-08,
       3.99934736e-08, 4.23626628e-08, 4.48718866e-08, 4.75300084e-08,
       5.03463525e-08, 5.33306812e-08, 5.64931697e-08, 5.98443800e-08,
       6.33952372e-08, 6.71570095e-08, 7.11412926e-08, 7.53600010e-08,
       7.98253647e-08, 8.45499330e-08, 8.95465836e-08, 9.48285362e-08,
       1.00409369e-07, 1.06303038e-07, 1.12523894e-07, 1.19086698e-07,
       1.26006637e-07, 1.33299329e-07, 1.40980829e-07, 1.49067622e-07,
       1.57576617e-07, 1.66525127e-07, 1.75930845e-07, 1.85811819e-07,
       1.96186407e-07, 2.07073241e-07, 2.18491177e-07, 2.30459234e-07,
       2.42996542e-07, 2.56122270e-07, 2.69855557e-07, 2.84215429e-07,
       2.99220723e-07, 3.14889987e-07, 3.31241392e-07, 3.48292621e-07,
       3.66060762e-07, 3.84562190e-07, 4.03812436e-07, 4.23826061e-07,
       4.44616506e-07, 4.66195947e-07, 4.88575134e-07, 5.11763222e-07,
       5.35767598e-07, 5.60593691e-07, 5.86244780e-07, 6.12721791e-07,
       6.40023084e-07, 6.68144228e-07, 6.97077775e-07, 7.26813023e-07,
       7.57335763e-07, 7.88628031e-07, 8.20667845e-07, 8.53428941e-07,
       8.86880499e-07, 9.20986870e-07, 9.55707299e-07, 9.90995650e-07,
       1.02680013e-06, 1.06306301e-06, 1.09972040e-06, 1.13670193e-06,
       1.17393058e-06, 1.21132241e-06, 1.24878641e-06, 1.28622428e-06,
       1.32353032e-06, 1.36059136e-06, 1.39728666e-06, 1.43348793e-06,
       1.46905942e-06, 1.50385800e-06, 1.53773340e-06, 1.57052849e-06,
       1.60207966e-06, 1.63221730e-06, 1.66076635e-06, 1.68754706e-06,
       1.71237579e-06, 1.73506594e-06, 1.75542905e-06, 1.77327602e-06,
       1.78841847e-06, 1.80067025e-06, 1.80984906e-06, 1.81577822e-06,
       1.81828860e-06, 1.81722061e-06, 1.81242635e-06, 1.80377183e-06,
       1.79113923e-06, 1.77442929e-06, 1.75356364e-06, 1.72848719e-06,
       1.69917043e-06, 1.66561170e-06, 1.62783933e-06, 1.58591361e-06,
       1.53992861e-06, 1.49001373e-06, 1.43633495e-06, 1.37909580e-06,
       1.31853794e-06, 1.25494131e-06, 1.18862385e-06, 1.11994077e-06,
       1.04928326e-06, 9.77076732e-07, 9.03778468e-07, 8.29874767e-07,
       7.55877541e-07, 6.82320380e-07, 6.09754135e-07, 5.38742029e-07,
       4.69854355e-07, 4.03662816e-07, 3.40734575e-07, 2.81626090e-07,
       2.26876810e-07, 1.77002837e-07, 1.32490641e-07, 9.37909237e-08,
       6.13127409e-08, 3.54179781e-08, 1.64162760e-08, 4.56050121e-09,
       4.28463528e-11, 2.99163609e-09, 1.34689049e-08, 3.14687996e-08,
       5.69168455e-08, 8.96701002e-08, 1.29518203e-07, 1.76185313e-07,
       2.29332908e-07, 2.88563409e-07, 3.53424572e-07, 4.23414574e-07,
       4.97987724e-07, 5.76560692e-07, 6.58519164e-07, 7.43224810e-07,
       8.30022465e-07, 9.18247391e-07, 1.00723252e-06, 1.09631559e-06,
       1.18484598e-06, 1.27219131e-06, 1.35774352e-06, 1.44092453e-06,
       1.52119127e-06, 1.59804016e-06, 1.67101084e-06, 1.73968929e-06,
       1.80371024e-06, 1.86275880e-06, 1.91657150e-06, 1.96493658e-06,
       2.00769366e-06, 2.04473287e-06, 2.07599331e-06, 2.10146113e-06,
       2.12116712e-06, 2.13518388e-06, 2.14362279e-06, 2.14663065e-06,
       2.14438615e-06, 2.13709621e-06, 2.12499233e-06, 2.10832682e-06,
       2.08736916e-06, 2.06240240e-06, 2.03371972e-06, 2.00162115e-06,
       1.96641041e-06, 1.92839211e-06, 1.88786902e-06, 1.84513970e-06,
       1.80049636e-06, 1.75422289e-06, 1.70659331e-06, 1.65787028e-06,
       1.60830402e-06, 1.55813134e-06, 1.50757498e-06, 1.45684305e-06,
       1.40612880e-06, 1.35561042e-06, 1.30545109e-06, 1.25579915e-06,
       1.20678836e-06, 1.15853828e-06, 1.11115478e-06, 1.06473057e-06,
       1.01934581e-06, 9.75068752e-07, 9.31956454e-07, 8.90055476e-07,
       8.49402607e-07, 8.10025589e-07, 7.71943844e-07, 7.35169177e-07,
       6.99706478e-07, 6.65554385e-07, 6.32705938e-07, 6.01149185e-07,
       5.70867776e-07, 5.41841510e-07, 5.14046853e-07, 4.87457421e-07,
       4.62044428e-07, 4.37777100e-07, 4.14623051e-07, 3.92548637e-07,
       3.71519261e-07, 3.51499664e-07, 3.32454179e-07, 3.14346957e-07,
       2.97142170e-07, 2.80804189e-07, 2.65297738e-07, 2.50588031e-07,
       2.36640884e-07, 2.23422814e-07, 2.10901124e-07, 1.99043964e-07,
       1.87820387e-07, 1.77200393e-07, 1.67154960e-07, 1.57656061e-07,
       1.48676685e-07, 1.40190835e-07, 1.32173536e-07, 1.24600821e-07,
       1.17449726e-07, 1.10698271e-07, 1.04325447e-07, 9.83111874e-08,
       9.26363508e-08, 8.72826919e-08, 8.22328358e-08, 7.74702494e-08,
       7.29792125e-08, 6.87447888e-08, 6.47527953e-08, 6.09897736e-08,
       5.74429591e-08, 5.41002529e-08, 5.09501917e-08, 4.79819203e-08,
       4.51851635e-08, 4.25501991e-08, 4.00678314e-08, 3.77293665e-08,
       3.55265865e-08, 3.34517269e-08, 3.14974530e-08, 2.96568383e-08,
       2.79233431e-08, 2.62907946e-08, 2.47533675e-08, 2.33055651e-08,
       2.19422026e-08, 2.06583893e-08, 1.94495132e-08, 1.83112256e-08,
       1.72394266e-08, 1.62302514e-08, 1.52800570e-08, 1.43854104e-08,
       1.35430761e-08, 1.27500055e-08, 1.20033262e-08, 1.13003321e-08,
       1.06384735e-08, 1.00153491e-08, 9.42869655e-09, 8.87638518e-09,
       8.35640812e-09, 7.86687529e-09, 7.40600666e-09, 6.97212591e-09,
       6.56365444e-09, 6.17910571e-09, 5.81707992e-09, 5.47625899e-09,
       5.15540181e-09, 4.85333975e-09, 4.56897250e-09, 4.30126404e-09,
       4.04923893e-09, 3.81197877e-09, 3.58861889e-09, 3.37834518e-09,
       3.18039120e-09, 2.99403533e-09, 2.81859821e-09, 2.65344024e-09,
       2.49795926e-09, 2.35158836e-09, 2.21379385e-09, 2.08407326e-09,
       1.96195358e-09, 1.84698947e-09, 1.73876170e-09, 1.63687558e-09,
       1.54095956e-09, 1.45066382e-09, 1.36565906e-09, 1.28563527e-09,
       1.21030059e-09, 1.13938027e-09, 1.07261565e-09, 1.00976322e-09,
       9.50593761e-10, 8.94891452e-10, 8.42453137e-10, 7.93087560e-10,
       7.46614668e-10, 7.02864961e-10, 6.61678870e-10, 6.22906175e-10,
       5.86405459e-10, 5.52043590e-10, 5.19695240e-10, 4.89242420e-10,
       4.60574059e-10, 4.33585593e-10, 4.08178583e-10, 3.84260361e-10,
       3.61743689e-10, 3.40546438e-10, 3.20591294e-10, 3.01805472e-10,
       2.84120455e-10, 2.67471736e-10, 2.51798592e-10, 2.37043856e-10,
       2.23153712e-10, 2.10077497e-10, 1.97767517e-10, 1.86178872e-10,
       1.75269293e-10, 1.64998990e-10, 1.55330502e-10, 1.46228564e-10,
       1.37659977e-10, 1.29593489e-10, 1.21999678e-10, 1.14850846e-10,
       1.08120919e-10, 1.01785349e-10, 9.58210282e-11, 9.02062024e-11,
       8.49203918e-11, 7.99443171e-11, 7.52598285e-11, 7.08498396e-11,
       6.66982656e-11, 6.27899638e-11, 5.91106791e-11, 5.56469917e-11,
       5.23862680e-11, 4.93166150e-11, 4.64268362e-11, 4.37063916e-11,
       4.11453585e-11, 3.87343958e-11, 3.64647097e-11, 3.43280218e-11,
       3.23165387e-11, 3.04229237e-11, 2.86402699e-11, 2.69620754e-11,
       2.53822191e-11, 2.38949386e-11, 2.24948091e-11, 2.11767239e-11,
       1.99358753e-11, 1.87677375e-11, 1.76680497e-11, 1.66328010e-11,
       1.56582154e-11, 1.47407382e-11, 1.38770230e-11, 1.30639193e-11,
       1.22984617e-11, 1.15778580e-11, 1.08994799e-11, 1.02608532e-11,
       9.65964845e-12, 9.09367287e-12, 8.56086211e-12, 8.05927278e-12,
       7.58707538e-12, 7.14254762e-12, 6.72406813e-12, 6.33011052e-12,
       5.95923789e-12, 5.61009751e-12, 5.28141591e-12, 4.97199427e-12,
       4.68070400e-12, 4.40648263e-12, 4.14832999e-12, 3.90530447e-12,
       3.67651966e-12, 3.46114109e-12, 3.25838320e-12, 3.06750643e-12,
       2.88781458e-12, 2.71865224e-12, 2.55940241e-12, 2.40948424e-12,
       2.26835092e-12, 2.13548767e-12, 2.01040989e-12, 1.89266137e-12,
       1.78181263e-12, 1.67745937e-12, 1.57922095e-12, 1.48673907e-12,
       1.39967641e-12, 1.31771541e-12, 1.24055714e-12, 1.16792015e-12,
       1.09953952e-12, 1.03516583e-12, 9.74564288e-13, 9.17513851e-13,
       8.63806435e-13, 8.13246147e-13, 7.65648573e-13, 7.20840104e-13,
       6.78657307e-13, 6.38946323e-13, 6.01562310e-13, 5.66368913e-13,
       5.33237768e-13, 5.02048032e-13, 4.72685942e-13, 4.45044405e-13,
       4.19022598e-13, 3.94525612e-13, 3.71464094e-13, 3.49753930e-13,
       3.29315935e-13, 3.10075562e-13, 2.91962634e-13, 2.74911086e-13,
       2.58858724e-13, 2.43746999e-13, 2.29520791e-13, 2.16128212e-13,
       2.03520413e-13, 1.91651410e-13, 1.80477911e-13, 1.69959161e-13,
       1.60056794e-13, 1.50734692e-13, 1.41958855e-13, 1.33697272e-13,
       1.25919811e-13, 1.18598103e-13, 1.11705445e-13, 1.05216694e-13,
       9.91081844e-14, 9.33576357e-14, 8.79440733e-14, 8.28477518e-14,
       7.80500827e-14, 7.35335669e-14, 6.92817310e-14, 6.52790667e-14,
       6.15109747e-14, 5.79637112e-14, 5.46243378e-14, 5.14806746e-14,
       4.85212553e-14, 4.57352857e-14, 4.31126042e-14, 4.06436449e-14,
       3.83194024e-14, 3.61313992e-14, 3.40716549e-14, 3.21326566e-14,
       3.03073322e-14, 2.85890238e-14, 2.69714641e-14, 2.54487533e-14,
       2.40153372e-14, 2.26659878e-14, 2.13957834e-14, 2.02000909e-14,
       1.90745493e-14, 1.80150533e-14, 1.70177383e-14, 1.60789669e-14,
       1.51953148e-14, 1.43635592e-14, 1.35806661e-14, 1.28437802e-14,
       1.21502136e-14, 1.14974367e-14, 1.08830684e-14, 1.03048681e-14,
       9.76072660e-15, 9.24865935e-15, 8.76679860e-15, 8.31338679e-15,
       7.88677016e-15, 7.48539266e-15, 7.10779030e-15, 6.75258581e-15,
       6.41848362e-15, 6.10426511e-15, 5.80878420e-15, 5.53096316e-15,
       5.26978866e-15, 5.02430808e-15, 4.79362607e-15, 4.57690122e-15,
       4.37334306e-15, 4.18220912e-15, 4.00280226e-15, 3.83446811e-15,
       3.67659269e-15, 3.52860016e-15, 3.38995073e-15, 3.26013870e-15,
       3.13869057e-15, 3.02516339e-15, 2.91914307e-15, 2.82024292e-15,
       2.72810220e-15, 2.64238483e-15, 2.56277818e-15, 2.48899189e-15,
       2.42075682e-15, 2.35782409e-15, 2.29996417e-15, 2.24696601e-15,
       2.19863632e-15, 2.15479880e-15, 2.11529357e-15, 2.07997653e-15,
       2.04871888e-15, 2.02140659e-15, 1.99794006e-15, 1.97823368e-15,
       1.96221559e-15, 1.94982736e-15, 1.94102380e-15, 1.93577280e-15,
       1.93405521e-15, 1.93586476e-15, 1.94120807e-15, 0.00000000e+00])], 1: [], 2: []}
v = [-1.63460736e-55 -2.64925085e-55 -4.28988633e-55 -6.94033643e-55
 -1.12182808e-54 -1.81168292e-54 -2.92312414e-54 -4.71216671e-54
 -7.58929645e-54 -1.22120641e-53 -1.96328139e-53 -3.15341561e-53
 -5.06039436e-53 -8.11318403e-53 -1.29957534e-52 -2.07976445e-52
 -3.32528446e-52 -5.31183840e-52 -8.47738219e-52 -1.35169595e-51
 -2.15325816e-51 -3.42698781e-51 -5.44913952e-51 -8.65648880e-51
 -1.37389541e-50 -2.17852841e-50 -3.45119945e-50 -5.46227791e-50
 -8.63722197e-50 -1.36449071e-49 -2.15358978e-49 -3.39586924e-49
 -5.34975907e-49 -8.42000772e-49 -1.32399238e-48 -2.07995024e-48
 -3.26448459e-48 -5.11882494e-48 -8.01899011e-48 -1.25505455e-47
 -1.96245109e-47 -3.06568967e-47 -4.78465309e-47 -7.46045728e-47
 -1.16217891e-46 -1.80872654e-46 -2.81232200e-46 -4.36866991e-46
 -6.77993174e-46 -1.05121892e-45 -1.62836828e-45 -2.52001764e-45
 -3.89624162e-45 -6.01837733e-45 -9.28761184e-45 -1.43192311e-44
 -2.20559733e-44 -3.39409144e-44 -5.21808961e-44 -8.01475243e-44
 -1.22986993e-43 -1.88546578e-43 -2.88780886e-43 -4.41884193e-43
 -6.75520671e-43 -1.03171299e-42 -1.57423352e-42 -2.39976849e-42
 -3.65476455e-42 -5.56082543e-42 -8.45296084e-42 -1.28371356e-41
 -1.94767739e-41 -2.95226595e-41 -4.47078148e-41 -6.76395744e-41
 -1.02236906e-40 -1.54384569e-40 -2.32910676e-40 -3.51046115e-40
 -5.28601237e-40 -7.95209142e-40 -1.19515354e-39 -1.79454827e-39
 -2.69200375e-39 -4.03445814e-39 -6.04065133e-39 -9.03589745e-39
 -1.35035437e-38 -2.01610490e-38 -3.00723504e-38 -4.48136658e-38
 -6.67179036e-38 -9.92345965e-38 -1.47459445e-37 -2.18912635e-37
 -3.24681681e-37 -4.81097880e-37 -7.12193127e-37 -1.05329681e-36
 -1.55629671e-36 -2.29732609e-36 -3.38798508e-36 -4.99170502e-36
 -7.34758975e-36 -1.08051159e-35 -1.58745890e-35 -2.33004368e-35
 -3.41675730e-35 -5.00556013e-35 -7.32621573e-35 -1.07126071e-34
 -1.56494505e-34 -2.28397547e-34 -3.33021441e-34 -4.85111263e-34
 -7.05990590e-34 -1.02646666e-33 -1.49100518e-33 -2.16372378e-33
 -3.13698781e-33 -4.54372653e-33 -6.57506223e-33 -9.50551982e-33
 -1.37290406e-32 -1.98103800e-32 -2.85583901e-32 -4.11303991e-32
 -5.91807418e-32 -8.50719049e-32 -1.22174389e-31 -1.75292143e-31
 -2.51265566e-31 -3.59825342e-31 -5.14800256e-31 -7.35824077e-31
 -1.05074531e-30 -1.49902593e-30 -2.13653025e-30 -3.04226580e-30
 -4.32786265e-30 -6.15089030e-30 -8.73354752e-30 -1.23888668e-29
 -1.75574186e-29 -2.48586720e-29 -3.51627927e-29 -4.96909121e-29
 -7.01550186e-29 -9.89529358e-29 -1.39439810e-28 -1.96305758e-28
 -2.76100662e-28 -3.87962730e-28 -5.44628936e-28 -7.63835008e-28
 -1.07025323e-27 -1.49817198e-27 -2.09519731e-27 -2.92736123e-27
 -4.08616439e-27 -5.69827595e-27 -7.93888011e-27 -1.10500217e-26
 -1.53657985e-26 -2.13469216e-26 -2.96280787e-26 -4.10827811e-26
 -5.69120581e-26 -7.87656486e-26 -1.08907433e-25 -1.50441028e-25
 -2.07617121e-25 -2.86251742e-25 -3.94294944e-25 -5.42603231e-25
 -7.45987650e-25 -1.02463454e-24 -1.40602952e-24 -1.92756032e-24
 -2.64003450e-24 -3.61242896e-24 -4.93829597e-24 -6.74439503e-24
 -9.20231231e-24 -1.25440859e-23 -1.70831971e-23 -2.32427421e-23
 -3.15932029e-23 -4.29030360e-23 -5.82063644e-23 -7.88934590e-23
 -1.06831567e-22 -1.44526096e-22 -1.95335429e-22 -2.63756907e-22
 -3.55807202e-22 -4.79527701e-22 -6.45655323e-22 -8.68512039e-22
 -1.16718318e-21 -1.56707674e-21 -2.10198484e-21 -2.81680615e-21
 -3.77113787e-21 -5.04400987e-21 -6.74011818e-21 -8.99802430e-21
 -1.20009293e-20 -1.59908172e-20 -2.12870023e-20 -2.83104270e-20
 -3.76154616e-20 -4.99314799e-20 -6.62171591e-20 -8.77313303e-20
 -1.16125327e-19 -1.53563233e-19 -2.02878306e-19 -2.67776239e-19
 -3.53099032e-19 -4.65167197e-19 -6.12223082e-19 -8.05004636e-19
 -1.05748722e-18 -1.38784172e-18 -1.81967074e-18 -2.38360205e-18
 -3.11934029e-18 -4.07830614e-18 -5.32702771e-18 -6.95149404e-18
 -9.06273789e-18 -1.18039877e-17 -1.53598207e-17 -1.99678640e-17
 -2.59337393e-17 -3.36501294e-17 -4.36210792e-17 -5.64929353e-17
 -7.30936997e-17 -9.44830314e-17 -1.22015713e-16 -1.57422128e-16
 -2.02910194e-16 -2.61294353e-16 -3.36158623e-16 -4.32062489e-16
 -5.54800627e-16 -7.11730209e-16 -9.12182912e-16 -1.16798306e-15
 -1.49409850e-15 -1.90945751e-15 -2.43797275e-15 -3.10982375e-15
 -3.96306128e-15 -5.04561238e-15 -6.41778352e-15 -8.15538242e-15
 -1.03536072e-14 -1.31318867e-14 -1.66398980e-14 -2.10650399e-14
 -2.66417043e-14 -3.36627674e-14 -4.24938153e-14 -5.35907374e-14
 -6.75214624e-14 -8.49927827e-14 -1.06883425e-13 -1.34284775e-13
 -1.68550988e-13 -2.11360552e-13 -2.64791891e-13 -3.31416052e-13
 -4.14410274e-13 -5.17696950e-13 -6.46113506e-13 -8.05619845e-13
 -1.00355139e-12 -1.24892744e-12 -1.55282648e-12 -1.92884257e-12
 -2.39363968e-12 -2.96762422e-12 -3.67576028e-12 -4.54855657e-12
 -5.62326008e-12 -6.94529812e-12 -8.57001873e-12 -1.05647886e-11
 -1.30115194e-11 -1.60097069e-11 -1.96800829e-11 -2.41689978e-11
 -2.96536761e-11 -3.63485107e-11 -4.45125928e-11 -5.44587110e-11
 -6.65640934e-11 -8.12832180e-11 -9.91630705e-11 -1.20861299e-10
 -1.47167790e-10 -1.79030286e-10 -2.17584760e-10 -2.64191402e-10
 -3.20477194e-10 -3.88386236e-10 -4.70239155e-10 -5.68803174e-10
 -6.87374641e-10 -8.29876142e-10 -1.00097064e-09 -1.20619548e-09
 -1.45211949e-09 -1.74652708e-09 -2.09863357e-09 -2.51933684e-09
 -3.02151112e-09 -3.62034956e-09 -4.33376316e-09 -5.18284489e-09
 -6.19240895e-09 -7.39161673e-09 -8.81470237e-09 -1.05018130e-08
 -1.24999806e-08 -1.48642443e-08 -1.76589463e-08 -2.09592243e-08
 -2.48527302e-08 -2.94416065e-08 -3.48447549e-08 -4.12004398e-08
 -4.86692703e-08 -5.74376125e-08 -6.77214897e-08 -7.97710346e-08
 -9.38755647e-08 -1.10369363e-07 -1.29638252e-07 -1.52127061e-07
 -1.78348099e-07 -2.08890753e-07 -2.44432355e-07 -2.85750460e-07
 -3.33736710e-07 -3.89412461e-07 -4.53946381e-07 -5.28674239e-07
 -6.15121131e-07 -7.15026406e-07 -8.30371594e-07 -9.63411639e-07
 -1.11670980e-06 -1.29317661e-06 -1.49611322e-06 -1.72925971e-06
 -1.99684876e-06 -2.30366513e-06 -2.65511168e-06 -3.05728237e-06
 -3.51704293e-06 -4.04211992e-06 -4.64119884e-06 -5.32403209e-06
 -6.10155762e-06 -6.98602906e-06 -7.99115835e-06 -9.13227169e-06
 -1.04264800e-05 -1.18928647e-05 -1.35526801e-05 -1.54295736e-05
 -1.75498247e-05 -1.99426042e-05 -2.26402554e-05 -2.56785979e-05
 -2.90972576e-05 -3.29400229e-05 -3.72552333e-05 -4.20962013e-05
 -4.75216769e-05 -5.35963626e-05 -6.03914934e-05 -6.79855038e-05
 -7.64648123e-05 -8.59247739e-05 -9.64708657e-05 -1.08220210e-04
 -1.21303570e-04 -1.35868016e-04 -1.52080518e-04 -1.70132806e-04
 -1.90247940e-04 -2.12689112e-04 -2.37771343e-04 -2.65876786e-04
 -2.97474428e-04 -3.33144967e-04 -3.73611550e-04 -4.19776787e-04
 -4.72766097e-04 -5.33976760e-04 -6.05131247e-04 -6.88332251e-04
 -7.86115589e-04 -9.01495684e-04 -1.03799690e-03 -1.19966278e-03
 -1.39103427e-03 -1.61708801e-03 -1.88312612e-03 -2.19461122e-03
 -2.55694316e-03 -2.97517872e-03 -3.45370084e-03 -3.99585093e-03
 -4.60354395e-03 -5.27689279e-03 -6.01387322e-03 -6.81006369e-03
 -7.65849405e-03 -8.54963371e-03 -9.47154263e-03 -1.04101973e-02
 -1.13499907e-02 -1.22743892e-02 -1.31667145e-02 -1.40110046e-02
 -1.47928966e-02 -1.55004677e-02 -1.61249728e-02 -1.66614181e-02
 -1.71089279e-02 -1.74708711e-02 -1.77547396e-02 -1.79717861e-02
 -1.81364529e-02 -1.82656351e-02 -1.83778371e-02 -1.84922853e-02
 -1.86280596e-02 -1.88033023e-02 -1.90345499e-02 -1.93362214e-02
 -1.97202795e-02 -2.01960683e-02 -2.07703137e-02 -2.14472647e-02
 -2.22289459e-02 -2.31154856e-02 -2.41054868e-02 -2.51964081e-02
 -2.63849298e-02 -2.76672828e-02 -2.90395289e-02 -3.04977838e-02
 -3.20383824e-02 -3.36579896e-02 -3.53536627e-02 -3.71228732e-02
 -3.89634993e-02 -4.08737947e-02 -4.28523441e-02 -4.48980122e-02
 -4.70098899e-02 -4.91872430e-02 -5.14294657e-02 -5.37360405e-02
 -5.61065044e-02 -5.85404223e-02 -6.10373669e-02 -6.35969040e-02
 -6.62185828e-02 -6.89019304e-02 -7.16464496e-02 -7.44516191e-02
 -7.73168961e-02 -8.02417200e-02 -8.32255178e-02 -8.62677097e-02
 -8.93677160e-02 -9.25249633e-02 -9.57388920e-02 -9.90089631e-02
 -1.02334665e-01 -1.05715520e-01 -1.09151092e-01 -1.12640989e-01
 -1.16184871e-01 -1.19782457e-01 -1.23433522e-01 -1.27137907e-01
 -1.30895519e-01 -1.34706328e-01 -1.38570377e-01 -1.42487770e-01
 -1.46458680e-01 -1.50483337e-01 -1.54562031e-01 -1.58695102e-01
 -1.62882936e-01 -1.67125954e-01 -1.71424603e-01 -1.75779348e-01
 -1.80190658e-01 -1.84658992e-01 -1.89184786e-01 -1.93768439e-01
 -1.98410292e-01 -2.03110616e-01 -2.07869591e-01 -2.12687288e-01
 -2.17563649e-01 -2.22498468e-01 -2.27491369e-01 -2.32541789e-01
 -2.37648953e-01 -2.42811859e-01 -2.48029254e-01 -2.53299616e-01
 -2.58621135e-01 -2.63991698e-01 -2.69408866e-01 -2.74869864e-01
 -2.80371563e-01 -2.85910470e-01 -2.91482715e-01 -2.97084040e-01
 -3.02709797e-01 -3.08354935e-01 -3.14014003e-01 -3.19681149e-01
 -3.25350115e-01 -3.31014249e-01 -3.36666506e-01 -3.42299461e-01
 -3.47905317e-01 -3.53475921e-01 -3.59002781e-01 -3.64477086e-01
 -3.69889725e-01 -3.75231315e-01 -3.80492225e-01 -3.85662604e-01
 -3.90732416e-01 -3.95691471e-01 -4.00529455e-01 -4.05235976e-01
 -4.09800593e-01 -4.14212860e-01 -4.18462366e-01 -4.22538772e-01
 -4.26431859e-01 -4.30131564e-01 -4.33628026e-01 -4.36911628e-01
 -4.39973037e-01 -4.42803245e-01 -4.45393611e-01 -4.47735902e-01
 -4.49822324e-01 -4.51645569e-01 -4.53198838e-01 -4.54475885e-01
 -4.55471039e-01 -4.56179239e-01 -4.56596054e-01 -4.56717711e-01
 -4.56541112e-01 -4.56063856e-01 -4.55284248e-01 -4.54201314e-01
 -4.52814809e-01 -4.51125222e-01 -4.49133778e-01 -4.46842435e-01
 -4.44253882e-01 -4.41371530e-01 -4.38199503e-01 -4.34742620e-01
 -4.31006383e-01 -4.26996956e-01 -4.22721138e-01 -4.18186346e-01
 -4.13400582e-01 -4.08372404e-01 -4.03110895e-01 -3.97625631e-01
 -3.91926641e-01 -3.86024374e-01 -3.79929659e-01 -3.73653665e-01
 -3.67207864e-01 -3.60603983e-01 -3.53853972e-01 -3.46969952e-01
 -3.39964181e-01 -3.32849009e-01 -3.25636838e-01 -3.18340079e-01
 -3.10971115e-01 -3.03542260e-01 -2.96065721e-01 -2.88553563e-01
 -2.81017672e-01 -2.73469723e-01 -2.65921146e-01 -2.58383097e-01
 -2.50866430e-01 -2.43381670e-01 -2.35938986e-01 -2.28548176e-01
 -2.21218640e-01 -2.13959363e-01 -2.06778902e-01 -1.99685373e-01
 -1.92686435e-01 -1.85789284e-01 -1.79000648e-01 -1.72326776e-01
 -1.65773441e-01 -1.59345937e-01 -1.53049079e-01 -1.46887207e-01
 -1.40864190e-01 -1.34983433e-01 -1.29247884e-01 -1.23660043e-01
 -1.18221974e-01 -1.12935317e-01 -1.07801299e-01 -1.02820749e-01
 -9.79941151e-02 -9.33214769e-02 -8.88025640e-02 -8.44367729e-02
 -8.02231841e-02 -7.61605803e-02 -7.22474646e-02 -6.84820790e-02
 -6.48624226e-02 -6.13862700e-02 -5.80511901e-02 -5.48545639e-02
 -5.17936026e-02 -4.88653650e-02 -4.60667750e-02 -4.33946382e-02
 -4.08456586e-02 -3.84164535e-02 -3.61035696e-02 -3.39034971e-02
 -3.18126836e-02 -2.98275474e-02 -2.79444903e-02 -2.61599089e-02
 -2.44702062e-02 -2.28718019e-02 -2.13611419e-02 -1.99347074e-02
 -1.85890231e-02 -1.73206647e-02 -1.61262660e-02 -1.50025244e-02
 -1.39462074e-02 -1.29541563e-02 -1.20232916e-02 -1.11506156e-02
 -1.03332163e-02 -9.56826960e-03 -8.85304111e-03 -8.18488813e-03
 -7.56126043e-03 -6.97970106e-03 -6.43784652e-03 -5.93342668e-03
 -5.46426435e-03 -5.02827451e-03 -4.62346323e-03 -4.24792640e-03
 -3.89984821e-03 -3.57749935e-03 -3.27923514e-03 -3.00349345e-03
 -2.74879246e-03 -2.51372833e-03 -2.29697282e-03 -2.09727072e-03
 -1.91343738e-03 -1.74435605e-03 -1.58897525e-03 -1.44630619e-03
 -1.31542010e-03 -1.19544559e-03 -1.08556608e-03 -9.85017235e-04
 -8.93084395e-04 -8.09100149e-04 -7.32441878e-04 -6.62529409e-04
 -5.98822705e-04 -5.40819648e-04 -4.88053877e-04 -4.40092711e-04
 -3.96535147e-04 -3.57009934e-04 -3.21173729e-04 -2.88709337e-04
 -2.59324019e-04 -2.32747893e-04 -2.08732403e-04 -1.87048868e-04
 -1.67487113e-04 -1.49854161e-04 -1.33973009e-04 -1.19681471e-04
 -1.06831080e-04 -9.52860709e-05 -8.49224110e-05 -7.56269018e-05
 -6.72963328e-05 -5.98366931e-05 -5.31624352e-05 -4.71957883e-05
 -4.18661205e-05 -3.71093450e-05 -3.28673700e-05 -2.90875883e-05
 -2.57224050e-05 -2.27288009e-05 -2.00679297e-05 -1.77047465e-05
 -1.56076656e-05 -1.37482456e-05 -1.21009011e-05 -1.06426366e-05
 -9.35280435e-06 -8.21288159e-06 -7.20626732e-06 -6.31809672e-06
 -5.53507189e-06 -4.84530765e-06 -4.23819117e-06 -3.70425455e-06
 -3.23505894e-06 -2.82308963e-06 -2.46166092e-06 -2.14483007e-06
 -1.86731954e-06 -1.62444679e-06 -1.41206091e-06 -1.22648564e-06
 -1.06446797e-06 -9.23132036e-07 -7.99937658e-07 -6.92643170e-07
 -5.99272107e-07 -5.18083387e-07 -4.47544643e-07 -3.86308403e-07
 -3.33190830e-07 -2.87152777e-07 -2.47282905e-07 -2.12782674e-07
 -1.82952996e-07 -1.57182388e-07 -1.34936467e-07 -1.15748636e-07
 -9.92118438e-08 -8.49712985e-08 -7.27180265e-08 -6.21831913e-08
 -5.31330840e-08 -4.53647097e-08 -3.87019049e-08 -3.29919239e-08
 -2.81024405e-08 -2.39189177e-08 -2.03423025e-08 -1.72870061e-08
 -1.46791381e-08 -1.24549625e-08 -1.05595493e-08 -8.94559924e-09
 -7.57241813e-09 -6.40502501e-09 -5.41337567e-09 -4.57168815e-09
 -3.85785699e-09 -3.25294518e-09 -2.74074392e-09 -2.30739139e-09
 -1.94104306e-09 -1.63158674e-09 -1.37039656e-09 -1.15012077e-09
 -9.64498873e-10 -8.08204192e-10 -6.76708400e-10 -5.66165146e-10
 -4.73310117e-10 -3.95375304e-10 -3.30015535e-10 -2.75245561e-10
 -2.29386238e-10 -1.91018525e-10 -1.58944209e-10 -1.32152391e-10
 -1.09790923e-10 -9.11420815e-11 -7.56018708e-11 -6.26624306e-11
 -5.18970922e-11 -4.29476997e-11 -3.55138605e-11 -2.93438406e-11
 -2.42268595e-11 -1.99865751e-11 -1.64755808e-11 -1.35707604e-11
 -1.11693712e-11 -9.18574450e-12 -7.54850753e-12 -6.19824755e-12
 -5.08554893e-12 -4.16934517e-12 -3.41553672e-12 -2.79583258e-12
 -2.28678038e-12 -1.86895502e-12 -1.52628042e-12 -1.24546324e-12
 -1.01552025e-12 -8.27384450e-13 -6.73576950e-13 -5.47933903e-13
 -4.45379501e-13 -3.61737363e-13 -2.93574012e-13 -2.38069051e-13
 -1.92907614e-13 -1.56191319e-13 -1.26364623e-13 -1.02153963e-13
 -8.25174926e-14 -6.66036335e-14 -5.37168968e-14 -4.32897426e-14
 -3.48594223e-14 -2.80489405e-14 -2.25514168e-14 -1.81172508e-14
 -1.45435978e-14 -1.16657458e-14 -9.35005695e-15 -7.48819418e-15
 -5.99240329e-15 -4.79166077e-15 -3.82853118e-15 -3.05660562e-15
 -2.43841556e-15 -1.94373533e-15 -1.54820202e-15 -1.23219439e-15
 -9.79922920e-16 -7.78691977e-16 -6.18301897e-16 -4.90564991e-16
 -3.88914038e-16 -3.08085870e-16 -2.43865877e-16 -1.92881860e-16
 -1.52437856e-16 -1.20380286e-16 -9.49902437e-17 -7.48968804e-17
 -5.90078173e-17 -4.64532887e-17 -3.65413406e-17 -2.87219274e-17
 -2.25581655e-17 -1.77033343e-17 -1.38824928e-17 -1.08777967e-17
 -8.51678168e-18 -6.66302104e-18 -5.20868326e-18 -4.06860761e-18
 -3.17559244e-18 -2.47665097e-18 -1.93003839e-18 -1.50289342e-18
 -1.16936883e-18 -9.09150823e-19 -7.06287393e-19 -5.48261900e-19
 -4.25261213e-19 -3.29598005e-19 -2.55255125e-19 -1.97526541e-19
 -1.52734639e-19 -1.18007802e-19 -9.11055834e-20 -7.02813929e-20
 -5.41747381e-20 -4.17267323e-20 -3.21138981e-20 -2.46963499e-20
 -1.89772643e-20 -1.45712074e-20 -1.11794018e-20 -8.57043146e-21
 -6.56519910e-21 -5.02520994e-21 -3.84345335e-21 -2.93731222e-21
 -2.24305387e-21 -1.71155315e-21 -1.30497494e-21 -9.94202945e-22
 -7.56848604e-22 -5.75710404e-22 -4.37582793e-22 -3.32336076e-22
 -2.52206243e-22 -1.91247283e-22 -1.44909150e-22 -1.09712835e-22
 -8.30003953e-23 -6.27428119e-23 -4.73924205e-23 -3.57696669e-23
 -2.69762760e-23 -2.03287273e-23 -1.53073312e-23 -1.15172784e-23
 -8.65887241e-24 -6.50479946e-24 -4.88278473e-24 -3.66237101e-24
 -2.74484732e-24 -2.05558359e-24 -1.53820134e-24 -1.15014427e-24
 -8.59315317e-25 -6.41525433e-25 -4.78559893e-25 -3.56713720e-25
 -2.65683401e-25 -1.97728888e-25 -1.47040483e-25 -1.09260910e-25
 -8.11248298e-26 -6.01871638e-26 -4.46185089e-26 -3.30512068e-26
 -2.44636178e-26 -1.80931899e-26 -1.33712095e-26 -9.87386847e-27
 -7.28559587e-27 -5.37160305e-27 -3.95734433e-27 -2.91316352e-27
 -2.14282635e-27 -1.57496240e-27 -1.15668338e-27 -8.48828387e-28
 -6.22424084e-28 -4.56051593e-28 -3.33889422e-28 -2.44260047e-28
 -1.78551420e-28 -1.30417320e-28 -9.51849601e-29 -6.94164638e-29
 -5.05845317e-29 -3.68327442e-29 -2.67985634e-29 -1.94827404e-29
 -1.41530379e-29 -1.02733099e-29 -7.45130262e-30 -5.40026547e-30
 -3.91074152e-30 -2.82985516e-30 -2.04611670e-30 -1.47828335e-30
 -1.06720061e-30 -7.69831251e-31 -5.54888986e-31 -3.99648113e-31
 -2.87614332e-31 -2.06825638e-31 -1.48613861e-31 -1.06702687e-31]
symrep = 0 - 0.44*np.exp(-(x-2.9807999999999995)**2/(2*1.4333333333333333**2))- 0.01*np.exp(-(x--2.58174)**2/(2*0.3666666666666667**2))- 0.1*np.exp(-(x-0.46331999999999995)**2/(2*1.3**2))
    