energies = {0: [], 1: [], 2: []}
wfns = {0: [], 1: [], 2: []}
KEDs = {0: [], 1: [], 2: []}
v = [-5.14585599e-59 -7.99819170e-59 -1.24223086e-58 -1.92792060e-58
 -2.98986994e-58 -4.63331444e-58 -7.17476326e-58 -1.11019611e-57
 -1.71659622e-57 -2.65224063e-57 -4.09481251e-57 -6.31729915e-57
 -9.73879420e-57 -1.50022106e-56 -2.30930689e-56 -3.55209334e-56
 -5.45963250e-56 -8.38530331e-56 -1.28691679e-55 -1.97359701e-55
 -3.02442499e-55 -4.63130602e-55 -7.08664152e-55 -1.08356202e-54
 -1.65555422e-54 -2.52760593e-54 -3.85612983e-54 -5.87855050e-54
 -8.95499160e-54 -1.36312737e-53 -2.07340439e-53 -3.15143182e-53
 -4.78639066e-53 -7.26414814e-53 -1.10163460e-52 -1.66942443e-52
 -2.52797215e-52 -3.82519987e-52 -5.78378715e-52 -8.73869931e-52
 -1.31934269e-51 -1.99042013e-51 -3.00060081e-51 -4.52009968e-51
 -6.80399720e-51 -1.02342628e-50 -1.53824434e-50 -2.31031082e-50
 -3.46730322e-50 -5.19983493e-50 -7.79226323e-50 -1.16684722e-49
 -1.74598578e-49 -2.61062044e-49 -3.90052520e-49 -5.82342875e-49
 -8.68781908e-49 -1.29514709e-48 -1.92931768e-48 -2.87186962e-48
 -4.27171252e-48 -6.34915077e-48 -9.42986742e-48 -1.39949663e-47
 -2.07546040e-47 -3.07562491e-47 -4.55437317e-47 -6.73907328e-47
 -9.96432925e-47 -1.47221854e-46 -2.17356595e-46 -3.20663616e-46
 -4.72718797e-46 -6.96357700e-46 -1.02503387e-45 -1.50771889e-45
 -2.21604644e-45 -3.25472024e-45 -4.77666513e-45 -7.00506630e-45
 -1.02654036e-44 -1.50319780e-44 -2.19954352e-44 -3.21606864e-44
 -4.69888033e-44 -6.86024748e-44 -1.00083274e-43 -1.45901431e-43
 -2.12536695e-43 -3.09374574e-43 -4.49999092e-43 -6.54056070e-43
 -9.49936658e-43 -1.37863925e-42 -1.99932296e-42 -2.89728750e-42
 -4.19543073e-42 -6.07068701e-42 -8.77759328e-42 -1.26820479e-41
 -1.83096333e-41 -2.64147333e-41 -3.80793159e-41 -5.48540084e-41
 -7.89594154e-41 -1.13573185e-40 -1.63239030e-40 -2.34449081e-40
 -3.36472353e-40 -4.82532490e-40 -6.91480695e-40 -9.90170271e-40
 -1.41682441e-39 -2.02580903e-39 -2.89439165e-39 -4.13230545e-39
 -5.89527216e-39 -8.40410805e-39 -1.19716971e-38 -1.70410415e-38
 -2.42388981e-38 -3.44513256e-38 -4.89300122e-38 -6.94418106e-38
 -9.84788734e-38 -1.39553724e-37 -1.97613275e-37 -2.79619286e-37
 -3.95361571e-37 -5.58596370e-37 -7.88638708e-37 -1.11258805e-36
 -1.56843679e-36 -2.20940825e-36 -3.11000615e-36 -4.37444386e-36
 -6.14838099e-36 -8.63525206e-36 -1.21189667e-35 -1.69954429e-35
 -2.38163776e-35 -3.33499549e-35 -4.66649837e-35 -6.52474150e-35
 -9.11615763e-35 -1.27273113e-34 -1.77557013e-34 -2.47522862e-34
 -3.44801487e-34 -4.79953614e-34 -6.67583703e-34 -9.27872941e-34
 -1.28868751e-33 -1.78847573e-33 -2.48024628e-33 -3.43702654e-33
 -4.75934613e-33 -6.58548885e-33 -9.10552667e-33 -1.25805158e-32
 -1.73687333e-32 -2.39615094e-32 -3.30321255e-32 -4.55024930e-32
 -6.26340058e-32 -8.61512352e-32 -1.18410210e-31 -1.62627176e-31
 -2.23189322e-31 -3.06076530e-31 -4.19433361e-31 -5.74344193e-31
 -7.85882871e-31 -1.07453294e-30 -1.46810789e-30 -2.00434525e-30
 -2.73440863e-30 -3.72761135e-30 -5.07778324e-30 -6.91184538e-30
 -9.40134943e-30 -1.27779946e-29 -1.73544769e-29 -2.35524820e-29
 -3.19402387e-29 -4.32828608e-29 -5.86097788e-29 -7.93049930e-29
 -1.07227777e-28 -1.44873983e-28 -1.95591430e-28 -2.63867296e-28
 -3.55711278e-28 -4.79166037e-28 -6.44986678e-28 -8.67544549e-28
 -1.16602846e-27 -1.56603996e-27 -2.10171030e-27 -2.81850746e-27
 -3.77695534e-27 -5.05755757e-27 -6.76731113e-27 -9.04831636e-27
 -1.20891491e-26 -1.61398693e-26 -2.15318140e-26 -2.87036780e-26
 -3.82358546e-26 -5.08956165e-26 -6.76965100e-26 -8.99763777e-26
 -1.19499766e-25 -1.58592238e-25 -2.10316393e-25 -2.78702360e-25
 -3.69049389e-25 -4.88320167e-25 -6.45655944e-25 -8.53048986e-25
 -1.12621968e-24 -1.48575971e-24 -1.95862082e-24 -2.58005212e-24
 -3.39611914e-24 -4.46697661e-24 -5.87111739e-24 -7.71088407e-24
 -1.01196131e-23 -1.32708874e-23 -1.73905111e-23 -2.27719935e-23
 -2.97965568e-23 -3.89589671e-23 -5.09008591e-23 -6.64536919e-23
 -8.66940794e-23 -1.13015000e-22 -1.47217373e-22 -1.91627732e-22
 -2.49249320e-22 -3.23955925e-22 -4.20740382e-22 -5.46032875e-22
 -7.08108338e-22 -9.17607491e-22 -1.18820265e-21 -1.53744789e-21
 -1.98786377e-21 -2.56832014e-21 -3.31579765e-21 -4.27762988e-21
 -5.51435492e-21 -7.10333912e-21 -9.14337868e-21 -1.17605380e-20
 -1.51155514e-20 -1.94131998e-20 -2.49141789e-20 -3.19501099e-20
 -4.09425095e-20 -5.24267438e-20 -6.70822521e-20 -8.57706515e-20
 -1.09583737e-19 -1.39903903e-19 -1.78480131e-19 -2.27523492e-19
 -2.89827065e-19 -3.68916396e-19 -4.69238135e-19 -5.96396335e-19
 -7.57448232e-19 -9.61274165e-19 -1.21903987e-18 -1.54477371e-18
 -1.95608696e-18 -2.47507160e-18 -3.12941891e-18 -3.95381150e-18
 -4.99165479e-18 -6.29722846e-18 -7.93835798e-18 -9.99972909e-18
 -1.25869965e-17 -1.58318736e-17 -1.98984314e-17 -2.49908882e-17
 -3.13632361e-17 -3.93311247e-17 -4.92865238e-17 -6.17157960e-17
 -7.72219573e-17 -9.65520724e-17 -1.20630942e-16 -1.50602493e-16
 -1.87880596e-16 -2.34211394e-16 -2.91749711e-16 -3.63152613e-16
 -4.51693911e-16 -5.61404156e-16 -6.97241671e-16 -8.65301328e-16
 -1.07306920e-15 -1.32973290e-15 -1.64655947e-15 -2.03735520e-15
 -2.51902460e-15 -3.11224938e-15 -3.84231259e-15 -4.74009802e-15
 -5.84330123e-15 -7.19789576e-15 -8.85990683e-15 -1.08975553e-14
 -1.33938470e-14 -1.64496972e-14 -2.01876985e-14 -2.47566591e-14
 -3.03370669e-14 -3.71476605e-14 -4.54533269e-14 -5.55745835e-14
 -6.78989554e-14 -8.28946145e-14 -1.01126715e-13 -1.23276949e-13
 -1.50166927e-13 -1.82786128e-13 -2.22325279e-13 -2.70216198e-13
 -3.28179360e-13 -3.98280658e-13 -4.82999234e-13 -5.85308659e-13
 -7.08774447e-13 -8.57671917e-13 -1.03713006e-12 -1.25330992e-12
 -1.51363076e-12 -1.82706604e-12 -2.20454633e-12 -2.65953393e-12
 -3.20888267e-12 -3.87418367e-12 -4.68395210e-12 -5.67728103e-12
 -6.91006182e-12 -8.46568933e-12 -1.04735759e-11 -1.31411897e-11
 -1.68093661e-11 -2.20473834e-11 -2.98154590e-11 -4.17406509e-11
 -6.05819403e-11 -9.10082718e-11 -1.40889891e-10 -2.23424322e-10
 -3.60607667e-10 -5.88855302e-10 -9.68026153e-10 -1.59578826e-09
 -2.63029079e-09 -4.32563594e-09 -7.08689323e-09 -1.15546731e-08
 -1.87339907e-08 -3.01888609e-08 -4.83335061e-08 -7.68641845e-08
 -1.21393663e-07 -1.90374788e-07 -2.96432287e-07 -4.58264997e-07
 -7.03336772e-07 -1.07164593e-06 -1.62095333e-06 -2.43396054e-06
 -3.62806471e-06 -5.36847652e-06 -7.88567259e-06 -1.14983610e-05
 -1.66433620e-05 -2.39140379e-05 -3.41091274e-05 -4.82940328e-05
 -6.78767424e-05 -9.47006097e-05 -1.31156109e-04 -1.80313403e-04
 -2.46077017e-04 -3.33363091e-04 -4.48298499e-04 -5.98439541e-04
 -7.93005932e-04 -1.04312342e-03 -1.36206558e-03 -1.76548230e-03
 -2.27159927e-03 -2.90136959e-03 -3.67855582e-03 -4.62971860e-03
 -5.78408645e-03 -7.17328165e-03 -8.83087853e-03 -1.07917743e-02
 -1.30913581e-02 -1.57644729e-02 -1.88441741e-02 -2.23603017e-02
 -2.63378978e-02 -3.07955134e-02 -3.57434677e-02 -4.11821305e-02
 -4.71003168e-02 -5.34738851e-02 -6.02646363e-02 -6.74196098e-02
 -7.48708602e-02 -8.25357887e-02 -9.03180778e-02 -9.81092523e-02
 -1.05790860e-01 -1.13237230e-01 -1.20318730e-01 -1.26905416e-01
 -1.32870937e-01 -1.38096533e-01 -1.42474944e-01 -1.45914071e-01
 -1.48340189e-01 -1.49700578e-01 -1.49965427e-01 -1.49128921e-01
 -1.47209452e-01 -1.44248950e-01 -1.40311361e-01 -1.35480349e-01
 -1.29856345e-01 -1.23553081e-01 -1.16693776e-01 -1.09407160e-01
 -1.01823502e-01 -9.40708219e-02 -8.62714271e-02 -7.85389047e-02
 -7.09756565e-02 -6.36710376e-02 -5.67001229e-02 -5.01230911e-02
 -4.39851904e-02 -3.83172214e-02 -3.31364605e-02 -2.84479290e-02
 -2.42459140e-02 -2.05156432e-02 -1.72350256e-02 -1.43763762e-02
 -1.19080591e-02 -9.79599475e-03 -8.00499429e-03 -6.49989755e-03
 -5.24650396e-03 -4.21229811e-03 -3.36698020e-03 -2.68281888e-03
 -2.13484857e-03 -1.70093591e-03 -1.36174079e-03 -1.10059667e-03
 -9.03333032e-04 -7.58060332e-04 -6.54934517e-04 -5.85915279e-04
 -5.44528843e-04 -5.25643264e-04 -5.25261618e-04 -5.40336257e-04
 -5.68605541e-04 -6.08453102e-04 -6.58788670e-04 -7.18948853e-04
 -7.88615840e-04 -8.67751813e-04 -9.56546838e-04 -1.05537810e-03
 -1.16477846e-03 -1.28541266e-03 -1.41805951e-03 -1.56359880e-03
 -1.72300191e-03 -1.89732503e-03 -2.08770442e-03 -2.29535304e-03
 -2.52155804e-03 -2.76767882e-03 -3.03514526e-03 -3.32545606e-03
 -3.64017670e-03 -3.98093724e-03 -4.34942951e-03 -4.74740383e-03
 -5.17666501e-03 -5.63906771e-03 -6.13651096e-03 -6.67093188e-03
 -7.24429859e-03 -7.85860214e-03 -8.51584765e-03 -9.21804441e-03
 -9.96719515e-03 -1.07652844e-02 -1.16142657e-02 -1.25160486e-02
 -1.34724839e-02 -1.44853489e-02 -1.55563316e-02 -1.66870140e-02
 -1.78788556e-02 -1.91331757e-02 -2.04511358e-02 -2.18337214e-02
 -2.32817243e-02 -2.47957245e-02 -2.63760723e-02 -2.80228713e-02
 -2.97359614e-02 -3.15149031e-02 -3.33589618e-02 -3.52670947e-02
 -3.72379375e-02 -3.92697936e-02 -4.13606246e-02 -4.35080425e-02
 -4.57093043e-02 -4.79613085e-02 -5.02605942e-02 -5.26033419e-02
 -5.49853782e-02 -5.74021818e-02 -5.98488928e-02 -6.23203248e-02
 -6.48109801e-02 -6.73150665e-02 -6.98265182e-02 -7.23390186e-02
 -7.48460258e-02 -7.73408007e-02 -7.98164374e-02 -8.22658954e-02
 -8.46820341e-02 -8.70576491e-02 -8.93855092e-02 -9.16583956e-02
 -9.38691413e-02 -9.60106710e-02 -9.80760416e-02 -1.00058483e-01
 -1.01951436e-01 -1.03748594e-01 -1.05443941e-01 -1.07031784e-01
 -1.08506792e-01 -1.09864029e-01 -1.11098979e-01 -1.12207582e-01
 -1.13186249e-01 -1.14031893e-01 -1.14741941e-01 -1.15314351e-01
 -1.15747624e-01 -1.16040809e-01 -1.16193510e-01 -1.16205885e-01
 -1.16078638e-01 -1.15813019e-01 -1.15410807e-01 -1.14874296e-01
 -1.14206279e-01 -1.13410027e-01 -1.12489261e-01 -1.11448128e-01
 -1.10291171e-01 -1.09023300e-01 -1.07649752e-01 -1.06176062e-01
 -1.04608025e-01 -1.02951656e-01 -1.01213158e-01 -9.93988789e-02
 -9.75152748e-02 -9.55688739e-02 -9.35662381e-02 -9.15139280e-02
 -8.94184672e-02 -8.72863101e-02 -8.51238098e-02 -8.29371883e-02
 -8.07325095e-02 -7.85156531e-02 -7.62922924e-02 -7.40678729e-02
 -7.18475948e-02 -6.96363967e-02 -6.74389434e-02 -6.52596147e-02
 -6.31024974e-02 -6.09713800e-02 -5.88697490e-02 -5.68007882e-02
 -5.47673793e-02 -5.27721053e-02 -5.08172553e-02 -4.89048313e-02
 -4.70365556e-02 -4.52138814e-02 -4.34380026e-02 -4.17098660e-02
 -4.00301838e-02 -3.83994467e-02 -3.68179384e-02 -3.52857491e-02
 -3.38027903e-02 -3.23688094e-02 -3.09834043e-02 -2.96460374e-02
 -2.83560504e-02 -2.71126772e-02 -2.59150579e-02 -2.47622515e-02
 -2.36532475e-02 -2.25869783e-02 -2.15623295e-02 -2.05781501e-02
 -1.96332622e-02 -1.87264694e-02 -1.78565649e-02 -1.70223385e-02
 -1.62225834e-02 -1.54561013e-02 -1.47217081e-02 -1.40182379e-02
 -1.33445466e-02 -1.26995157e-02 -1.20820540e-02 -1.14911003e-02
 -1.09256248e-02 -1.03846302e-02 -9.86715239e-03 -9.37226122e-03
 -8.89906016e-03 -8.44668636e-03 -8.01431019e-03 -7.60113458e-03
 -7.20639432e-03 -6.82935506e-03 -6.46931235e-03 -6.12559048e-03
 -5.79754137e-03 -5.48454331e-03 -5.18599982e-03 -4.90133835e-03
 -4.63000913e-03 -4.37148401e-03 -4.12525526e-03 -3.89083452e-03
 -3.66775176e-03 -3.45555424e-03 -3.25380565e-03 -3.06208520e-03
 -2.87998681e-03 -2.70711838e-03 -2.54310108e-03 -2.38756878e-03
 -2.24016742e-03 -2.10055450e-03 -1.96839864e-03 -1.84337916e-03
 -1.72518567e-03 -1.61351776e-03 -1.50808467e-03 -1.40860506e-03
 -1.31480671e-03 -1.22642634e-03 -1.14320941e-03 -1.06490991e-03
 -9.91290205e-04 -9.22120877e-04 -8.57180581e-04 -7.96255897e-04
 -7.39141195e-04 -6.85638497e-04 -6.35557351e-04 -5.88714687e-04
 -5.44934692e-04 -5.04048669e-04 -4.65894896e-04 -4.30318488e-04
 -3.97171245e-04 -3.66311509e-04 -3.37604002e-04 -3.10919675e-04
 -2.86135546e-04 -2.63134529e-04 -2.41805274e-04 -2.22041994e-04
 -2.03744290e-04 -1.86816978e-04 -1.71169915e-04 -1.56717818e-04
 -1.43380091e-04 -1.31080646e-04 -1.19747725e-04 -1.09313727e-04
 -9.97150346e-05 -9.08918398e-05 -8.27879761e-05 -7.53507515e-05
 -6.85307850e-05 -6.22818465e-05 -5.65607005e-05 -5.13269537e-05
 -4.65429066e-05 -4.21734103e-05 -3.81857266e-05 -3.45493942e-05
 -3.12360983e-05 -2.82195464e-05 -2.54753476e-05 -2.29808982e-05
 -2.07152711e-05 -1.86591108e-05 -1.67945326e-05 -1.51050277e-05
 -1.35753715e-05 -1.21915376e-05 -1.09406162e-05 -9.81073613e-06
 -8.79099236e-06 -7.87137649e-06 -7.04271197e-06 -6.29659286e-06
 -5.62532644e-06 -5.02187924e-06 -4.47982664e-06 -3.99330563e-06
 -3.55697066e-06 -3.16595252e-06 -2.81582000e-06 -2.50254416e-06
 -2.22246523e-06 -1.97226178e-06 -1.74892224e-06 -1.54971841e-06
 -1.37218110e-06 -1.21407753e-06 -1.07339051e-06 -9.48299280e-07
 -8.37161852e-07 -7.38498770e-07 -6.50978219e-07 -5.73402356e-07
 -5.04694790e-07 -4.43889121e-07 -3.90118469e-07 -3.42605911e-07
 -3.00655755e-07 -2.63645595e-07 -2.31019077e-07 -2.02279326e-07
 -1.76982970e-07 -1.54734724e-07 -1.35182483e-07 -1.18012871e-07
 -1.02947229e-07 -8.97379764e-08 -7.81653375e-08 -6.80343857e-08
 -5.91723822e-08 -5.14263811e-08 -4.46610777e-08 -3.87568756e-08
 -3.36081528e-08 -2.91217086e-08 -2.52153723e-08 -2.18167594e-08
 -1.88621600e-08 -1.62955465e-08 -1.40676891e-08 -1.21353670e-08
 -1.04606674e-08 -9.01036112e-09 -7.75534860e-09 -6.67016804e-09
 -5.73255923e-09 -4.92307724e-09 -4.22475057e-09 -3.62277883e-09
 -3.10426575e-09 -2.65798355e-09 -2.27416519e-09 -1.94432138e-09
 -1.66107950e-09 -1.41804206e-09 -1.20966225e-09 -1.03113485e-09
 -8.78300502e-10 -7.47561831e-10 -6.35810113e-10 -5.40361088e-10
 -4.58898911e-10 -3.89427226e-10 -3.30226498e-10 -2.79816842e-10
 -2.36925665e-10 -2.00459521e-10 -1.69479663e-10 -1.43180812e-10
 -1.20872741e-10 -1.01964325e-10 -8.59497166e-11 -7.23964004e-11
 -6.09348605e-11 -5.12496606e-11 -4.30717473e-11 -3.61718158e-11
 -3.03545958e-11 -2.54539346e-11 -2.13285689e-11 -1.78584940e-11
 -1.49418466e-11 -1.24922319e-11 -1.04364339e-11 -8.71245480e-12
 -7.26783860e-12 -6.05823806e-12 -5.04619140e-12 -4.20007870e-12
 -3.49323225e-12 -2.90317902e-12 -2.41099604e-12 -2.00076233e-12
 -1.65909338e-12 -1.37474606e-12 -1.13828355e-12 -9.41791489e-13
 -7.78637626e-13 -6.43268574e-13 -5.31038010e-13 -4.38061619e-13
 -3.61094709e-13 -2.97429040e-13 -2.44805933e-13 -2.01343137e-13
 -1.65473346e-13 -1.35892532e-13 -1.11516583e-13 -9.14449324e-14
 -7.49300731e-14 -6.13520379e-14 -5.01970453e-14 -4.10396491e-14
 -3.35278302e-14 -2.73705536e-14 -2.23273941e-14 -1.81998924e-14
 -1.48243590e-14 -1.20658898e-14 -9.81339109e-15 -7.97544977e-15
 -6.47690587e-15 -5.25601154e-15 -4.26207767e-15 -3.45352602e-15
 -2.79627854e-15 -2.26242636e-15 -1.82913094e-15 -1.47771767e-15
 -1.19292862e-15 -9.62307292e-16 -7.75692188e-16 -6.24800521e-16
 -5.02886147e-16 -4.04458797e-16 -3.25053782e-16 -2.61043260e-16
 -2.09481691e-16 -1.67979382e-16 -1.34599118e-16 -1.07771709e-16
 -8.62270747e-17 -6.89380283e-17 -5.50744778e-17 -4.39661302e-17
 -3.50721523e-17 -2.79565078e-17 -2.22679248e-17 -1.77236390e-17
 -1.40962103e-17 -1.12028409e-17 -8.89672750e-18 -7.06006557e-18
 -5.59839458e-18 -4.43603126e-18 -3.51238421e-18 -2.77898215e-18
 -2.19707976e-18 -1.73573017e-18 -1.37023459e-18 -1.08089614e-18
 -8.52019093e-19 -6.71105832e-19 -5.28212924e-19 -4.15435262e-19
 -3.26493106e-19 -2.56401757e-19 -2.01207564e-19 -1.57777087e-19
 -1.23628866e-19 -9.67992885e-20 -7.57357215e-20 -5.92114496e-20
 -4.62580098e-20 -3.61114159e-20 -2.81694531e-20 -2.19577905e-20
 -1.71031137e-20 -1.33118389e-20 -1.03532631e-20 -8.04623601e-21
 -6.24862711e-21 -4.84900660e-21 -3.76008156e-21 -2.91352051e-21
 -2.25587597e-21 -1.74537472e-21 -1.34939304e-21 -1.04247243e-21
 -8.04761167e-22 -6.20791512e-22 -4.78520836e-22 -3.68580419e-22
 -2.83687363e-22 -2.18184575e-22 -1.67681219e-22 -1.28771906e-22
 -9.88175659e-23 -7.57745738e-23 -5.80616237e-23 -4.44560811e-23
 -3.40133571e-23 -2.60042388e-23 -1.98662143e-23 -1.51656982e-23
 -1.15687392e-23 -8.81832238e-24 -6.71679724e-24 -5.11228232e-24
 -3.88815656e-24 -2.95494215e-24 -2.24403975e-24 -1.70289720e-24
 -1.29128660e-24 -9.78437700e-25 -7.40832518e-25 -5.60509813e-25
 -4.23762700e-25 -3.20138981e-25 -2.41674435e-25 -1.82305257e-25
 -1.37418117e-25 -1.03505904e-25 -7.79045051e-26 -5.85917336e-26
 -4.40338285e-26 -3.30683762e-26 -2.48150764e-26 -1.86077854e-26
 -1.39428027e-26 -1.04395506e-26 -7.81069799e-27 -5.83948051e-27
 -4.36249462e-27 -3.25665625e-27 -2.42932298e-27 -1.81081850e-27
 -1.34877935e-27 -1.00388328e-27 -7.46623845e-28 -5.54877117e-28
 -4.12067249e-28 -3.05784668e-28 -2.26746001e-28 -1.68011842e-28
 -1.24398881e-28 -9.20384668e-29 -6.80453736e-29 -5.02694524e-29]
symrep = 0 - 0.03*np.exp(-(x-3.7135799999999994)**2/(2*1.4666666666666668**2))- 0.09*np.exp(-(x-2.8949399999999996)**2/(2*1.0666666666666667**2))- 0.15*np.exp(-(x--2.63304)**2/(2*0.46666666666666673**2))
    