energies = {0: [-0.2854801631246748], 1: [], 2: []}
wfns = {0: [array([ 0.00000000e+00,  6.99314725e-08,  1.39926963e-07,  2.10050547e-07,
        2.80366420e-07,  3.50938950e-07,  4.21832742e-07,  4.93112695e-07,
        5.64844061e-07,  6.37092506e-07,  7.09924168e-07,  7.83405721e-07,
        8.57604432e-07,  9.32588225e-07,  1.00842574e-06,  1.08518641e-06,
        1.16294050e-06,  1.24175918e-06,  1.32171461e-06,  1.40287999e-06,
        1.48532962e-06,  1.56913897e-06,  1.65438477e-06,  1.74114506e-06,
        1.82949924e-06,  1.91952822e-06,  2.01131441e-06,  2.10494182e-06,
        2.20049618e-06,  2.29806495e-06,  2.39773745e-06,  2.49960492e-06,
        2.60376063e-06,  2.71029991e-06,  2.81932030e-06,  2.93092159e-06,
        3.04520596e-06,  3.16227802e-06,  3.28224494e-06,  3.40521655e-06,
        3.53130541e-06,  3.66062697e-06,  3.79329959e-06,  3.92944473e-06,
        4.06918703e-06,  4.21265442e-06,  4.35997821e-06,  4.51129329e-06,
        4.66673818e-06,  4.82645516e-06,  4.99059045e-06,  5.15929431e-06,
        5.33272118e-06,  5.51102981e-06,  5.69438344e-06,  5.88294991e-06,
        6.07690184e-06,  6.27641680e-06,  6.48167741e-06,  6.69287158e-06,
        6.91019265e-06,  7.13383956e-06,  7.36401705e-06,  7.60093582e-06,
        7.84481276e-06,  8.09587113e-06,  8.35434076e-06,  8.62045825e-06,
        8.89446721e-06,  9.17661850e-06,  9.46717039e-06,  9.76638888e-06,
        1.00745479e-05,  1.03919295e-05,  1.07188242e-05,  1.10555313e-05,
        1.14023591e-05,  1.17596250e-05,  1.21276561e-05,  1.25067893e-05,
        1.28973717e-05,  1.32997607e-05,  1.37143249e-05,  1.41414436e-05,
        1.45815080e-05,  1.50349208e-05,  1.55020970e-05,  1.59834645e-05,
        1.64794638e-05,  1.69905490e-05,  1.75171880e-05,  1.80598628e-05,
        1.86190703e-05,  1.91953224e-05,  1.97891465e-05,  2.04010864e-05,
        2.10317021e-05,  2.16815710e-05,  2.23512881e-05,  2.30414663e-05,
        2.37527375e-05,  2.44857528e-05,  2.52411832e-05,  2.60197203e-05,
        2.68220769e-05,  2.76489873e-05,  2.85012086e-05,  2.93795210e-05,
        3.02847284e-05,  3.12176596e-05,  3.21791685e-05,  3.31701354e-05,
        3.41914675e-05,  3.52440996e-05,  3.63289955e-05,  3.74471483e-05,
        3.85995815e-05,  3.97873502e-05,  4.10115417e-05,  4.22732766e-05,
        4.35737100e-05,  4.49140323e-05,  4.62954706e-05,  4.77192894e-05,
        4.91867922e-05,  5.06993224e-05,  5.22582645e-05,  5.38650458e-05,
        5.55211371e-05,  5.72280544e-05,  5.89873604e-05,  6.08006655e-05,
        6.26696297e-05,  6.45959640e-05,  6.65814318e-05,  6.86278507e-05,
        7.07370939e-05,  7.29110924e-05,  7.51518364e-05,  7.74613771e-05,
        7.98418288e-05,  8.22953705e-05,  8.48242484e-05,  8.74307775e-05,
        9.01173439e-05,  9.28864070e-05,  9.57405016e-05,  9.86822406e-05,
        1.01714317e-04,  1.04839506e-04,  1.08060669e-04,  1.11380755e-04,
        1.14802803e-04,  1.18329945e-04,  1.21965411e-04,  1.25712528e-04,
        1.29574727e-04,  1.33555544e-04,  1.37658622e-04,  1.41887718e-04,
        1.46246703e-04,  1.50739567e-04,  1.55370424e-04,  1.60143513e-04,
        1.65063203e-04,  1.70133998e-04,  1.75360539e-04,  1.80747612e-04,
        1.86300148e-04,  1.92023229e-04,  1.97922096e-04,  2.04002148e-04,
        2.10268950e-04,  2.16728241e-04,  2.23385932e-04,  2.30248119e-04,
        2.37321083e-04,  2.44611300e-04,  2.52125443e-04,  2.59870390e-04,
        2.67853232e-04,  2.76081277e-04,  2.84562057e-04,  2.93303335e-04,
        3.02313113e-04,  3.11599640e-04,  3.21171416e-04,  3.31037204e-04,
        3.41206036e-04,  3.51687220e-04,  3.62490351e-04,  3.73625319e-04,
        3.85102317e-04,  3.96931852e-04,  4.09124753e-04,  4.21692181e-04,
        4.34645641e-04,  4.47996992e-04,  4.61758455e-04,  4.75942629e-04,
        4.90562498e-04,  5.05631445e-04,  5.21163266e-04,  5.37172179e-04,
        5.53672838e-04,  5.70680350e-04,  5.88210283e-04,  6.06278685e-04,
        6.24902096e-04,  6.44097565e-04,  6.63882665e-04,  6.84275507e-04,
        7.05294759e-04,  7.26959663e-04,  7.49290053e-04,  7.72306370e-04,
        7.96029684e-04,  8.20481713e-04,  8.45684840e-04,  8.71662138e-04,
        8.98437387e-04,  9.26035097e-04,  9.54480534e-04,  9.83799737e-04,
        1.01401955e-03,  1.04516762e-03,  1.07727249e-03,  1.11036353e-03,
        1.14447103e-03,  1.17962622e-03,  1.21586129e-03,  1.25320940e-03,
        1.29170474e-03,  1.33138256e-03,  1.37227917e-03,  1.41443202e-03,
        1.45787969e-03,  1.50266195e-03,  1.54881981e-03,  1.59639551e-03,
        1.64543261e-03,  1.69597600e-03,  1.74807194e-03,  1.80176814e-03,
        1.85711374e-03,  1.91415940e-03,  1.97295736e-03,  2.03356144e-03,
        2.09602711e-03,  2.16041155e-03,  2.22677372e-03,  2.29517436e-03,
        2.36567608e-03,  2.43834343e-03,  2.51324293e-03,  2.59044313e-03,
        2.67001473e-03,  2.75203055e-03,  2.83656568e-03,  2.92369751e-03,
        3.01350579e-03,  3.10607275e-03,  3.20148312e-03,  3.29982424e-03,
        3.40118614e-03,  3.50566161e-03,  3.61334628e-03,  3.72433875e-03,
        3.83874061e-03,  3.95665659e-03,  4.07819464e-03,  4.20346602e-03,
        4.33258540e-03,  4.46567098e-03,  4.60284461e-03,  4.74423184e-03,
        4.88996211e-03,  5.04016884e-03,  5.19498951e-03,  5.35456587e-03,
        5.51904399e-03,  5.68857444e-03,  5.86331242e-03,  6.04341789e-03,
        6.22905572e-03,  6.42039585e-03,  6.61761345e-03,  6.82088905e-03,
        7.03040874e-03,  7.24636432e-03,  7.46895348e-03,  7.69837999e-03,
        7.93485388e-03,  8.17859162e-03,  8.42981634e-03,  8.68875801e-03,
        8.95565369e-03,  9.23074770e-03,  9.51429187e-03,  9.80654577e-03,
        1.01077769e-02,  1.04182611e-02,  1.07382826e-02,  1.10681342e-02,
        1.14081180e-02,  1.17585453e-02,  1.21197367e-02,  1.24920230e-02,
        1.28757449e-02,  1.32712537e-02,  1.36789116e-02,  1.40990916e-02,
        1.45321784e-02,  1.49785685e-02,  1.54386705e-02,  1.59129056e-02,
        1.64017080e-02,  1.69055251e-02,  1.74248182e-02,  1.79600625e-02,
        1.85117481e-02,  1.90803801e-02,  1.96664789e-02,  2.02705811e-02,
        2.08932398e-02,  2.15350248e-02,  2.21965238e-02,  2.28783422e-02,
        2.35811043e-02,  2.43054533e-02,  2.50520522e-02,  2.58215845e-02,
        2.66147546e-02,  2.74322884e-02,  2.82749342e-02,  2.91434629e-02,
        3.00386694e-02,  3.09613726e-02,  3.19124162e-02,  3.28926698e-02,
        3.39030289e-02,  3.49444162e-02,  3.60177815e-02,  3.71241029e-02,
        3.82643866e-02,  3.94396676e-02,  4.06510096e-02,  4.18995047e-02,
        4.31862735e-02,  4.45124634e-02,  4.58792481e-02,  4.72878248e-02,
        4.87394115e-02,  5.02352433e-02,  5.17765672e-02,  5.33646352e-02,
        5.50006957e-02,  5.66859833e-02,  5.84217051e-02,  6.02090249e-02,
        6.20490433e-02,  6.39427745e-02,  6.58911182e-02,  6.78948277e-02,
        6.99544715e-02,  7.20703905e-02,  7.42426484e-02,  7.64709772e-02,
        7.87547162e-02,  8.10927449e-02,  8.34834120e-02,  8.59244593e-02,
        8.84129427e-02,  9.09451522e-02,  9.35165320e-02,  9.61216042e-02,
        9.87538987e-02,  1.01405891e-01,  1.04068957e-01,  1.06733339e-01,
        1.09388135e-01,  1.12021317e-01,  1.14619772e-01,  1.17169375e-01,
        1.19655100e-01,  1.22061162e-01,  1.24371199e-01,  1.26568479e-01,
        1.28636152e-01,  1.30557516e-01,  1.32316312e-01,  1.33897023e-01,
        1.35285188e-01,  1.36467700e-01,  1.37433092e-01,  1.38171799e-01,
        1.38676375e-01,  1.38941669e-01,  1.38964956e-01,  1.38745994e-01,
        1.38287037e-01,  1.37592778e-01,  1.36670232e-01,  1.35528575e-01,
        1.34178928e-01,  1.32634104e-01,  1.30908328e-01,  1.29016936e-01,
        1.26976069e-01,  1.24802369e-01,  1.22512678e-01,  1.20123770e-01,
        1.17652096e-01,  1.15113567e-01,  1.12523367e-01,  1.09895803e-01,
        1.07244190e-01,  1.04580769e-01,  1.01916658e-01,  9.92618354e-02,
        9.66251416e-02,  9.40143087e-02,  9.14360050e-02,  8.88958936e-02,
        8.63987015e-02,  8.39482950e-02,  8.15477591e-02,  7.91994774e-02,
        7.69052120e-02,  7.46661792e-02,  7.24831230e-02,  7.03563819e-02,
        6.82859512e-02,  6.62715394e-02,  6.43126180e-02,  6.24084664e-02,
        6.05582100e-02,  5.87608545e-02,  5.70153139e-02,  5.53204348e-02,
        5.36750172e-02,  5.20778307e-02,  5.05276286e-02,  4.90231587e-02,
        4.75631726e-02,  4.61464326e-02,  4.47717169e-02,  4.34378241e-02,
        4.21435758e-02,  4.08878195e-02,  3.96694293e-02,  3.84873075e-02,
        3.73403851e-02,  3.62276215e-02,  3.51480049e-02,  3.41005520e-02,
        3.30843075e-02,  3.20983436e-02,  3.11417596e-02,  3.02136809e-02,
        2.93132590e-02,  2.84396702e-02,  2.75921151e-02,  2.67698183e-02,
        2.59720271e-02,  2.51980113e-02,  2.44470625e-02,  2.37184933e-02,
        2.30116368e-02,  2.23258460e-02,  2.16604930e-02,  2.10149687e-02,
        2.03886824e-02,  1.97810605e-02,  1.91915469e-02,  1.86196020e-02,
        1.80647021e-02,  1.75263393e-02,  1.70040208e-02,  1.64972683e-02,
        1.60056180e-02,  1.55286199e-02,  1.50658372e-02,  1.46168463e-02,
        1.41812363e-02,  1.37586082e-02,  1.33485753e-02,  1.29507621e-02,
        1.25648045e-02,  1.21903492e-02,  1.18270534e-02,  1.14745845e-02,
        1.11326199e-02,  1.08008464e-02,  1.04789605e-02,  1.01666673e-02,
        9.86368114e-03,  9.56972450e-03,  9.28452834e-03,  9.00783157e-03,
        8.73938090e-03,  8.47893057e-03,  8.22624217e-03,  7.98108436e-03,
        7.74323272e-03,  7.51246952e-03,  7.28858351e-03,  7.07136973e-03,
        6.86062934e-03,  6.65616941e-03,  6.45780279e-03,  6.26534787e-03,
        6.07862847e-03,  5.89747367e-03,  5.72171764e-03,  5.55119947e-03,
        5.38576307e-03,  5.22525699e-03,  5.06953430e-03,  4.91845245e-03,
        4.77187312e-03,  4.62966214e-03,  4.49168932e-03,  4.35782836e-03,
        4.22795671e-03,  4.10195548e-03,  3.97970933e-03,  3.86110635e-03,
        3.74603797e-03,  3.63439885e-03,  3.52608678e-03,  3.42100263e-03,
        3.31905018e-03,  3.22013611e-03,  3.12416988e-03,  3.03106362e-03,
        2.94073210e-03,  2.85309264e-03,  2.76806500e-03,  2.68557135e-03,
        2.60553617e-03,  2.52788619e-03,  2.45255032e-03,  2.37945962e-03,
        2.30854715e-03,  2.23974801e-03,  2.17299922e-03,  2.10823967e-03,
        2.04541008e-03,  1.98445293e-03,  1.92531243e-03,  1.86793442e-03,
        1.81226639e-03,  1.75825737e-03,  1.70585792e-03,  1.65502008e-03,
        1.60569730e-03,  1.55784444e-03,  1.51141768e-03,  1.46637453e-03,
        1.42267375e-03,  1.38027534e-03,  1.33914049e-03,  1.29923153e-03,
        1.26051193e-03,  1.22294626e-03,  1.18650011e-03,  1.15114013e-03,
        1.11683394e-03,  1.08355014e-03,  1.05125826e-03,  1.01992875e-03,
        9.89532910e-04,  9.60042928e-04,  9.31431803e-04,  9.03673345e-04,
        8.76742142e-04,  8.50613540e-04,  8.25263621e-04,  8.00669178e-04,
        7.76807697e-04,  7.53657333e-04,  7.31196895e-04,  7.09405820e-04,
        6.88264162e-04,  6.67752565e-04,  6.47852253e-04,  6.28545009e-04,
        6.09813157e-04,  5.91639551e-04,  5.74007552e-04,  5.56901021e-04,
        5.40304298e-04,  5.24202188e-04,  5.08579952e-04,  4.93423289e-04,
        4.78718323e-04,  4.64451593e-04,  4.50610039e-04,  4.37180989e-04,
        4.24152151e-04,  4.11511597e-04,  3.99247756e-04,  3.87349400e-04,
        3.75805639e-04,  3.64605903e-04,  3.53739941e-04,  3.43197805e-04,
        3.32969844e-04,  3.23046697e-04,  3.13419278e-04,  3.04078774e-04,
        2.95016635e-04,  2.86224565e-04,  2.77694515e-04,  2.69418677e-04,
        2.61389475e-04,  2.53599558e-04,  2.46041795e-04,  2.38709267e-04,
        2.31595263e-04,  2.24693269e-04,  2.17996968e-04,  2.11500229e-04,
        2.05197105e-04,  1.99081826e-04,  1.93148794e-04,  1.87392577e-04,
        1.81807906e-04,  1.76389668e-04,  1.71132904e-04,  1.66032801e-04,
        1.61084691e-04,  1.56284043e-04,  1.51626463e-04,  1.47107688e-04,
        1.42723581e-04,  1.38470127e-04,  1.34343435e-04,  1.30339725e-04,
        1.26455333e-04,  1.22686703e-04,  1.19030384e-04,  1.15483030e-04,
        1.12041394e-04,  1.08702324e-04,  1.05462765e-04,  1.02319749e-04,
        9.92704015e-05,  9.63119292e-05,  9.34416243e-05,  9.06568593e-05,
        8.79550849e-05,  8.53338277e-05,  8.27906882e-05,  8.03233383e-05,
        7.79295192e-05,  7.56070397e-05,  7.33537736e-05,  7.11676582e-05,
        6.90466922e-05,  6.69889341e-05,  6.49925000e-05,  6.30555625e-05,
        6.11763483e-05,  5.93531371e-05,  5.75842600e-05,  5.58680975e-05,
        5.42030788e-05,  5.25876795e-05,  5.10204208e-05,  4.94998681e-05,
        4.80246294e-05,  4.65933541e-05,  4.52047321e-05,  4.38574922e-05,
        4.25504009e-05,  4.12822619e-05,  4.00519141e-05,  3.88582313e-05,
        3.77001207e-05,  3.65765222e-05,  3.54864071e-05,  3.44287776e-05,
        3.34026655e-05,  3.24071313e-05,  3.14412638e-05,  3.05041788e-05,
        2.95950184e-05,  2.87129504e-05,  2.78571672e-05,  2.70268855e-05,
        2.62213452e-05,  2.54398088e-05,  2.46815610e-05,  2.39459075e-05,
        2.32321751e-05,  2.25397101e-05,  2.18678789e-05,  2.12160663e-05,
        2.05836756e-05,  1.99701280e-05,  1.93748618e-05,  1.87973320e-05,
        1.82370100e-05,  1.76933828e-05,  1.71659527e-05,  1.66542370e-05,
        1.61577672e-05,  1.56760888e-05,  1.52087608e-05,  1.47553555e-05,
        1.43154578e-05,  1.38886650e-05,  1.34745863e-05,  1.30728428e-05,
        1.26830667e-05,  1.23049010e-05,  1.19379997e-05,  1.15820269e-05,
        1.12366568e-05,  1.09015730e-05,  1.05764689e-05,  1.02610470e-05,
        9.95501832e-06,  9.65810286e-06,  9.37002878e-06,  9.09053236e-06,
        8.81935774e-06,  8.55625668e-06,  8.30098833e-06,  8.05331901e-06,
        7.81302198e-06,  7.57987728e-06,  7.35367147e-06,  7.13419747e-06,
        6.92125438e-06,  6.71464726e-06,  6.51418696e-06,  6.31968999e-06,
        6.13097830e-06,  5.94787912e-06,  5.77022484e-06,  5.59785284e-06,
        5.43060531e-06,  5.26832916e-06,  5.11087583e-06,  4.95810117e-06,
        4.80986534e-06,  4.66603264e-06,  4.52647139e-06,  4.39105384e-06,
        4.25965601e-06,  4.13215763e-06,  4.00844198e-06,  3.88839580e-06,
        3.77190920e-06,  3.65887554e-06,  3.54919134e-06,  3.44275621e-06,
        3.33947269e-06,  3.23924626e-06,  3.14198514e-06,  3.04760031e-06,
        2.95600537e-06,  2.86711646e-06,  2.78085221e-06,  2.69713366e-06,
        2.61588415e-06,  2.53702933e-06,  2.46049699e-06,  2.38621708e-06,
        2.31412160e-06,  2.24414455e-06,  2.17622187e-06,  2.11029138e-06,
        2.04629273e-06,  1.98416733e-06,  1.92385831e-06,  1.86531046e-06,
        1.80847018e-06,  1.75328544e-06,  1.69970572e-06,  1.64768198e-06,
        1.59716658e-06,  1.54811328e-06,  1.50047718e-06,  1.45421468e-06,
        1.40928342e-06,  1.36564226e-06,  1.32325126e-06,  1.28207162e-06,
        1.24206563e-06,  1.20319667e-06,  1.16542916e-06,  1.12872853e-06,
        1.09306117e-06,  1.05839445e-06,  1.02469661e-06,  9.91936825e-07,
        9.60085090e-07,  9.29112252e-07,  8.98989958e-07,  8.69690631e-07,
        8.41187450e-07,  8.13454323e-07,  7.86465861e-07,  7.60197359e-07,
        7.34624769e-07,  7.09724681e-07,  6.85474300e-07,  6.61851428e-07,
        6.38834438e-07,  6.16402260e-07,  5.94534360e-07,  5.73210717e-07,
        5.52411813e-07,  5.32118606e-07,  5.12312519e-07,  4.92975423e-07,
        4.74089613e-07,  4.55637803e-07,  4.37603100e-07,  4.19968994e-07,
        4.02719343e-07,  3.85838357e-07,  3.69310580e-07,  3.53120884e-07,
        3.37254447e-07,  3.21696746e-07,  3.06433537e-07,  2.91450848e-07,
        2.76734965e-07,  2.62272414e-07,  2.48049957e-07,  2.34054574e-07,
        2.20273453e-07,  2.06693978e-07,  1.93303719e-07,  1.80090416e-07,
        1.67041975e-07,  1.54146450e-07,  1.41392037e-07,  1.28767058e-07,
        1.16259958e-07,  1.03859287e-07,  9.15536915e-08,  7.93319080e-08,
        6.71827477e-08,  5.50950890e-08,  4.30578663e-08,  3.10600604e-08,
        1.90906880e-08,  7.13879183e-09, -4.80656920e-09, -1.67563303e-08,
       -2.87214308e-08, -4.07128239e-08, -5.27414870e-08, -6.48184316e-08,
       -7.69547133e-08, -8.91614422e-08, -1.01449793e-07, -1.13831014e-07,
       -1.26316440e-07, -1.38917501e-07, -1.51645732e-07, -1.64512785e-07,
       -1.77530439e-07, -1.90710611e-07, -2.04065366e-07, -2.17606930e-07,
       -2.31347699e-07, -2.45300252e-07, -2.59477362e-07, -2.73892007e-07,
       -2.88557383e-07, -3.03486915e-07, -3.18694269e-07, -3.34193368e-07,
       -3.49998399e-07, -3.66123831e-07, -3.82584427e-07, -3.99395254e-07,
       -4.16571702e-07, -4.34129495e-07, -4.52084706e-07, -4.70453771e-07,
       -4.89253507e-07, -5.08501123e-07, -5.28214239e-07, -5.48410902e-07,
       -5.69109600e-07, -5.90329281e-07, -6.12089372e-07, -6.34409791e-07,
       -6.57310972e-07, -6.80813878e-07, -7.04940027e-07, -7.29711503e-07,
       -7.55150984e-07, -7.81281757e-07, -8.08127743e-07, -8.35713519e-07,
       -8.64064338e-07, -8.93206152e-07, -9.23165639e-07, -9.53970226e-07,
       -9.85648111e-07, -1.01822829e-06, -1.05174060e-06, -1.08621571e-06,
       -1.12168518e-06, -1.15818148e-06, -1.19573802e-06, -1.23438918e-06,
       -1.27417035e-06, -1.31511794e-06, -1.35726943e-06, -1.40066342e-06,
       -1.44533963e-06, -1.49133895e-06, -1.53870350e-06, -1.58747664e-06,
       -1.63770300e-06, -1.68942858e-06, -1.74270073e-06, -1.79756820e-06,
       -1.85408124e-06, -1.91229157e-06, -1.97225247e-06, -2.03401885e-06,
       -2.09764725e-06, -2.16319590e-06, -2.23072483e-06, -2.30029584e-06,
       -2.37197262e-06, -2.44582079e-06, -2.52190796e-06, -2.60030377e-06,
       -2.68108000e-06, -2.76431058e-06, -2.85007171e-06, -2.93844190e-06,
       -3.02950205e-06, -3.12333551e-06, -3.22002818e-06, -3.31966859e-06,
       -3.42234794e-06, -3.52816023e-06, -3.63720233e-06, -3.74957406e-06,
       -3.86537828e-06, -3.98472100e-06, -4.10771149e-06, -4.23446232e-06,
       -4.36508954e-06, -4.49971271e-06, -4.63845508e-06, -4.78144366e-06,
       -4.92880935e-06, -5.08068705e-06, -5.23721580e-06, -5.39853888e-06,
       -5.56480398e-06, -5.73616330e-06, -5.91277371e-06, -6.09479689e-06,
       -6.28239947e-06, -6.47575318e-06, -6.67503504e-06, -6.88042746e-06,
       -7.09211847e-06, -7.31030186e-06, -7.53517737e-06, -7.76695085e-06,
       -8.00583449e-06, -8.25204695e-06, -8.50581363e-06, -8.76736684e-06,
       -9.03694602e-06, -9.31479795e-06, -9.60117697e-06, -9.89634527e-06,
       -1.02005730e-05, -1.05141388e-05, -1.08373295e-05, -1.11704412e-05,
       -1.15137786e-05, -1.18676562e-05, -1.22323979e-05, -1.26083376e-05,
       -1.29958194e-05, -1.33951980e-05, -1.38068391e-05, -1.42311195e-05,
       -1.46684275e-05, -1.51191635e-05, -1.55837402e-05, -1.60625828e-05])], 1: [], 2: []}
KEDs = {0: [array([ 0.00000000e+00,  8.95781622e-18,  2.69062574e-17,  5.39110612e-17,
        9.00711349e-17,  1.35518918e-16,  1.90420866e-16,  2.54978063e-16,
        3.29426954e-16,  4.14040215e-16,  5.09127749e-16,  6.15037821e-16,
        7.32158336e-16,  8.60918259e-16,  1.00178918e-15,  1.15528706e-15,
        1.32197408e-15,  1.50246076e-15,  1.69740815e-15,  1.90753024e-15,
        2.13359664e-15,  2.37643534e-15,  2.63693573e-15,  2.91605195e-15,
        3.21480625e-15,  3.53429287e-15,  3.87568194e-15,  4.24022384e-15,
        4.62925372e-15,  5.04419645e-15,  5.48657177e-15,  5.95799994e-15,
        6.46020759e-15,  6.99503410e-15,  7.56443831e-15,  8.17050573e-15,
        8.81545611e-15,  9.50165165e-15,  1.02316056e-14,  1.10079914e-14,
        1.18336528e-14,  1.27116137e-14,  1.36450897e-14,  1.46374999e-14,
        1.56924789e-14,  1.68138907e-14,  1.80058426e-14,  1.92727002e-14,
        2.06191035e-14,  2.20499838e-14,  2.35705818e-14,  2.51864668e-14,
        2.69035571e-14,  2.87281417e-14,  3.06669034e-14,  3.27269430e-14,
        3.49158055e-14,  3.72415078e-14,  3.97125681e-14,  4.23380367e-14,
        4.51275297e-14,  4.80912639e-14,  5.12400941e-14,  5.45855532e-14,
        5.81398942e-14,  6.19161352e-14,  6.59281069e-14,  7.01905037e-14,
        7.47189368e-14,  7.95299919e-14,  8.46412901e-14,  9.00715518e-14,
        9.58406658e-14,  1.01969762e-13,  1.08481289e-13,  1.15399095e-13,
        1.22748518e-13,  1.30556475e-13,  1.38851564e-13,  1.47664166e-13,
        1.57026558e-13,  1.66973031e-13,  1.77540014e-13,  1.88766209e-13,
        2.00692735e-13,  2.13363272e-13,  2.26824227e-13,  2.41124903e-13,
        2.56317677e-13,  2.72458193e-13,  2.89605567e-13,  3.07822604e-13,
        3.27176024e-13,  3.47736711e-13,  3.69579971e-13,  3.92785805e-13,
        4.17439208e-13,  4.43630474e-13,  4.71455532e-13,  5.01016292e-13,
        5.32421023e-13,  5.65784749e-13,  6.01229665e-13,  6.38885593e-13,
        6.78890450e-13,  7.21390757e-13,  7.66542176e-13,  8.14510076e-13,
        8.65470144e-13,  9.19609027e-13,  9.77125011e-13,  1.03822875e-12,
        1.10314405e-12,  1.17210867e-12,  1.24537518e-12,  1.32321195e-12,
        1.40590404e-12,  1.49375434e-12,  1.58708459e-12,  1.68623662e-12,
        1.79157360e-12,  1.90348131e-12,  2.02236965e-12,  2.14867404e-12,
        2.28285708e-12,  2.42541023e-12,  2.57685561e-12,  2.73774789e-12,
        2.90867636e-12,  3.09026705e-12,  3.28318506e-12,  3.48813696e-12,
        3.70587341e-12,  3.93719189e-12,  4.18293962e-12,  4.44401666e-12,
        4.72137925e-12,  5.01604323e-12,  5.32908784e-12,  5.66165964e-12,
        6.01497669e-12,  6.39033305e-12,  6.78910348e-12,  7.21274853e-12,
        7.66281983e-12,  8.14096579e-12,  8.64893768e-12,  9.18859597e-12,
        9.76191721e-12,  1.03710012e-11,  1.10180789e-11,  1.17055201e-11,
        1.24358427e-11,  1.32117216e-11,  1.40359984e-11,  1.49116922e-11,
        1.58420103e-11,  1.68303600e-11,  1.78803613e-11,  1.89958598e-11,
        2.01809412e-11,  2.14399459e-11,  2.27774851e-11,  2.41984577e-11,
        2.57080681e-11,  2.73118455e-11,  2.90156636e-11,  3.08257630e-11,
        3.27487732e-11,  3.47917375e-11,  3.69621384e-11,  3.92679251e-11,
        4.17175428e-11,  4.43199634e-11,  4.70847185e-11,  5.00219343e-11,
        5.31423684e-11,  5.64574499e-11,  5.99793203e-11,  6.37208790e-11,
        6.76958296e-11,  7.19187307e-11,  7.64050491e-11,  8.11712162e-11,
        8.62346886e-11,  9.16140117e-11,  9.73288876e-11,  1.03400248e-10,
        1.09850328e-10,  1.16702754e-10,  1.23982622e-10,  1.31716596e-10,
        1.39933002e-10,  1.48661932e-10,  1.57935359e-10,  1.67787245e-10,
        1.78253676e-10,  1.89372984e-10,  2.01185895e-10,  2.13735675e-10,
        2.27068289e-10,  2.41232568e-10,  2.56280390e-10,  2.72266869e-10,
        2.89250558e-10,  3.07293659e-10,  3.26462257e-10,  3.46826560e-10,
        3.68461153e-10,  3.91445274e-10,  4.15863104e-10,  4.41804077e-10,
        4.69363202e-10,  4.98641418e-10,  5.29745958e-10,  5.62790746e-10,
        5.97896810e-10,  6.35192730e-10,  6.74815105e-10,  7.16909055e-10,
        7.61628752e-10,  8.09137987e-10,  8.59610765e-10,  9.13231948e-10,
        9.70197927e-10,  1.03071735e-09,  1.09501186e-09,  1.16331696e-09,
        1.23588280e-09,  1.31297519e-09,  1.39487646e-09,  1.48188659e-09,
        1.57432426e-09,  1.67252803e-09,  1.77685758e-09,  1.88769503e-09,
        2.00544633e-09,  2.13054275e-09,  2.26344247e-09,  2.40463224e-09,
        2.55462919e-09,  2.71398268e-09,  2.88327637e-09,  3.06313031e-09,
        3.25420322e-09,  3.45719494e-09,  3.67284892e-09,  3.90195503e-09,
        4.14535237e-09,  4.40393242e-09,  4.67864225e-09,  4.97048800e-09,
        5.28053859e-09,  5.60992959e-09,  5.95986743e-09,  6.33163379e-09,
        6.72659029e-09,  7.14618349e-09,  7.59195018e-09,  8.06552304e-09,
        8.56863654e-09,  9.10313340e-09,  9.67097124e-09,  1.02742298e-08,
        1.09151186e-08,  1.15959850e-08,  1.23193226e-08,  1.30877807e-08,
        1.39041740e-08,  1.47714924e-08,  1.56929127e-08,  1.66718095e-08,
        1.77117683e-08,  1.88165979e-08,  1.99903448e-08,  2.12373080e-08,
        2.25620546e-08,  2.39694367e-08,  2.54646088e-08,  2.70530471e-08,
        2.87405695e-08,  3.05333565e-08,  3.24379746e-08,  3.44613994e-08,
        3.66110419e-08,  3.88947755e-08,  4.13209643e-08,  4.38984946e-08,
        4.66368068e-08,  4.95459302e-08,  5.26365197e-08,  5.59198947e-08,
        5.94080810e-08,  6.31138543e-08,  6.70507874e-08,  7.12332995e-08,
        7.56767095e-08,  8.03972917e-08,  8.54123356e-08,  9.07402093e-08,
        9.64004265e-08,  1.02413718e-07,  1.08802109e-07,  1.15588996e-07,
        1.22799237e-07,  1.30459241e-07,  1.38597063e-07,  1.47242508e-07,
        1.56427240e-07,  1.66184900e-07,  1.76551227e-07,  1.87564186e-07,
        1.99264115e-07,  2.11693865e-07,  2.24898960e-07,  2.38927766e-07,
        2.53831663e-07,  2.69665238e-07,  2.86486480e-07,  3.04356996e-07,
        3.23342236e-07,  3.43511729e-07,  3.64939338e-07,  3.87703529e-07,
        4.11887657e-07,  4.37580264e-07,  4.64875401e-07,  4.93872958e-07,
        5.24679022e-07,  5.57406241e-07,  5.92174210e-07,  6.29109863e-07,
        6.68347882e-07,  7.10031093e-07,  7.54310871e-07,  8.01347512e-07,
        8.51310574e-07,  9.04379146e-07,  9.60742024e-07,  1.02059775e-06,
        1.08415441e-06,  1.15162923e-06,  1.22324769e-06,  1.29924218e-06,
        1.37984999e-06,  1.46531038e-06,  1.55586054e-06,  1.65173014e-06,
        1.75313399e-06,  1.86026259e-06,  1.97326982e-06,  2.09225737e-06,
        2.21725520e-06,  2.34819723e-06,  2.48489169e-06,  2.62698510e-06,
        2.77391934e-06,  2.92488086e-06,  3.07874164e-06,  3.23399141e-06,
        3.38866115e-06,  3.54023828e-06,  3.68557453e-06,  3.82078835e-06,
        3.94116471e-06,  4.04105614e-06,  4.11379044e-06,  4.15159183e-06,
        4.14552414e-06,  4.08546597e-06,  3.96012957e-06,  3.75713634e-06,
        3.46316245e-06,  3.06416820e-06,  2.54572361e-06,  1.89344009e-06,
        1.09351408e-06,  1.33382305e-07, -9.97519553e-07, -2.30691301e-06,
       -3.79877726e-06, -5.47243579e-06, -7.32168296e-06, -9.33401494e-06,
       -1.14900369e-05, -1.37631210e-05, -1.61193863e-05, -1.85180614e-05,
       -2.09122692e-05, -2.32502511e-05, -2.54770091e-05, -2.75363131e-05,
       -2.93729805e-05, -3.09353027e-05, -3.21774689e-05, -3.30618237e-05,
       -3.35607964e-05, -3.36583570e-05, -3.33508860e-05, -3.26473879e-05,
       -3.15690302e-05, -3.01480440e-05, -2.84260695e-05, -2.64520743e-05,
       -2.42799953e-05, -2.19662721e-05, -1.95674323e-05, -1.71378760e-05,
       -1.47279733e-05, -1.23825580e-05, -1.01398595e-05, -8.03088031e-06,
       -6.07919230e-06, -4.30110337e-06, -2.70612610e-06, -1.29767362e-06,
       -7.39059158e-08,  9.71345301e-07,  1.84763575e-06,  2.56700263e-06,
        3.14313174e-06,  3.59062309e-06,  3.92436935e-06,  4.15905164e-06,
        4.30874974e-06,  4.38665842e-06,  4.40489781e-06,  4.37440405e-06,
        4.30488562e-06,  4.20483153e-06,  4.08155819e-06,  3.94128370e-06,
        3.78921965e-06,  3.62967265e-06,  3.46614920e-06,  3.30145918e-06,
        3.13781449e-06,  2.97692063e-06,  2.82005981e-06,  2.66816492e-06,
        2.52188431e-06,  2.38163760e-06,  2.24766316e-06,  2.12005793e-06,
        1.99881040e-06,  1.88382759e-06,  1.77495693e-06,  1.67200362e-06,
        1.57474446e-06,  1.48293851e-06,  1.39633529e-06,  1.31468104e-06,
        1.23772325e-06,  1.16521401e-06,  1.09691239e-06,  1.03258593e-06,
        9.72011719e-07,  9.14976905e-07,  8.61278958e-07,  8.10725669e-07,
        7.63134994e-07,  7.18334787e-07,  6.76162447e-07,  6.36464530e-07,
        5.99096331e-07,  5.63921451e-07,  5.30811373e-07,  4.99645037e-07,
        4.70308433e-07,  4.42694204e-07,  4.16701272e-07,  3.92234473e-07,
        3.69204221e-07,  3.47526182e-07,  3.27120969e-07,  3.07913852e-07,
        2.89834489e-07,  2.72816664e-07,  2.56798050e-07,  2.41719979e-07,
        2.27527226e-07,  2.14167810e-07,  2.01592801e-07,  1.89756141e-07,
        1.78614480e-07,  1.68127008e-07,  1.58255316e-07,  1.48963247e-07,
        1.40216768e-07,  1.31983844e-07,  1.24234322e-07,  1.16939819e-07,
        1.10073617e-07,  1.03610570e-07,  9.75270041e-08,  9.18006392e-08,
        8.64105018e-08,  8.13368500e-08,  7.65611012e-08,  7.20657637e-08,
        6.78343730e-08,  6.38514313e-08,  6.01023508e-08,  5.65734001e-08,
        5.32516542e-08,  5.01249468e-08,  4.71818262e-08,  4.44115130e-08,
        4.18038606e-08,  3.93493183e-08,  3.70388961e-08,  3.48641320e-08,
        3.28170606e-08,  3.08901844e-08,  2.90764460e-08,  2.73692026e-08,
        2.57622011e-08,  2.42495558e-08,  2.28257265e-08,  2.14854984e-08,
        2.02239626e-08,  1.90364988e-08,  1.79187577e-08,  1.68666456e-08,
        1.58763089e-08,  1.49441206e-08,  1.40666663e-08,  1.32407324e-08,
        1.24632937e-08,  1.17315029e-08,  1.10426796e-08,  1.03943011e-08,
        9.78399261e-09,  9.20951878e-09,  8.66877557e-09,  8.15978247e-09,
        7.68067525e-09,  7.22969914e-09,  6.80520240e-09,  6.40563028e-09,
        6.02951930e-09,  5.67549195e-09,  5.34225154e-09,  5.02857758e-09,
        4.73332120e-09,  4.45540100e-09,  4.19379908e-09,  3.94755729e-09,
        3.71577375e-09,  3.49759955e-09,  3.29223559e-09,  3.09892972e-09,
        2.91697393e-09,  2.74570181e-09,  2.58448604e-09,  2.43273617e-09,
        2.28989640e-09,  2.15544356e-09,  2.02888521e-09,  1.90975782e-09,
        1.79762508e-09,  1.69207628e-09,  1.59272486e-09,  1.49920693e-09,
        1.41117996e-09,  1.32832156e-09,  1.25032824e-09,  1.17691436e-09,
        1.10781102e-09,  1.04276514e-09,  9.81538464e-10,  9.23906757e-10,
        8.69658935e-10,  8.18596310e-10,  7.70531863e-10,  7.25289553e-10,
        6.82703676e-10,  6.42618258e-10,  6.04886483e-10,  5.69370154e-10,
        5.35939192e-10,  5.04471151e-10,  4.74850777e-10,  4.46969585e-10,
        4.20725455e-10,  3.96022268e-10,  3.72769545e-10,  3.50882122e-10,
        3.30279833e-10,  3.10887222e-10,  2.92633262e-10,  2.75451096e-10,
        2.59277792e-10,  2.44054114e-10,  2.29724306e-10,  2.16235882e-10,
        2.03539439e-10,  1.91588478e-10,  1.80339225e-10,  1.69750480e-10,
        1.59783460e-10,  1.50401660e-10,  1.41570720e-10,  1.33258294e-10,
        1.25433937e-10,  1.18068994e-10,  1.11136488e-10,  1.04611029e-10,
        9.84687161e-11,  9.26870538e-11,  8.72448658e-11,  8.21222196e-11,
        7.73003530e-11,  7.27616057e-11,  6.84893540e-11,  6.44679504e-11,
        6.06826664e-11,  5.71196379e-11,  5.37658150e-11,  5.06089142e-11,
        4.76373729e-11,  4.48403078e-11,  4.22074742e-11,  3.97292293e-11,
        3.73964962e-11,  3.52007311e-11,  3.31338919e-11,  3.11884085e-11,
        2.93571556e-11,  2.76334259e-11,  2.60109062e-11,  2.44836538e-11,
        2.30460751e-11,  2.16929048e-11,  2.04191869e-11,  1.92202561e-11,
        1.80917215e-11,  1.70294494e-11,  1.60295495e-11,  1.50883593e-11,
        1.42024318e-11,  1.33685221e-11,  1.25835759e-11,  1.18447185e-11,
        1.11492435e-11,  1.04946039e-11,  9.87840182e-12,  9.29838050e-12,
        8.75241553e-12,  8.23850727e-12,  7.75477348e-12,  7.29944245e-12,
        6.87084650e-12,  6.46741585e-12,  6.08767291e-12,  5.73022683e-12,
        5.39376845e-12,  5.07706545e-12,  4.77895788e-12,  4.49835391e-12,
        4.23422579e-12,  3.98560613e-12,  3.75158434e-12,  3.53130331e-12,
        3.32395623e-12,  3.12878367e-12,  2.94507080e-12,  2.77214476e-12,
        2.60937219e-12,  2.45615693e-12,  2.31193780e-12,  2.17618660e-12,
        2.04840612e-12,  1.92812836e-12,  1.81491279e-12,  1.70834475e-12,
        1.60803393e-12,  1.51361293e-12,  1.42473592e-12,  1.34107738e-12,
        1.26233091e-12,  1.18820810e-12,  1.11843745e-12,  1.05276344e-12,
        9.90945525e-13,  9.32757289e-13,  8.77985615e-13,  8.26429898e-13,
        7.77901309e-13,  7.32222111e-13,  6.89224997e-13,  6.48752489e-13,
        6.10656351e-13,  5.74797054e-13,  5.41043261e-13,  5.09271345e-13,
        4.79364938e-13,  4.51214507e-13,  4.24716947e-13,  3.99775210e-13,
        3.76297944e-13,  3.54199162e-13,  3.33397925e-13,  3.13818047e-13,
        2.95387815e-13,  2.78039727e-13,  2.61710243e-13,  2.46339557e-13,
        2.31871371e-13,  2.18252694e-13,  2.05433647e-13,  1.93367280e-13,
        1.82009397e-13,  1.71318401e-13,  1.61255133e-13,  1.51782738e-13,
        1.42866520e-13,  1.34473825e-13,  1.26573912e-13,  1.19137849e-13,
        1.12138399e-13,  1.05549926e-13,  9.93483003e-14,  9.35108073e-14,
        8.80160669e-14,  8.28439540e-14,  7.79755254e-14,  7.33929500e-14,
        6.90794437e-14,  6.50192081e-14,  6.11973722e-14,  5.75999380e-14,
        5.42137299e-14,  5.10263455e-14,  4.80261107e-14,  4.52020369e-14,
        4.25437807e-14,  4.00416061e-14,  3.76863486e-14,  3.54693820e-14,
        3.33825862e-14,  3.14183184e-14,  2.95693842e-14,  2.78290118e-14,
        2.61908268e-14,  2.46488294e-14,  2.31973717e-14,  2.18311378e-14,
        2.05451236e-14,  1.93346191e-14,  1.81951906e-14,  1.71226650e-14,
        1.61131139e-14,  1.51628399e-14,  1.42683625e-14,  1.34264056e-14,
        1.26338854e-14,  1.18878993e-14,  1.11857150e-14,  1.05247608e-14,
        9.90261580e-15,  9.31700139e-15,  8.76577268e-15,  8.24691077e-15,
        7.75851529e-15,  7.29879743e-15,  6.86607345e-15,  6.45875846e-15,
        6.07536063e-15,  5.71447574e-15,  5.37478202e-15,  5.05503530e-15,
        4.75406451e-15,  4.47076729e-15,  4.20410605e-15,  3.95310413e-15,
        3.71684221e-15,  3.49445495e-15,  3.28512786e-15,  3.08809424e-15,
        2.90263245e-15,  2.72806322e-15,  2.56374717e-15,  2.40908249e-15,
        2.26350270e-15,  2.12647460e-15,  1.99749632e-15,  1.87609546e-15,
        1.76182738e-15,  1.65427357e-15,  1.55304010e-15,  1.45775620e-15,
        1.36807287e-15,  1.28366166e-15,  1.20421338e-15,  1.12943707e-15,
        1.05905884e-15,  9.92820924e-16,  9.30480727e-16,  8.71809919e-16,
        8.16593616e-16,  7.64629581e-16,  7.15727492e-16,  6.69708242e-16,
        6.26403281e-16,  5.85654001e-16,  5.47311155e-16,  5.11234308e-16,
        4.77291327e-16,  4.45357892e-16,  4.15317044e-16,  3.87058757e-16,
        3.60479532e-16,  3.35482020e-16,  3.11974666e-16,  2.89871372e-16,
        2.69091184e-16,  2.49557991e-16,  2.31200253e-16,  2.13950732e-16,
        1.97746250e-16,  1.82527458e-16,  1.68238615e-16,  1.54827387e-16,
        1.42244655e-16,  1.30444333e-16,  1.19383201e-16,  1.09020748e-16,
        9.93190188e-17,  9.02424815e-17,  8.17578920e-17,  7.38341749e-17,
        6.64423088e-17,  5.95552206e-17,  5.31476855e-17,  4.71962356e-17,
        4.16790730e-17,  3.65759909e-17,  3.18682986e-17,  2.75387539e-17,
        2.35714996e-17,  1.99520050e-17,  1.66670137e-17,  1.37044940e-17,
        1.10535954e-17,  8.70460889e-18,  6.64893101e-18,  4.87903270e-18,
        3.38843157e-18,  2.17166815e-18,  1.22428596e-18,  5.42815128e-19,
        1.24759712e-19, -3.14114500e-20,  7.37296513e-20,  4.40568104e-19,
        1.07044748e-18,  1.96567478e-18,  3.12952883e-18,  4.56627235e-18,
        6.28116753e-18,  8.28049532e-18,  1.05715784e-17,  1.31628081e-17,
        1.60636750e-17,  1.92848037e-17,  2.28379919e-17,  2.67362535e-17,
        3.09938661e-17,  3.56264236e-17,  4.06508932e-17,  4.60856773e-17,
        5.19506813e-17,  5.82673863e-17,  6.50589278e-17,  7.23501802e-17,
        8.01678485e-17,  8.85405655e-17,  9.74989969e-17,  1.07075954e-16,
        1.17306513e-16,  1.28228143e-16,  1.39880848e-16,  1.52307305e-16,
        1.65553027e-16,  1.79666528e-16,  1.94699500e-16,  2.10707002e-16,
        2.27747664e-16,  2.45883897e-16,  2.65182128e-16,  2.85713038e-16,
        3.07551822e-16,  3.30778468e-16,  3.55478045e-16,  3.81741017e-16,
        4.09663574e-16,  4.39347985e-16,  4.70902972e-16,  5.04444107e-16,
        5.40094237e-16,  5.77983935e-16,  6.18251974e-16,  6.61045840e-16,
        7.06522268e-16,  7.54847819e-16,  8.06199490e-16,  8.60765361e-16,
        9.18745283e-16,  9.80351614e-16,  1.04580999e-15,  1.11536016e-15,
        1.18925686e-15,  1.26777073e-15,  1.35118935e-15,  1.43981823e-15,
        1.53398200e-15,  1.63402553e-15,  1.74031524e-15,  1.85324043e-15,
        1.97321469e-15,  2.10067744e-15,  2.23609553e-15,  2.37996492e-15,
        2.53281256e-15,  2.69519826e-15,  2.86771678e-15,  3.05099998e-15,
        3.24571914e-15,  3.45258744e-15,  3.67236256e-15,  3.90584943e-15,
        4.15390324e-15,  4.41743248e-15,  4.69740236e-15,  4.99483829e-15,
        5.31082966e-15,  5.64653381e-15,  6.00318028e-15,  6.38207533e-15,
        6.78460668e-15,  7.21224864e-15,  7.66656748e-15,  8.14922719e-15,
        8.66199555e-15,  9.20675061e-15,  9.78548758e-15,  1.04003261e-14,
        1.10535182e-14,  1.17474561e-14,  1.24846814e-14,  1.32678944e-14,
        1.40999635e-14,  1.49839363e-14,  1.59230505e-14,  1.69207456e-14,
        1.79806758e-14,  1.91067231e-14,  2.03030118e-14,  2.15739233e-14,
        2.29241126e-14,  2.43585247e-14,  2.58824134e-14,  2.75013600e-14,
        2.92212941e-14,  3.10485149e-14,  3.29897150e-14,  3.50520040e-14,
        3.72429354e-14,  3.95705334e-14,  4.20433233e-14,  4.46703617e-14,
        4.74612705e-14,  5.04262715e-14,  5.35762243e-14,  5.69226660e-14,
        6.04778530e-14,  6.42548065e-14,  6.82673601e-14,  7.25302099e-14,
        7.70589691e-14,  8.18702245e-14,  8.69815978e-14,  9.24118098e-14,
        9.81807492e-14,  1.04309545e-13,  1.10820645e-13,  1.17737896e-13,
        1.25086633e-13,  1.32893771e-13,  1.41187906e-13,  1.49999414e-13,
        1.59360569e-13,  1.69305657e-13,  1.79871102e-13,  1.91095601e-13,
        2.03020265e-13,  2.15688769e-13, -0.00000000e+00, -0.00000000e+00])], 1: [], 2: []}
v = [-2.76588557e-194 -2.59325759e-193 -2.41773840e-192 -2.24142988e-191
 -2.06629920e-190 -1.89414604e-189 -1.72657684e-188 -1.56498638e-187
 -1.41054652e-186 -1.26420198e-185 -1.12667257e-184 -9.98461156e-184
 -8.79866591e-183 -7.71000539e-182 -6.71807327e-181 -5.82085781e-180
 -5.01512135e-179 -4.29663144e-178 -3.66038661e-177 -3.10083041e-176
 -2.61204871e-175 -2.18794665e-174 -1.82240285e-173 -1.50939965e-172
 -1.24312930e-171 -1.01807685e-170 -8.29081110e-170 -6.71375795e-169
 -5.40613068e-168 -4.32872105e-167 -3.44655220e-166 -2.72874104e-165
 -2.14828543e-164 -1.68179805e-163 -1.30920576e-162 -1.01343097e-161
 -7.80068307e-161 -5.97067314e-160 -4.54429128e-159 -3.43923003e-158
 -2.58826351e-157 -1.93690337e-156 -1.44131737e-155 -1.06650645e-154
 -7.84728727e-154 -5.74153238e-153 -4.17722901e-152 -3.02204518e-151
 -2.17403144e-150 -1.55518797e-149 -1.10624713e-148 -7.82480684e-148
 -5.50360548e-147 -3.84922382e-146 -2.67701765e-145 -1.85132005e-144
 -1.27310427e-143 -8.70559876e-143 -5.91950673e-142 -4.00243779e-141
 -2.69101341e-140 -1.79911670e-139 -1.19606562e-138 -7.90683875e-138
 -5.19760122e-137 -3.39746687e-136 -2.20830830e-135 -1.42730366e-134
 -9.17329279e-134 -5.86254692e-133 -3.72562902e-132 -2.35431779e-131
 -1.47939028e-130 -9.24384466e-130 -5.74347475e-129 -3.54853419e-128
 -2.18009527e-127 -1.33184643e-126 -8.09068013e-126 -4.88729001e-125
 -2.93564402e-124 -1.75343985e-123 -1.04143112e-122 -6.15067010e-122
 -3.61215614e-121 -2.10941873e-120 -1.22493002e-119 -7.07313525e-119
 -4.06129789e-118 -2.31883544e-117 -1.31651925e-116 -7.43253046e-116
 -4.17251957e-115 -2.32922942e-114 -1.29293995e-113 -7.13668682e-113
 -3.91712225e-112 -2.13791194e-111 -1.16028506e-110 -6.26169323e-110
 -3.36024601e-109 -1.79309196e-108 -9.51450616e-108 -5.02021296e-107
 -2.63396640e-106 -1.37420182e-105 -7.12923630e-105 -3.67779655e-104
 -1.88662068e-103 -9.62351401e-103 -4.88129410e-102 -2.46200237e-101
 -1.23479300e-100 -6.15817537e-100 -3.05395157e-099 -1.50599815e-098
 -7.38480332e-098 -3.60085495e-097 -1.74592073e-096 -8.41774214e-096
 -4.03570036e-095 -1.92395278e-094 -9.12057262e-094 -4.29934209e-093
 -2.01527399e-092 -9.39330442e-092 -4.35366387e-091 -2.00652047e-090
 -9.19569360e-090 -4.19061334e-089 -1.89899093e-088 -8.55697752e-088
 -3.83415876e-087 -1.70833088e-086 -7.56878368e-086 -3.33451284e-085
 -1.46080046e-084 -6.36358132e-084 -2.75654128e-083 -1.18735232e-082
 -5.08565514e-082 -2.16603969e-081 -9.17356442e-081 -3.86333190e-080
 -1.61784952e-079 -6.73699818e-079 -2.78963213e-078 -1.14862864e-077
 -4.70288705e-077 -1.91470405e-076 -7.75159301e-076 -3.12055952e-075
 -1.24918332e-074 -4.97246903e-074 -1.96820439e-073 -7.74676719e-073
 -3.03195684e-072 -1.17998836e-071 -4.56651233e-071 -1.75729124e-070
 -6.72442349e-070 -2.55869528e-069 -9.68131341e-069 -3.64252207e-068
 -1.36276919e-067 -5.06984425e-067 -1.87550891e-066 -6.89915410e-066
 -2.52362464e-065 -9.17922201e-065 -3.32000845e-064 -1.19405603e-063
 -4.27033966e-063 -1.51863126e-062 -5.37024937e-062 -1.88837729e-061
 -6.60290863e-061 -2.29579975e-060 -7.93752166e-060 -2.72890264e-059
 -9.32917759e-059 -3.17139896e-058 -1.07203904e-057 -3.60348335e-057
 -1.20444408e-056 -4.00316011e-056 -1.32303545e-055 -4.34802671e-055
 -1.42090527e-054 -4.61732291e-054 -1.49199570e-053 -4.79398967e-053
 -1.53171801e-052 -4.86645533e-052 -1.53744244e-051 -4.82988945e-051
 -1.50878624e-050 -4.68673546e-050 -1.44765597e-049 -4.44644058e-049
 -1.35803768e-048 -4.12442439e-048 -1.24556694e-047 -3.74044267e-047
 -1.11694331e-046 -3.31658750e-046 -9.79273468e-046 -2.87520435e-045
 -8.39432244e-045 -2.43699578e-044 -7.03519448e-044 -2.01952688e-043
 -5.76468220e-043 -1.63626372e-042 -4.61831375e-042 -1.29618134e-041
 -3.61743136e-041 -1.00389209e-040 -2.77029467e-040 -7.60181156e-040
 -2.07424683e-039 -5.62802437e-039 -1.51846122e-038 -4.07383692e-038
 -1.08681538e-037 -2.88310270e-037 -7.60530524e-037 -1.99491955e-036
 -5.20338935e-036 -1.34958257e-035 -3.48068563e-035 -8.92652321e-035
 -2.27641835e-034 -5.77263392e-034 -1.45562048e-033 -3.64984564e-033
 -9.10024401e-033 -2.25623213e-032 -5.56245768e-032 -1.36364669e-031
 -3.32421576e-031 -8.05802753e-031 -1.94231869e-030 -4.65547965e-030
 -1.10958500e-029 -2.62971644e-029 -6.19739911e-029 -1.45231964e-028
 -3.38428676e-028 -7.84195419e-028 -1.80689804e-027 -4.13995093e-027
 -9.43211181e-027 -2.13685418e-026 -4.81385534e-026 -1.07835904e-025
 -2.40207151e-025 -5.32060086e-025 -1.17189211e-024 -2.56665076e-024
 -5.58982393e-024 -1.21054706e-023 -2.60685833e-023 -5.58219985e-023
 -1.18862684e-022 -2.51673729e-022 -5.29885989e-022 -1.10937708e-021
 -2.30955411e-021 -4.78111616e-021 -9.84198388e-021 -2.01459710e-020
 -4.10058632e-020 -8.29957613e-020 -1.67039072e-019 -3.34296958e-019
 -6.65271594e-019 -1.31649052e-018 -2.59053040e-018 -5.06887815e-018
 -9.86250437e-018 -1.90815991e-017 -3.67108572e-017 -7.02306170e-017
 -1.33601287e-016 -2.52724300e-016 -4.75374151e-016 -8.89152642e-016
 -1.65374782e-015 -3.05854198e-015 -5.62486116e-015 -1.02863517e-014
 -1.87052334e-014 -3.38233869e-014 -6.08167568e-014 -1.08738070e-013
 -1.93326854e-013 -3.41786534e-013 -6.00855323e-013 -1.05035735e-012
 -1.82581363e-012 -3.15593471e-012 -5.42440086e-012 -9.27102479e-012
 -1.57563605e-011 -2.66278607e-011 -4.47475070e-011 -7.47745164e-011
 -1.24248336e-010 -2.05295651e-010 -3.37303711e-010 -5.51080050e-010
 -8.95283250e-010 -1.44630015e-009 -2.32331770e-009 -3.71117105e-009
 -5.89475207e-009 -9.31048523e-009 -1.46228252e-008 -2.28371793e-008
 -3.54654793e-008 -5.47673097e-008 -8.40986804e-008 -1.28413048e-007
 -1.94976078e-007 -2.94378241e-007 -4.41959304e-007 -6.59798095e-007
 -9.79472018e-007 -1.44585656e-006 -2.12231863e-006 -3.09776283e-006
 -4.49612050e-006 -6.48903207e-006 -9.31266755e-006 -1.32898622e-005
 -1.88590173e-005 -2.66115296e-005 -3.73398714e-005 -5.20988334e-005
 -7.22828686e-005 -9.97229140e-005 -1.36806503e-004 -1.86625388e-004
 -2.53155232e-004 -3.41472151e-004 -4.58010963e-004 -6.10869802e-004
 -8.10165305e-004 -1.06844169e-003 -1.40113574e-003 -1.82709780e-003
 -2.36916649e-003 -3.05479145e-003 -3.91669500e-003 -4.99355848e-003
 -6.33071449e-003 -7.98081998e-003 -1.00044796e-002 -1.24707821e-002
 -1.54577073e-002 -1.90523552e-002 -2.33509449e-002 -2.84585290e-002
 -3.44883676e-002 -4.15609082e-002 -4.98023253e-002 -5.93425783e-002
 -7.03129636e-002 -8.28431484e-002 -9.70576984e-002 -1.13072132e-001
 -1.30988562e-001 -1.50891011e-001 -1.72840519e-001 -1.96870188e-001
 -2.22980329e-001 -2.51133904e-001 -2.81252469e-001 -3.13212827e-001
 -3.46844599e-001 -3.81928909e-001 -4.18198364e-001 -4.55338453e-001
 -4.92990471e-001 -5.30756014e-001 -5.68203000e-001 -6.04873171e-001
 -6.40290888e-001 -6.73973035e-001 -7.05439740e-001 -7.34225599e-001
 -7.59891039e-001 -7.82033442e-001 -8.00297623e-001 -8.14385306e-001
 -8.24063222e-001 -8.29169531e-001 -8.29618329e-001 -8.25402048e-001
 -8.16591672e-001 -8.03334745e-001 -7.85851264e-001 -7.64427604e-001
 -7.39408719e-001 -7.11188906e-001 -6.80201491e-001 -6.46907799e-001
 -6.11785802e-001 -5.75318848e-001 -5.37984806e-001 -5.00245993e-001
 -4.62540140e-001 -4.25272634e-001 -3.88810197e-001 -3.53476101e-001
 -3.19546943e-001 -2.87250953e-001 -2.56767758e-001 -2.28229459e-001
 -2.01722858e-001 -1.77292647e-001 -1.54945346e-001 -1.34653780e-001
 -1.16361889e-001 -9.99896799e-002 -8.54381414e-002 -7.25939799e-002
 -6.13340471e-002 -5.15293706e-002 -4.30487211e-002 -3.57616765e-002
 -2.95411696e-002 -2.42655256e-002 -1.98200124e-002 -1.60979413e-002
 -1.30013652e-002 -1.04414250e-002 -8.33840134e-003 -6.62152486e-003
 -5.22860018e-003 -4.10549052e-003 -3.20550807e-003 -2.48874783e-003
 -1.92139704e-003 -1.47504591e-003 -1.12602014e-003 -8.54749750e-004
 -6.45184619e-004 -4.84262934e-004 -3.61435372e-004 -2.68245396e-004
 -1.97963945e-004 -1.45275415e-004 -1.06010858e-004 -7.69238081e-005
 -5.55038875e-005 -3.98233901e-005 -2.84122256e-005 -2.01569344e-005
 -1.42198793e-005 -9.97515235e-006 -6.95817530e-006 -4.82640091e-006
 -3.32892203e-006 -2.28315845e-006 -1.55711498e-006 -1.05598443e-006
 -7.12109113e-007 -4.77515831e-007 -3.18405973e-007 -2.11118766e-007
 -1.39195332e-007 -9.12587892e-008 -5.94945159e-008 -3.85683774e-008
 -2.48621111e-008 -1.59366427e-008 -1.01579921e-008 -6.43829847e-009
 -4.05776172e-009 -2.54304577e-009 -1.58479836e-009 -9.82078151e-010
 -6.05160100e-010 -3.70805975e-010 -2.25930759e-010 -1.36885107e-010
 -8.24687168e-011 -4.94054064e-011 -2.94314673e-011 -1.74341812e-011
 -1.02693604e-011 -6.01502497e-012 -3.50335119e-012 -2.02900032e-012
 -1.16851087e-012 -6.69168671e-013 -3.81057612e-013 -2.15773390e-013
 -1.21494698e-013 -6.80250659e-014 -3.78732709e-014 -2.09676066e-014
 -1.15429577e-014 -6.31884276e-015 -3.43961785e-015 -1.86180863e-015
 -1.00210236e-015 -5.36341413e-016 -2.85445223e-016 -1.51062416e-016
 -7.94954504e-017 -4.15987540e-017 -2.16456469e-017 -1.11998710e-017
 -5.76245661e-018 -2.94818355e-018 -1.49986983e-018 -7.58760683e-019
 -3.81687792e-019 -1.90925493e-019 -9.49667929e-020 -4.69712182e-020
 -2.31017073e-020 -1.12981810e-020 -5.49446210e-021 -2.65701518e-021
 -1.27765939e-021 -6.10925628e-022 -2.90478370e-022 -1.37338232e-022
 -6.45685909e-023 -3.01858469e-023 -1.40325830e-023 -6.48670395e-024
 -2.98169169e-024 -1.36286736e-024 -6.19436296e-025 -2.79957372e-025
 -1.25817012e-025 -5.62262378e-026 -2.49856634e-026 -1.10406577e-026
 -4.85122261e-027 -2.11962808e-027 -9.20916651e-028 -3.97862664e-028
 -1.70922111e-028 -7.30155751e-029 -3.10159418e-029 -1.31010660e-029
 -5.50275908e-030 -2.29829918e-030 -9.54519547e-031 -3.94198793e-031
 -1.61881774e-031 -6.61047733e-032 -2.68423099e-032 -1.08382497e-032
 -4.35161653e-033 -1.73737787e-033 -6.89747527e-034 -2.72294093e-034
 -1.06890347e-034 -4.17244822e-035 -1.61955471e-035 -6.25104310e-036
 -2.39917298e-036 -9.15635942e-037 -3.47485192e-037 -1.31129973e-037
 -4.92062019e-038 -1.83607288e-038 -6.81258897e-039 -2.51354497e-039
 -9.22174973e-040 -3.36428055e-040 -1.22045923e-040 -4.40257285e-041
 -1.57921778e-041 -5.63286963e-042 -1.99788081e-042 -7.04630844e-043
 -2.47118879e-043 -8.61791887e-044 -2.98848498e-044 -1.03050939e-044
 -3.53349948e-045 -1.20478710e-045 -4.08477169e-046 -1.37713801e-046
 -4.61678174e-047 -1.53905246e-047 -5.10175622e-048 -1.68165995e-048
 -5.51199561e-049 -1.79651870e-049 -5.82246417e-050 -1.87643751e-050
 -6.01330992e-051 -1.91621956e-051 -6.07196350e-052 -1.91322142e-052
 -5.99450765e-053 -1.86764359e-053 -5.78611001e-054 -1.78250834e-054
 -5.46045278e-055 -1.66332816e-055 -5.03824667e-056 -1.51751542e-056
 -4.54505350e-057 -1.35362101e-057 -4.00873524e-058 -1.18051052e-058
 -3.45688195e-059 -1.00658728e-059 -2.91454340e-060 -8.39154283e-061
 -2.40251056e-061 -6.83976208e-062 -1.93628324e-062 -5.45065854e-063
 -1.52574258e-063 -4.24683863e-064 -1.17544537e-064 -3.23512706e-065
 -8.85385562e-066 -2.40949333e-066 -6.52035471e-067 -1.75456279e-067
 -4.69481853e-068 -1.24916816e-068 -3.30502843e-069 -8.69524243e-070
 -2.27478518e-070 -5.91767741e-071 -1.53078565e-071 -3.93758263e-072
 -1.00715700e-072 -2.56163280e-073 -6.47871347e-074 -1.62934432e-074
 -4.07463931e-075 -1.01325247e-075 -2.50552286e-076 -6.16071715e-077
 -1.50631697e-077 -3.66229792e-078 -8.85407450e-079 -2.12855499e-079
 -5.08837108e-080 -1.20955293e-080 -2.85905942e-081 -6.72006825e-082
 -1.57063904e-082 -3.65032297e-083 -8.43603544e-084 -1.93864237e-084
 -4.43005589e-085 -1.00663705e-085 -2.27451506e-086 -5.11042387e-087
 -1.14176632e-087 -2.53658685e-088 -5.60369441e-089 -1.23098101e-089
 -2.68893596e-090 -5.84065789e-091 -1.26152330e-091 -2.70944904e-092
 -5.78653916e-093 -1.22887867e-093 -2.59508338e-094 -5.44936412e-095
 -1.13786972e-095 -2.36260681e-096 -4.87800861e-097 -1.00148829e-097
 -2.04456719e-098 -4.15058299e-099 -8.37855288e-100 -1.68182626e-100
 -3.35695441e-101 -6.66287949e-102 -1.31501490e-102 -2.58078359e-103
 -5.03645206e-104 -9.77349784e-105 -1.88593855e-105 -3.61873895e-106
 -6.90461031e-107 -1.31000602e-107 -2.47149427e-108 -4.63658395e-109
 -8.64945705e-110 -1.60447061e-110 -2.95955820e-111 -5.42842955e-112
 -9.90087839e-113 -1.79566554e-113 -3.23839163e-114 -5.80745015e-115
 -1.03560422e-115 -1.83634525e-116 -3.23792703e-117 -5.67717107e-118
 -9.89803773e-119 -1.71600453e-119 -2.95828460e-120 -5.07123432e-121
 -8.64449452e-122 -1.46527024e-122 -2.46972191e-123 -4.13933506e-124
 -6.89866901e-125 -1.14327902e-125 -1.88404540e-126 -3.08732743e-127
 -5.03067452e-128 -8.15120749e-129 -1.31331794e-129 -2.10411759e-130
 -3.35214145e-131 -5.31039550e-132 -8.36534001e-133 -1.31036574e-133
 -2.04105008e-134 -3.16130932e-135 -4.86891871e-136 -7.45676157e-137
 -1.13558642e-137 -1.71965895e-138 -2.58950442e-139 -3.87742308e-140
 -5.77327076e-141 -8.54777065e-142 -1.25845009e-142 -1.84234658e-143
 -2.68200058e-144 -3.88238503e-145 -5.58843934e-146 -7.99898124e-147
 -1.13849471e-147 -1.61131168e-148 -2.26767229e-149 -3.17346148e-150
 -4.41609462e-151 -6.11076680e-152 -8.40824292e-153 -1.15044799e-153
 -1.56523998e-154 -2.11761533e-155 -2.84882265e-156 -3.81097374e-157
 -5.06942495e-158 -6.70553820e-159 -8.81984157e-160 -1.15355984e-160
 -1.50027776e-161 -1.94023983e-162 -2.49511956e-163 -3.19065249e-164
 -4.05713866e-165 -5.12994131e-166 -6.44996180e-167 -8.06406629e-168
 -1.00254352e-168 -1.23938028e-169 -1.52355498e-170 -1.86236105e-171
 -2.26371541e-172 -2.73610007e-173 -3.28847334e-174 -3.93014773e-175
 -4.67063173e-176 -5.51943440e-177 -6.48583248e-178 -7.57860162e-179
 -8.80571509e-180 -1.01740152e-180 -1.16888648e-181 -1.33537883e-182
 -1.51701139e-183 -1.71366290e-184 -1.92492648e-185 -2.15008239e-186
 -2.38807662e-187 -2.63750694e-188 -2.89661761e-189 -3.16330395e-190
 -3.43512764e-191 -3.70934336e-192 -3.98293660e-193 -4.25267262e-194
 -4.51515546e-195 -4.76689589e-196 -5.00438629e-197 -5.22418063e-198
 -5.42297676e-199 -5.59769850e-200 -5.74557454e-201 -5.86421148e-202
 -5.95165824e-203 -6.00645941e-204 -6.02769554e-205 -6.01500884e-206
 -5.96861317e-207 -5.88928803e-208 -5.77835685e-209 -5.63765016e-210
 -5.46945541e-211 -5.27645515e-212 -5.06165587e-213 -4.82831039e-214
 -4.57983621e-215 -4.31973308e-216 -4.05150220e-217 -3.77856977e-218
 -3.50421716e-219 -3.23151949e-220 -2.96329404e-221 -2.70205955e-222
 -2.45000677e-223 -2.20898036e-224 -1.98047162e-225 -1.76562144e-226
 -1.56523216e-227 -1.37978727e-228 -1.20947725e-229 -1.05423026e-230
 -9.13745915e-232 -7.87530932e-233 -6.74935067e-234 -5.75186343e-235
 -4.87424483e-236 -4.10731785e-237 -3.44160867e-238 -2.86758871e-239
 -2.37587964e-240 -1.95742086e-241 -1.60360052e-242 -1.30635245e-243
 -1.05822189e-244 -8.52403682e-246 -6.82756894e-247 -5.43799835e-248
 -4.30689466e-249 -3.39188897e-250 -2.65626382e-251 -2.06848791e-252
 -1.60172135e-253 -1.23331253e-254 -9.44303340e-256 -7.18955659e-257
 -5.44308213e-258 -4.09769726e-259 -3.06751751e-260 -2.28342333e-261
 -1.69019968e-262 -1.24406135e-263 -9.10537386e-265 -6.62683208e-266
 -4.79585838e-267 -3.45126999e-268 -2.46969726e-269 -1.75735987e-270
 -1.24345448e-271 -8.74885617e-273 -6.12103501e-274 -4.25844116e-275
 -2.94597216e-276 -2.02655701e-277 -1.38624890e-278 -9.42922072e-280
 -6.37767803e-281 -4.28944971e-282 -2.86875044e-283 -1.90781456e-284
 -1.26162925e-285 -8.29620626e-287 -5.42474755e-288 -3.52721330e-289
 -2.28053171e-290 -1.46619829e-291 -9.37349389e-293 -5.95885056e-294
 -3.76682711e-295 -2.36777855e-296 -1.47998964e-297 -9.19874268e-299
 -5.68526176e-300 -3.49401416e-301 -2.13526144e-302 -1.29756658e-303
 -7.84080132e-305 -4.71132915e-306 -2.81500159e-307 -1.67249967e-308
 -9.88110785e-310 -5.80493603e-311 -3.39110656e-312 -1.96987032e-313
 -1.13785268e-314 -6.53561765e-316 -3.73284036e-317 -2.12004063e-318
 -1.19731869e-319 -6.72423344e-321 -3.75489891e-322 -1.97626258e-323
  0.00000000e+000  0.00000000e+000  0.00000000e+000  0.00000000e+000
  0.00000000e+000  0.00000000e+000  0.00000000e+000  0.00000000e+000
  0.00000000e+000  0.00000000e+000  0.00000000e+000  0.00000000e+000
  0.00000000e+000  0.00000000e+000  0.00000000e+000  0.00000000e+000
  0.00000000e+000  0.00000000e+000  0.00000000e+000  0.00000000e+000
  0.00000000e+000  0.00000000e+000  0.00000000e+000  0.00000000e+000
  0.00000000e+000  0.00000000e+000  0.00000000e+000  0.00000000e+000
  0.00000000e+000  0.00000000e+000  0.00000000e+000  0.00000000e+000
  0.00000000e+000  0.00000000e+000  0.00000000e+000  0.00000000e+000
  0.00000000e+000  0.00000000e+000  0.00000000e+000  0.00000000e+000
  0.00000000e+000  0.00000000e+000  0.00000000e+000  0.00000000e+000
  0.00000000e+000  0.00000000e+000  0.00000000e+000  0.00000000e+000
  0.00000000e+000  0.00000000e+000  0.00000000e+000  0.00000000e+000
  0.00000000e+000  0.00000000e+000  0.00000000e+000  0.00000000e+000
  0.00000000e+000  0.00000000e+000  0.00000000e+000  0.00000000e+000
  0.00000000e+000  0.00000000e+000  0.00000000e+000  0.00000000e+000
  0.00000000e+000  0.00000000e+000  0.00000000e+000  0.00000000e+000
  0.00000000e+000  0.00000000e+000  0.00000000e+000  0.00000000e+000
  0.00000000e+000  0.00000000e+000  0.00000000e+000  0.00000000e+000
  0.00000000e+000  0.00000000e+000  0.00000000e+000  0.00000000e+000
  0.00000000e+000  0.00000000e+000  0.00000000e+000  0.00000000e+000
  0.00000000e+000  0.00000000e+000  0.00000000e+000  0.00000000e+000]
symrep = 0 - 0.83*np.exp(-(x--4.080239999999999)**2/(2*0.5333333333333333**2))
    