energies = {0: [-0.547402241693864], 1: [], 2: []}
wfns = {0: [array([ 0.00000000e+00,  3.92426925e-11,  7.85542736e-11,  1.18003753e-10,
        1.57660382e-10,  1.97593777e-10,  2.37874039e-10,  2.78571876e-10,
        3.19758734e-10,  3.61506913e-10,  4.03889700e-10,  4.46981496e-10,
        4.90857947e-10,  5.35596076e-10,  5.81274419e-10,  6.27973161e-10,
        6.75774280e-10,  7.24761689e-10,  7.75021383e-10,  8.26641590e-10,
        8.79712927e-10,  9.34328559e-10,  9.90584360e-10,  1.04857908e-09,
        1.10841454e-09,  1.17019576e-09,  1.23403121e-09,  1.30003294e-09,
        1.36831682e-09,  1.43900271e-09,  1.51221471e-09,  1.58808132e-09,
        1.66673574e-09,  1.74831603e-09,  1.83296541e-09,  1.92083247e-09,
        2.01207146e-09,  2.10684255e-09,  2.20531210e-09,  2.30765297e-09,
        2.41404482e-09,  2.52467441e-09,  2.63973594e-09,  2.75943140e-09,
        2.88397092e-09,  3.01357311e-09,  3.14846548e-09,  3.28888484e-09,
        3.43507768e-09,  3.58730063e-09,  3.74582092e-09,  3.91091682e-09,
        4.08287815e-09,  4.26200678e-09,  4.44861716e-09,  4.64303688e-09,
        4.84560723e-09,  5.05668381e-09,  5.27663716e-09,  5.50585339e-09,
        5.74473489e-09,  5.99370100e-09,  6.25318877e-09,  6.52365371e-09,
        6.80557062e-09,  7.09943439e-09,  7.40576087e-09,  7.72508782e-09,
        8.05797579e-09,  8.40500916e-09,  8.76679712e-09,  9.14397478e-09,
        9.53720425e-09,  9.94717584e-09,  1.03746092e-08,  1.08202547e-08,
        1.12848947e-08,  1.17693447e-08,  1.22744553e-08,  1.28011131e-08,
        1.33502427e-08,  1.39228079e-08,  1.45198140e-08,  1.51423090e-08,
        1.57913855e-08,  1.64681831e-08,  1.71738898e-08,  1.79097444e-08,
        1.86770388e-08,  1.94771198e-08,  2.03113920e-08,  2.11813198e-08,
        2.20884305e-08,  2.30343163e-08,  2.40206378e-08,  2.50491264e-08,
        2.61215875e-08,  2.72399039e-08,  2.84060386e-08,  2.96220387e-08,
        3.08900390e-08,  3.22122652e-08,  3.35910385e-08,  3.50287794e-08,
        3.65280115e-08,  3.80913669e-08,  3.97215899e-08,  4.14215422e-08,
        4.31942081e-08,  4.50426993e-08,  4.69702609e-08,  4.89802766e-08,
        5.10762748e-08,  5.32619350e-08,  5.55410939e-08,  5.79177527e-08,
        6.03960833e-08,  6.29804364e-08,  6.56753486e-08,  6.84855508e-08,
        7.14159761e-08,  7.44717688e-08,  7.76582932e-08,  8.09811430e-08,
        8.44461513e-08,  8.80594009e-08,  9.18272346e-08,  9.57562666e-08,
        9.98533942e-08,  1.04125810e-07,  1.08581013e-07,  1.13226825e-07,
        1.18071402e-07,  1.23123247e-07,  1.28391230e-07,  1.33884597e-07,
        1.39612992e-07,  1.45586471e-07,  1.51815520e-07,  1.58311074e-07,
        1.65084536e-07,  1.72147796e-07,  1.79513253e-07,  1.87193837e-07,
        1.95203031e-07,  2.03554895e-07,  2.12264090e-07,  2.21345904e-07,
        2.30816280e-07,  2.40691844e-07,  2.50989930e-07,  2.61728618e-07,
        2.72926758e-07,  2.84604007e-07,  2.96780866e-07,  3.09478709e-07,
        3.22719827e-07,  3.36527465e-07,  3.50925861e-07,  3.65940290e-07,
        3.81597111e-07,  3.97923807e-07,  4.14949039e-07,  4.32702695e-07,
        4.51215940e-07,  4.70521272e-07,  4.90652583e-07,  5.11645211e-07,
        5.33536008e-07,  5.56363402e-07,  5.80167466e-07,  6.04989986e-07,
        6.30874537e-07,  6.57866559e-07,  6.86013434e-07,  7.15364574e-07,
        7.45971502e-07,  7.77887947e-07,  8.11169938e-07,  8.45875899e-07,
        8.82066755e-07,  9.19806038e-07,  9.59159996e-07,  1.00019771e-06,
        1.04299123e-06,  1.08761567e-06,  1.13414937e-06,  1.18267401e-06,
        1.23327478e-06,  1.28604051e-06,  1.34106382e-06,  1.39844130e-06,
        1.45827368e-06,  1.52066599e-06,  1.58572776e-06,  1.65357320e-06,
        1.72432141e-06,  1.79809658e-06,  1.87502822e-06,  1.95525139e-06,
        2.03890691e-06,  2.12614164e-06,  2.21710870e-06,  2.31196779e-06,
        2.41088544e-06,  2.51403528e-06,  2.62159838e-06,  2.73376358e-06,
        2.85072778e-06,  2.97269629e-06,  3.09988322e-06,  3.23251186e-06,
        3.37081501e-06,  3.51503548e-06,  3.66542642e-06,  3.82225184e-06,
        3.98578704e-06,  4.15631911e-06,  4.33414739e-06,  4.51958407e-06,
        4.71295466e-06,  4.91459862e-06,  5.12486992e-06,  5.34413769e-06,
        5.57278684e-06,  5.81121876e-06,  6.05985199e-06,  6.31912300e-06,
        6.58948694e-06,  6.87141841e-06,  7.16541232e-06,  7.47198478e-06,
        7.79167396e-06,  8.12504104e-06,  8.47267126e-06,  8.83517484e-06,
        9.21318815e-06,  9.60737478e-06,  1.00184267e-05,  1.04470655e-05,
        1.08940436e-05,  1.13601457e-05,  1.18461900e-05,  1.23530297e-05,
        1.28815546e-05,  1.34326924e-05,  1.40074107e-05,  1.46067184e-05,
        1.52316674e-05,  1.58833549e-05,  1.65629249e-05,  1.72715703e-05,
        1.80105351e-05,  1.87811166e-05,  1.95846675e-05,  2.04225982e-05,
        2.12963799e-05,  2.22075464e-05,  2.31576972e-05,  2.41485002e-05,
        2.51816948e-05,  2.62590946e-05,  2.73825910e-05,  2.85541563e-05,
        2.97758470e-05,  3.10498078e-05,  3.23782751e-05,  3.37635809e-05,
        3.52081571e-05,  3.67145395e-05,  3.82853726e-05,  3.99234138e-05,
        4.16315386e-05,  4.34127457e-05,  4.52701618e-05,  4.72070475e-05,
        4.92268029e-05,  5.13329737e-05,  5.35292570e-05,  5.58195085e-05,
        5.82077484e-05,  6.06981692e-05,  6.32951429e-05,  6.60032281e-05,
        6.88271789e-05,  7.17719525e-05,  7.48427184e-05,  7.80448672e-05,
        8.13840199e-05,  8.48660385e-05,  8.84970354e-05,  9.22833847e-05,
        9.62317330e-05,  1.00349012e-04,  1.04642448e-04,  1.09119579e-04,
        1.13788265e-04,  1.18656701e-04,  1.23733432e-04,  1.29027372e-04,
        1.34547814e-04,  1.40304447e-04,  1.46307379e-04,  1.52567146e-04,
        1.59094737e-04,  1.65901612e-04,  1.72999719e-04,  1.80401519e-04,
        1.88120005e-04,  1.96168727e-04,  2.04561814e-04,  2.13314000e-04,
        2.22440648e-04,  2.31957780e-04,  2.41882103e-04,  2.52231039e-04,
        2.63022754e-04,  2.74276193e-04,  2.86011111e-04,  2.98248108e-04,
        3.11008665e-04,  3.24315184e-04,  3.38191022e-04,  3.52660538e-04,
        3.67749134e-04,  3.83483295e-04,  3.99890644e-04,  4.16999981e-04,
        4.34841342e-04,  4.53446046e-04,  4.72846754e-04,  4.93077521e-04,
        5.14173863e-04,  5.36172812e-04,  5.59112988e-04,  5.83034660e-04,
        6.07979821e-04,  6.33992262e-04,  6.61117647e-04,  6.89403592e-04,
        7.18899753e-04,  7.49657908e-04,  7.81732052e-04,  8.15178489e-04,
        8.50055934e-04,  8.86425611e-04,  9.24351367e-04,  9.63899777e-04,
        1.00514027e-03,  1.04814524e-03,  1.09299017e-03,  1.13975380e-03,
        1.18851821e-03,  1.23936901e-03,  1.29239546e-03,  1.34769066e-03,
        1.40535166e-03,  1.46547968e-03,  1.52818029e-03,  1.59356354e-03,
        1.66174422e-03,  1.73284202e-03,  1.80698173e-03,  1.88429351e-03,
        1.96491309e-03,  2.04898197e-03,  2.13664774e-03,  2.22806429e-03,
        2.32339210e-03,  2.42279851e-03,  2.52645802e-03,  2.63455260e-03,
        2.74727201e-03,  2.86481410e-03,  2.98738523e-03,  3.11520054e-03,
        3.24848441e-03,  3.38747080e-03,  3.53240369e-03,  3.68353747e-03,
        3.84113743e-03,  4.00548022e-03,  4.17685428e-03,  4.35556041e-03,
        4.54191227e-03,  4.73623691e-03,  4.93887535e-03,  5.15018321e-03,
        5.37053127e-03,  5.60030613e-03,  5.83991091e-03,  6.08976590e-03,
        6.35030930e-03,  6.62199798e-03,  6.90530823e-03,  7.20073659e-03,
        7.50880067e-03,  7.83003998e-03,  8.16501690e-03,  8.51431751e-03,
        8.87855256e-03,  9.25835845e-03,  9.65439822e-03,  1.00673625e-02,
        1.04979707e-02,  1.09469717e-02,  1.14151454e-02,  1.19033032e-02,
        1.24122895e-02,  1.29429825e-02,  1.34962953e-02,  1.40731765e-02,
        1.46746118e-02,  1.53016242e-02,  1.59552748e-02,  1.66366638e-02,
        1.73469308e-02,  1.80872547e-02,  1.88588545e-02,  1.96629888e-02,
        2.05009553e-02,  2.13740902e-02,  2.22837671e-02,  2.32313952e-02,
        2.42184177e-02,  2.52463085e-02,  2.63165695e-02,  2.74307265e-02,
        2.85903240e-02,  2.97969201e-02,  3.10520793e-02,  3.23573653e-02,
        3.37143317e-02,  3.51245118e-02,  3.65894076e-02,  3.81104763e-02,
        3.96891160e-02,  4.13266498e-02,  4.30243077e-02,  4.47832076e-02,
        4.66043334e-02,  4.84885129e-02,  5.04363924e-02,  5.24484108e-02,
        5.45247715e-02,  5.66654132e-02,  5.88699790e-02,  6.11377854e-02,
        6.34677895e-02,  6.58585566e-02,  6.83082276e-02,  7.08144868e-02,
        7.33745313e-02,  7.59850415e-02,  7.86421543e-02,  8.13414391e-02,
        8.40778781e-02,  8.68458506e-02,  8.96391227e-02,  9.24508440e-02,
        9.52735500e-02,  9.80991730e-02,  1.00919061e-01,  1.03724005e-01,
        1.06504278e-01,  1.09249678e-01,  1.11949588e-01,  1.14593039e-01,
        1.17168789e-01,  1.19665403e-01,  1.22071348e-01,  1.24375092e-01,
        1.26565210e-01,  1.28630494e-01,  1.30560065e-01,  1.32343490e-01,
        1.33970896e-01,  1.35433077e-01,  1.36721609e-01,  1.37828943e-01,
        1.38748499e-01,  1.39474751e-01,  1.40003291e-01,  1.40330891e-01,
        1.40455537e-01,  1.40376462e-01,  1.40094155e-01,  1.39610348e-01,
        1.38928004e-01,  1.38051269e-01,  1.36985426e-01,  1.35736825e-01,
        1.34312805e-01,  1.32721604e-01,  1.30972262e-01,  1.29074511e-01,
        1.27038670e-01,  1.24875527e-01,  1.22596226e-01,  1.20212155e-01,
        1.17734830e-01,  1.15175793e-01,  1.12546509e-01,  1.09858272e-01,
        1.07122117e-01,  1.04348747e-01,  1.01548462e-01,  9.87310996e-02,
        9.59059884e-02,  9.30819078e-02,  9.02670581e-02,  8.74690400e-02,
        8.46948420e-02,  8.19508357e-02,  7.92427785e-02,  7.65758220e-02,
        7.39545265e-02,  7.13828802e-02,  6.88643222e-02,  6.64017685e-02,
        6.39976411e-02,  6.16538987e-02,  5.93720680e-02,  5.71532769e-02,
        5.49982865e-02,  5.29075240e-02,  5.08811141e-02,  4.89189101e-02,
        4.70205233e-02,  4.51853515e-02,  4.34126053e-02,  4.17013337e-02,
        4.00504469e-02,  3.84587382e-02,  3.69249038e-02,  3.54475608e-02,
        3.40252640e-02,  3.26565203e-02,  3.13398023e-02,  3.00735599e-02,
        2.88562310e-02,  2.76862506e-02,  2.65620584e-02,  2.54821064e-02,
        2.44448642e-02,  2.34488243e-02,  2.24925059e-02,  2.15744589e-02,
        2.06932663e-02,  1.98475462e-02,  1.90359541e-02,  1.82571836e-02,
        1.75099672e-02,  1.67930771e-02,  1.61053254e-02,  1.54455636e-02,
        1.48126830e-02,  1.42056136e-02,  1.36233238e-02,  1.30648200e-02,
        1.25291451e-02,  1.20153782e-02,  1.15226333e-02,  1.10500587e-02,
        1.05968355e-02,  1.01621771e-02,  9.74532745e-03,  9.34556084e-03,
        8.96218024e-03,  8.59451653e-03,  8.24192744e-03,  7.90379654e-03,
        7.57953232e-03,  7.26856720e-03,  6.97035660e-03,  6.68437809e-03,
        6.41013050e-03,  6.14713306e-03,  5.89492464e-03,  5.65306292e-03,
        5.42112367e-03,  5.19869998e-03,  4.98540162e-03,  4.78085431e-03,
        4.58469911e-03,  4.39659178e-03,  4.21620219e-03,  4.04321374e-03,
        3.87732279e-03,  3.71823817e-03,  3.56568065e-03,  3.41938244e-03,
        3.27908673e-03,  3.14454727e-03,  3.01552787e-03,  2.89180207e-03,
        2.77315267e-03,  2.65937140e-03,  2.55025851e-03,  2.44562247e-03,
        2.34527961e-03,  2.24905376e-03,  2.15677602e-03,  2.06828439e-03,
        1.98342354e-03,  1.90204449e-03,  1.82400439e-03,  1.74916624e-03,
        1.67739867e-03,  1.60857570e-03,  1.54257650e-03,  1.47928522e-03,
        1.41859076e-03,  1.36038656e-03,  1.30457046e-03,  1.25104447e-03,
        1.19971463e-03,  1.15049083e-03,  1.10328666e-03,  1.05801926e-03,
        1.01460917e-03,  9.72980169e-04,  9.33059191e-04,  8.94776155e-04,
        8.58063855e-04,  8.22857846e-04,  7.89096325e-04,  7.56720025e-04,
        7.25672111e-04,  6.95898080e-04,  6.67345665e-04,  6.39964744e-04,
        6.13707251e-04,  5.88527091e-04,  5.64380063e-04,  5.41223778e-04,
        5.19017585e-04,  4.97722503e-04,  4.77301149e-04,  4.57717674e-04,
        4.38937702e-04,  4.20928263e-04,  4.03657744e-04,  3.87095828e-04,
        3.71213439e-04,  3.55982698e-04,  3.41376868e-04,  3.27370309e-04,
        3.13938433e-04,  3.01057661e-04,  2.88705381e-04,  2.76859910e-04,
        2.65500454e-04,  2.54607070e-04,  2.44160638e-04,  2.34142818e-04,
        2.24536024e-04,  2.15323393e-04,  2.06488752e-04,  1.98016592e-04,
        1.89892041e-04,  1.82100836e-04,  1.74629301e-04,  1.67464319e-04,
        1.60593313e-04,  1.54004221e-04,  1.47685475e-04,  1.41625985e-04,
        1.35815113e-04,  1.30242657e-04,  1.24898836e-04,  1.19774269e-04,
        1.14859961e-04,  1.10147283e-04,  1.05627964e-04,  1.01294069e-04,
        9.71379920e-05,  9.31524357e-05,  8.93304041e-05,  8.56651878e-05,
        8.21503527e-05,  7.87797286e-05,  7.55473986e-05,  7.24476884e-05,
        6.94751568e-05,  6.66245855e-05,  6.38909705e-05,  6.12695130e-05,
        5.87556113e-05,  5.63448523e-05,  5.40330040e-05,  5.18160080e-05,
        4.96899726e-05,  4.76511656e-05,  4.56960080e-05,  4.38210675e-05,
        4.20230529e-05,  4.02988077e-05,  3.86453051e-05,  3.70596426e-05,
        3.55390365e-05,  3.40808175e-05,  3.26824258e-05,  3.13414065e-05,
        3.00554055e-05,  2.88221654e-05,  2.76395213e-05,  2.65053970e-05,
        2.54178017e-05,  2.43748261e-05,  2.33746394e-05,  2.24154857e-05,
        2.14956814e-05,  2.06136117e-05,  1.97677283e-05,  1.89565461e-05,
        1.81786413e-05,  1.74326482e-05,  1.67172573e-05,  1.60312127e-05,
        1.53733102e-05,  1.47423948e-05,  1.41373590e-05,  1.35571406e-05,
        1.30007211e-05,  1.24671238e-05,  1.19554120e-05,  1.14646873e-05,
        1.09940883e-05,  1.05427889e-05,  1.01099969e-05,  9.69495252e-06,
        9.29692716e-06,  8.91522211e-06,  8.54916731e-06,  8.19812016e-06,
        7.86146443e-06,  7.53860913e-06,  7.22898750e-06,  6.93205601e-06,
        6.64729342e-06,  6.37419983e-06,  6.11229585e-06,  5.86112172e-06,
        5.62023651e-06,  5.38921735e-06,  5.16765872e-06,  4.95517166e-06,
        4.75138317e-06,  4.55593551e-06,  4.36848558e-06,  4.18870431e-06,
        4.01627612e-06,  3.85089831e-06,  3.69228057e-06,  3.54014445e-06,
        3.39422289e-06,  3.25425973e-06,  3.12000926e-06,  2.99123583e-06,
        2.86771336e-06,  2.74922503e-06,  2.63556284e-06,  2.52652725e-06,
        2.42192686e-06,  2.32157804e-06,  2.22530465e-06,  2.13293768e-06,
        2.04431497e-06,  1.95928096e-06,  1.87768638e-06,  1.79938799e-06,
        1.72424833e-06,  1.65213552e-06,  1.58292295e-06,  1.51648912e-06,
        1.45271742e-06,  1.39149590e-06,  1.33271708e-06,  1.27627778e-06,
        1.22207893e-06,  1.17002538e-06,  1.12002575e-06,  1.07199228e-06,
        1.02584064e-06,  9.81489810e-07,  9.38861941e-07,  8.97882199e-07,
        8.58478648e-07,  8.20582114e-07,  7.84126074e-07,  7.49046530e-07,
        7.15281901e-07,  6.82772916e-07,  6.51462507e-07,  6.21295708e-07,
        5.92219566e-07,  5.64183036e-07,  5.37136903e-07,  5.11033688e-07,
        4.85827569e-07,  4.61474297e-07,  4.37931121e-07,  4.15156713e-07,
        3.93111092e-07,  3.71755560e-07,  3.51052626e-07,  3.30965949e-07,
        3.11460267e-07,  2.92501339e-07,  2.74055883e-07,  2.56091519e-07,
        2.38576711e-07,  2.21480714e-07,  2.04773515e-07,  1.88425787e-07,
        1.72408831e-07,  1.56694531e-07,  1.41255300e-07,  1.26064037e-07,
        1.11094073e-07,  9.63191291e-08,  8.17132690e-08,  6.72508528e-08,
        5.29064922e-08,  3.86550065e-08,  2.44713778e-08,  1.03307075e-08,
       -3.79182781e-09, -1.79210195e-08, -3.20816706e-08, -4.62986396e-08,
       -6.05968837e-08, -7.50015027e-08, -8.95377833e-08, -1.04231243e-07,
       -1.19107676e-07, -1.34193197e-07, -1.49514288e-07, -1.65097844e-07,
       -1.80971221e-07, -1.97162284e-07, -2.13699457e-07, -2.30611769e-07,
       -2.47928909e-07, -2.65681277e-07, -2.83900035e-07, -3.02617166e-07,
       -3.21865528e-07, -3.41678909e-07, -3.62092091e-07, -3.83140909e-07,
       -4.04862312e-07, -4.27294432e-07, -4.50476648e-07, -4.74449653e-07,
       -4.99255533e-07, -5.24937831e-07, -5.51541634e-07, -5.79113641e-07,
       -6.07702255e-07, -6.37357662e-07, -6.68131919e-07, -7.00079051e-07,
       -7.33255138e-07, -7.67718419e-07, -8.03529394e-07, -8.40750927e-07,
       -8.79448358e-07, -9.19689619e-07, -9.61545352e-07, -1.00508903e-06,
       -1.05039710e-06, -1.09754909e-06, -1.14662777e-06, -1.19771930e-06,
       -1.25091338e-06, -1.30630337e-06, -1.36398652e-06, -1.42406408e-06,
       -1.48664151e-06, -1.55182868e-06, -1.61974001e-06, -1.69049471e-06,
       -1.76421700e-06, -1.84103628e-06, -1.92108742e-06, -2.00451094e-06,
       -2.09145328e-06, -2.18206707e-06, -2.27651137e-06, -2.37495198e-06,
       -2.47756170e-06, -2.58452067e-06, -2.69601664e-06, -2.81224534e-06,
       -2.93341081e-06, -3.05972574e-06, -3.19141187e-06, -3.32870037e-06,
       -3.47183225e-06, -3.62105876e-06, -3.77664188e-06, -3.93885471e-06,
       -4.10798201e-06, -4.28432067e-06, -4.46818027e-06, -4.65988353e-06,
       -4.85976701e-06, -5.06818157e-06, -5.28549309e-06, -5.51208304e-06,
       -5.74834918e-06, -5.99470629e-06, -6.25158681e-06, -6.51944170e-06,
       -6.79874117e-06, -7.08997549e-06, -7.39365594e-06, -7.71031559e-06,
       -8.04051034e-06, -8.38481983e-06, -8.74384847e-06, -9.11822652e-06,
       -9.50861118e-06, -9.91568776e-06, -1.03401709e-05, -1.07828056e-05,
       -1.12443691e-05, -1.17256716e-05, -1.22275579e-05, -1.27509091e-05,
       -1.32966439e-05, -1.38657203e-05, -1.44591374e-05, -1.50779368e-05,
       -1.57232047e-05, -1.63960741e-05, -1.70977259e-05, -1.78293920e-05,
       -1.85923568e-05, -1.93879596e-05, -2.02175970e-05, -2.10827254e-05,
       -2.19848635e-05, -2.29255951e-05, -2.39065714e-05, -2.49295146e-05,
       -2.59962204e-05, -2.71085613e-05, -2.82684900e-05, -2.94780427e-05,
       -3.07393427e-05, -3.20546041e-05, -3.34261359e-05, -3.48563457e-05,
       -3.63477442e-05, -3.79029494e-05, -3.95246914e-05, -4.12158171e-05,
       -4.29792953e-05, -4.48182216e-05, -4.67358241e-05, -4.87354692e-05,
       -5.08206670e-05, -5.29950781e-05, -5.52625196e-05, -5.76269718e-05,
       -6.00925855e-05, -6.26636888e-05, -6.53447952e-05, -6.81406113e-05,
       -7.10560451e-05, -7.40962143e-05, -7.72664560e-05, -8.05723352e-05,
       -8.40196554e-05, -8.76144681e-05, -9.13630838e-05, -9.52720831e-05,
       -9.93483280e-05, -1.03598974e-04, -1.08031483e-04, -1.12653637e-04,
       -1.17473548e-04, -1.22499679e-04, -1.27740852e-04, -1.33206269e-04,
       -1.38905522e-04, -1.44848618e-04, -1.51045988e-04, -1.57508512e-04,
       -1.64247536e-04, -1.71274887e-04, -1.78602904e-04, -1.86244450e-04,
       -1.94212939e-04, -2.02522360e-04, -2.11187299e-04, -2.20222967e-04])], 1: [], 2: []}
KEDs = {0: [array([ 0.00000000e+00,  5.41150065e-24,  1.62725171e-23,  3.26593470e-23,
        5.46871058e-23,  8.25105363e-23,  1.16325095e-22,  1.56368326e-22,
        2.02921528e-22,  2.56311732e-22,  3.16913999e-22,  3.85154053e-22,
        4.61511274e-22,  5.46522062e-22,  6.40783609e-22,  7.44958093e-22,
        8.59777327e-22,  9.86047904e-22,  1.12465686e-21,  1.27657791e-21,
        1.44287829e-21,  1.62472623e-21,  1.82339919e-21,  2.04029284e-21,
        2.27693083e-21,  2.53497551e-21,  2.81623961e-21,  3.12269900e-21,
        3.45650652e-21,  3.82000711e-21,  4.21575435e-21,  4.64652830e-21,
        5.11535512e-21,  5.62552825e-21,  6.18063161e-21,  6.78456474e-21,
        7.44157020e-21,  8.15626339e-21,  8.93366495e-21,  9.77923604e-21,
        1.06989167e-20,  1.16991676e-20,  1.27870154e-20,  1.39701021e-20,
        1.52567387e-20,  1.66559638e-20,  1.81776068e-20,  1.98323569e-20,
        2.16318388e-20,  2.35886934e-20,  2.57166676e-20,  2.80307101e-20,
        3.05470768e-20,  3.32834449e-20,  3.62590371e-20,  3.94947566e-20,
        4.30133341e-20,  4.68394870e-20,  5.10000938e-20,  5.55243822e-20,
        6.04441350e-20,  6.57939127e-20,  7.16112970e-20,  7.79371545e-20,
        8.48159236e-20,  9.22959268e-20,  1.00429711e-19,  1.09274414e-19,
        1.18892169e-19,  1.29350541e-19,  1.40722997e-19,  1.53089429e-19,
        1.66536710e-19,  1.81159304e-19,  1.97059934e-19,  2.14350300e-19,
        2.33151866e-19,  2.53596709e-19,  2.75828454e-19,  3.00003275e-19,
        3.26290999e-19,  3.54876293e-19,  3.85959965e-19,  4.19760377e-19,
        4.56514971e-19,  4.96481945e-19,  5.39942063e-19,  5.87200627e-19,
        6.38589623e-19,  6.94470053e-19,  7.55234473e-19,  8.21309744e-19,
        8.93160039e-19,  9.71290098e-19,  1.05624878e-18,  1.14863290e-18,
        1.24909146e-18,  1.35833016e-18,  1.47711639e-18,  1.60628462e-18,
        1.74674224e-18,  1.89947594e-18,  2.06555867e-18,  2.24615714e-18,
        2.44254003e-18,  2.65608691e-18,  2.88829792e-18,  3.14080433e-18,
        3.41537996e-18,  3.71395368e-18,  4.03862293e-18,  4.39166848e-18,
        4.77557044e-18,  5.19302568e-18,  5.64696677e-18,  6.14058261e-18,
        6.67734078e-18,  7.26101197e-18,  7.89569639e-18,  8.58585264e-18,
        9.33632898e-18,  1.01523974e-17,  1.10397908e-17,  1.20047429e-17,
        1.30540325e-17,  1.41950306e-17,  1.54357527e-17,  1.67849147e-17,
        1.82519943e-17,  1.98472976e-17,  2.15820315e-17,  2.34683822e-17,
        2.55196011e-17,  2.77500979e-17,  3.01755416e-17,  3.28129706e-17,
        3.56809125e-17,  3.87995145e-17,  4.21906842e-17,  4.58782444e-17,
        4.98880996e-17,  5.42484188e-17,  5.89898327e-17,  6.41456492e-17,
        6.97520873e-17,  7.58485318e-17,  8.24778094e-17,  8.96864901e-17,
        9.75252141e-17,  1.06049048e-16,  1.15317870e-16,  1.25396793e-16,
        1.36356620e-16,  1.48274343e-16,  1.61233683e-16,  1.75325678e-16,
        1.90649321e-16,  2.07312261e-16,  2.25431553e-16,  2.45134483e-16,
        2.66559461e-16,  2.89856996e-16,  3.15190750e-16,  3.42738691e-16,
        3.72694339e-16,  4.05268131e-16,  4.40688892e-16,  4.79205451e-16,
        5.21088382e-16,  5.66631907e-16,  6.16155966e-16,  6.70008460e-16,
        7.28567695e-16,  7.92245046e-16,  8.61487838e-16,  9.36782494e-16,
        1.01865795e-15,  1.10768938e-15,  1.20450220e-15,  1.30977654e-15,
        1.42425191e-15,  1.54873251e-15,  1.68409279e-15,  1.83128364e-15,
        1.99133907e-15,  2.16538345e-15,  2.35463942e-15,  2.56043648e-15,
        2.78422034e-15,  3.02756305e-15,  3.29217406e-15,  3.57991225e-15,
        3.89279894e-15,  4.23303213e-15,  4.60300192e-15,  5.00530730e-15,
        5.44277443e-15,  5.91847647e-15,  6.43575517e-15,  6.99824436e-15,
        7.60989547e-15,  8.27500527e-15,  8.99824610e-15,  9.78469864e-15,
        1.06398876e-14,  1.15698207e-14,  1.25810305e-14,  1.36806207e-14,
        1.48763158e-14,  1.61765154e-14,  1.75903532e-14,  1.91277615e-14,
        2.07995401e-14,  2.26174333e-14,  2.45942115e-14,  2.67437615e-14,
        2.90811834e-14,  3.16228975e-14,  3.43867591e-14,  3.73921839e-14,
        4.06602848e-14,  4.42140198e-14,  4.80783535e-14,  5.22804325e-14,
        5.68497759e-14,  6.18184827e-14,  6.72214578e-14,  7.30966563e-14,
        7.94853510e-14,  8.64324216e-14,  9.39866707e-14,  1.02201166e-13,
        1.11133613e-13,  1.20846762e-13,  1.31408847e-13,  1.42894064e-13,
        1.55383097e-13,  1.68963680e-13,  1.83731213e-13,  1.99789439e-13,
        2.17251164e-13,  2.36239055e-13,  2.56886500e-13,  2.79338545e-13,
        3.03752913e-13,  3.30301112e-13,  3.59169641e-13,  3.90561297e-13,
        4.24696605e-13,  4.61815360e-13,  5.02178319e-13,  5.46069025e-13,
        5.93795808e-13,  6.45693942e-13,  7.02128006e-13,  7.63494444e-13,
        8.30224347e-13,  9.02786487e-13,  9.81690604e-13,  1.06749099e-12,
        1.16079039e-12,  1.26224421e-12,  1.37256516e-12,  1.49252824e-12,
        1.62297616e-12,  1.76482532e-12,  1.91907218e-12,  2.08680032e-12,
        2.26918801e-12,  2.46751649e-12,  2.68317901e-12,  2.91769058e-12,
        3.17269860e-12,  3.44999449e-12,  3.75152622e-12,  4.07941201e-12,
        4.43595524e-12,  4.82366057e-12,  5.24525159e-12,  5.70368994e-12,
        6.20219609e-12,  6.74427200e-12,  7.33372570e-12,  7.97469802e-12,
        8.67169173e-12,  9.42960315e-12,  1.02537565e-11,  1.11499414e-11,
        1.21244534e-11,  1.31841384e-11,  1.43364405e-11,  1.55894546e-11,
        1.69519829e-11,  1.84335971e-11,  2.00447053e-11,  2.17966254e-11,
        2.37016644e-11,  2.57732051e-11,  2.80257997e-11,  3.04752725e-11,
        3.31388309e-11,  3.60351859e-11,  3.91846842e-11,  4.26094507e-11,
        4.63335440e-11,  5.03831255e-11,  5.47866429e-11,  5.95750306e-11,
        6.47819264e-11,  7.04439083e-11,  7.66007510e-11,  8.32957057e-11,
        9.05758037e-11,  9.84921869e-11,  1.07100467e-10,  1.16461117e-10,
        1.26639893e-10,  1.37708301e-10,  1.49744094e-10,  1.62831824e-10,
        1.77063430e-10,  1.92538887e-10,  2.09366909e-10,  2.27665711e-10,
        2.47563840e-10,  2.69201078e-10,  2.92729424e-10,  3.18314164e-10,
        3.46135025e-10,  3.76387448e-10,  4.09283952e-10,  4.45055632e-10,
        4.83953779e-10,  5.26251650e-10,  5.72246381e-10,  6.22261081e-10,
        6.76647098e-10,  7.35786488e-10,  8.00094698e-10,  8.70023487e-10,
        9.46064097e-10,  1.02875070e-09,  1.11866417e-09,  1.21643614e-09,
        1.32275344e-09,  1.43836293e-09,  1.56407677e-09,  1.70077808e-09,
        1.84942717e-09,  2.01106829e-09,  2.18683694e-09,  2.37796788e-09,
        2.58580378e-09,  2.81180467e-09,  3.05755817e-09,  3.32479068e-09,
        3.61537946e-09,  3.93136587e-09,  4.27496965e-09,  4.64860459e-09,
        5.05489540e-09,  5.49669620e-09,  5.97711055e-09,  6.49951327e-09,
        7.06757408e-09,  7.68528347e-09,  8.35698061e-09,  9.08738391e-09,
        9.88162411e-09,  1.07452803e-08,  1.16844190e-08,  1.27056370e-08,
        1.38161072e-08,  1.50236293e-08,  1.63366844e-08,  1.77644941e-08,
        1.93170857e-08,  2.10053619e-08,  2.28411771e-08,  2.48374203e-08,
        2.70081053e-08,  2.93684679e-08,  3.19350722e-08,  3.47259257e-08,
        3.77606041e-08,  4.10603862e-08,  4.46484011e-08,  4.85497868e-08,
        5.27918619e-08,  5.74043114e-08,  6.24193881e-08,  6.78721284e-08,
        7.38005865e-08,  8.02460852e-08,  8.72534865e-08,  9.48714807e-08,
        1.03152896e-07,  1.12155031e-07,  1.21940003e-07,  1.32575123e-07,
        1.44133290e-07,  1.56693405e-07,  1.70340800e-07,  1.85167691e-07,
        2.01273636e-07,  2.18766010e-07,  2.37760475e-07,  2.58381450e-07,
        2.80762571e-07,  3.05047115e-07,  3.31388397e-07,  3.59950098e-07,
        3.90906519e-07,  4.24442725e-07,  4.60754559e-07,  5.00048475e-07,
        5.42541155e-07,  5.88458858e-07,  6.38036447e-07,  6.91516013e-07,
        7.49145037e-07,  8.11173987e-07,  8.77853266e-07,  9.49429392e-07,
        1.02614030e-06,  1.10820964e-06,  1.19583991e-06,  1.28920431e-06,
        1.38843714e-06,  1.49362262e-06,  1.60478198e-06,  1.72185860e-06,
        1.84470123e-06,  1.97304505e-06,  2.10649064e-06,  2.24448070e-06,
        2.38627476e-06,  2.53092187e-06,  2.67723163e-06,  2.82374387e-06,
        2.96869752e-06,  3.10999935e-06,  3.24519349e-06,  3.37143274e-06,
        3.48545304e-06,  3.58355255e-06,  3.66157714e-06,  3.71491423e-06,
        3.73849703e-06,  3.72682152e-06,  3.67397847e-06,  3.57370273e-06,
        3.41944202e-06,  3.20444705e-06,  2.92188444e-06,  2.56497339e-06,
        2.12714610e-06,  1.60223113e-06,  9.84657852e-07,  2.69678541e-07,
       -5.46396246e-07, -1.46595520e-06, -2.48984408e-06, -3.61713255e-06,
       -4.84489991e-06, -6.16805044e-06, -7.57916933e-06, -9.06843028e-06,
       -1.06235650e-05, -1.22299038e-05, -1.38704938e-05, -1.55262999e-05,
       -1.71764897e-05, -1.87987987e-05, -2.03699723e-05, -2.18662714e-05,
       -2.32640299e-05, -2.45402450e-05, -2.56731819e-05, -2.66429687e-05,
       -2.74321603e-05, -2.80262476e-05, -2.84140909e-05, -2.85882596e-05,
       -2.85452624e-05, -2.82856582e-05, -2.78140437e-05, -2.71389153e-05,
       -2.62724154e-05, -2.52299698e-05, -2.40298355e-05, -2.26925750e-05,
       -2.12404816e-05, -1.96969758e-05, -1.80859981e-05, -1.64314193e-05,
       -1.47564882e-05, -1.30833339e-05, -1.14325358e-05, -9.82277224e-06,
       -8.27055076e-06, -6.79002462e-06, -5.39289144e-06, -4.08836985e-06,
       -2.88324651e-06, -1.78198384e-06, -7.86877911e-07,  1.01744752e-07,
        8.85302748e-07,  1.56671849e-06,  2.15016983e-06,  2.64084338e-06,
        3.04469668e-06,  3.36823527e-06,  3.61830879e-06,  3.80192941e-06,
        3.92611409e-06,  3.99775133e-06,  4.02349225e-06,  4.00966464e-06,
        3.96220866e-06,  3.88663191e-06,  3.78798175e-06,  3.67083236e-06,
        3.53928433e-06,  3.39697426e-06,  3.24709242e-06,  3.09240633e-06,
        2.93528874e-06,  2.77774824e-06,  2.62146145e-06,  2.46780562e-06,
        2.31789079e-06,  2.17259093e-06,  2.03257351e-06,  1.89832717e-06,
        1.77018728e-06,  1.64835927e-06,  1.53293969e-06,  1.42393501e-06,
        1.32127832e-06,  1.22484391e-06,  1.13445993e-06,  1.04991938e-06,
        9.70989386e-07,  8.97419096e-07,  8.28946253e-07,  7.65302651e-07,
        7.06218579e-07,  6.51426402e-07,  6.00663396e-07,  5.53673944e-07,
        5.10211188e-07,  4.70038232e-07,  4.32928966e-07,  3.98668574e-07,
        3.67053795e-07,  3.37892974e-07,  3.11005955e-07,  2.86223849e-07,
        2.63388702e-07,  2.42353095e-07,  2.22979696e-07,  2.05140775e-07,
        1.88717703e-07,  1.73600444e-07,  1.59687043e-07,  1.46883127e-07,
        1.35101415e-07,  1.24261248e-07,  1.14288132e-07,  1.05113311e-07,
        9.66733558e-08,  8.89097759e-08,  8.17686572e-08,  7.52003198e-08,
        6.91589995e-08,  6.36025489e-08,  5.84921608e-08,  5.37921096e-08,
        4.94695121e-08,  4.54941056e-08,  4.18380422e-08,  3.84756986e-08,
        3.53835008e-08,  3.25397614e-08,  2.99245298e-08,  2.75194546e-08,
        2.53076554e-08,  2.32736060e-08,  2.14030260e-08,  1.96827813e-08,
        1.81007921e-08,  1.66459488e-08,  1.53080339e-08,  1.40776507e-08,
        1.29461574e-08,  1.19056064e-08,  1.09486889e-08,  1.00686830e-08,
        9.25940741e-09,  8.51517729e-09,  7.83076475e-09,  7.20136204e-09,
        6.62254779e-09,  6.09025600e-09,  5.60074743e-09,  5.15058338e-09,
        4.73660154e-09,  4.35589375e-09,  4.00578561e-09,  3.68381764e-09,
        3.38772807e-09,  3.11543691e-09,  2.86503135e-09,  2.63475232e-09,
        2.42298213e-09,  2.22823313e-09,  2.04913722e-09,  1.88443627e-09,
        1.73297329e-09,  1.59368426e-09,  1.46559069e-09,  1.34779273e-09,
        1.23946288e-09,  1.13984011e-09,  1.04822460e-09,  9.63972756e-10,
        8.86492716e-10,  8.15240193e-10,  7.49714644e-10,  6.89455760e-10,
        6.34040229e-10,  5.83078763e-10,  5.36213363e-10,  4.93114805e-10,
        4.53480325e-10,  4.17031497e-10,  3.83512270e-10,  3.52687176e-10,
        3.24339672e-10,  2.98270620e-10,  2.74296888e-10,  2.52250062e-10,
        2.31975266e-10,  2.13330073e-10,  1.96183500e-10,  1.80415097e-10,
        1.65914090e-10,  1.52578613e-10,  1.40314985e-10,  1.29037055e-10,
        1.18665597e-10,  1.09127753e-10,  1.00356520e-10,  9.22902814e-11,
        8.48723730e-11,  7.80506844e-11,  7.17772942e-11,  6.60081324e-11,
        6.07026714e-11,  5.58236407e-11,  5.13367658e-11,  4.72105268e-11,
        4.34159373e-11,  3.99263408e-11,  3.67172233e-11,  3.37660409e-11,
        3.10520621e-11,  2.85562213e-11,  2.62609857e-11,  2.41502312e-11,
        2.22091303e-11,  2.04240468e-11,  1.87824407e-11,  1.72727800e-11,
        1.58844593e-11,  1.46077260e-11,  1.34336111e-11,  1.23538665e-11,
        1.13609072e-11,  1.04477578e-11,  9.60800340e-12,  8.83574491e-12,
        8.12555728e-12,  7.47245151e-12,  6.87183960e-12,  6.31950233e-12,
        5.81155958e-12,  5.34444310e-12,  4.91487147e-12,  4.51982697e-12,
        4.15653447e-12,  3.82244188e-12,  3.51520223e-12,  3.23265720e-12,
        2.97282194e-12,  2.73387113e-12,  2.51412617e-12,  2.31204337e-12,
        2.12620314e-12,  1.95529995e-12,  1.79813323e-12,  1.65359890e-12,
        1.52068163e-12,  1.39844768e-12,  1.28603838e-12,  1.18266406e-12,
        1.08759853e-12,  1.00017397e-12,  9.19776214e-13,  8.45840491e-13,
        7.77847407e-13,  7.15319319e-13,  6.57816972e-13,  6.04936419e-13,
        5.56306181e-13,  5.11584634e-13,  4.70457616e-13,  4.32636212e-13,
        3.97854732e-13,  3.65868839e-13,  3.36453837e-13,  3.09403088e-13,
        2.84526563e-13,  2.61649507e-13,  2.40611212e-13,  2.21263886e-13,
        2.03471616e-13,  1.87109413e-13,  1.72062334e-13,  1.58224676e-13,
        1.45499230e-13,  1.33796602e-13,  1.23034582e-13,  1.13137567e-13,
        1.04036032e-13,  9.56660407e-14,  8.79687939e-14,  8.08902193e-14,
        7.43805910e-14,  6.83941793e-14,  6.28889304e-14,  5.78261706e-14,
        5.31703345e-14,  4.88887153e-14,  4.49512351e-14,  4.13302336e-14,
        3.80002736e-14,  3.49379625e-14,  3.21217879e-14,  2.95319665e-14,
        2.71503051e-14,  2.49600727e-14,  2.29458832e-14,  2.10935872e-14,
        1.93901724e-14,  1.78236726e-14,  1.63830833e-14,  1.50582844e-14,
        1.38399694e-14,  1.27195798e-14,  1.16892450e-14,  1.07417270e-14,
        9.87036953e-15,  9.06905143e-15,  8.33214352e-15,  7.65446912e-15,
        7.03126763e-15,  6.45816112e-15,  5.93112359e-15,  5.44645266e-15,
        5.00074356e-15,  4.59086523e-15,  4.21393833e-15,  3.86731498e-15,
        3.54856019e-15,  3.25543475e-15,  2.98587948e-15,  2.73800077e-15,
        2.51005733e-15,  2.30044785e-15,  2.10769987e-15,  1.93045934e-15,
        1.76748117e-15,  1.61762046e-15,  1.47982444e-15,  1.35312513e-15,
        1.23663247e-15,  1.12952811e-15,  1.03105965e-15,  9.40535372e-16,
        8.57319343e-16,  7.80826982e-16,  7.10520938e-16,  6.45907319e-16,
        5.86532222e-16,  5.31978542e-16,  4.81863047e-16,  4.35833679e-16,
        3.93567088e-16,  3.54766356e-16,  3.19158911e-16,  2.86494615e-16,
        2.56544006e-16,  2.29096682e-16,  2.03959830e-16,  1.80956867e-16,
        1.59926197e-16,  1.40720085e-16,  1.23203608e-16,  1.07253715e-16,
        9.27583602e-17,  7.96157152e-17,  6.77334542e-17,  5.70281056e-17,
        4.74244656e-17,  3.88550696e-17,  3.12597185e-17,  2.45850558e-17,
        1.87841928e-17,  1.38163788e-17,  9.64671576e-18,  6.24591206e-18,
        3.59007747e-18,  1.66055504e-18,  4.43790077e-19, -6.87650514e-20,
        1.19289006e-19,  1.00927331e-18,  2.60743990e-18,  4.92501573e-18,
        7.97828151e-18,  1.17886861e-17,  1.63829972e-17,  2.17934893e-17,
        2.80581706e-17,  3.52210498e-17,  4.33324453e-17,  5.24493388e-17,
        6.26357755e-17,  7.39633139e-17,  8.65115289e-17,  1.00368570e-16,
        1.15631782e-16,  1.32408387e-16,  1.50816239e-16,  1.70984651e-16,
        1.93055304e-16,  2.17183242e-16,  2.43537961e-16,  2.72304600e-16,
        3.03685241e-16,  3.37900331e-16,  3.75190226e-16,  4.15816885e-16,
        4.60065704e-16,  5.08247528e-16,  5.60700827e-16,  6.17794082e-16,
        6.79928365e-16,  7.47540164e-16,  8.21104444e-16,  9.01137987e-16,
        9.88203018e-16,  1.08291116e-15,  1.18592773e-15,  1.29797641e-15,
        1.41984432e-15,  1.55238757e-15,  1.69653728e-15,  1.85330607e-15,
        2.02379522e-15,  2.20920241e-15,  2.41083010e-15,  2.63009470e-15,
        2.86853653e-15,  3.12783061e-15,  3.40979845e-15,  3.71642085e-15,
        4.04985179e-15,  4.41243360e-15,  4.80671337e-15,  5.23546088e-15,
        5.70168802e-15,  6.20867000e-15,  6.75996831e-15,  7.35945575e-15,
        8.01134367e-15,  8.72021151e-15,  9.49103898e-15,  1.03292411e-14,
        1.12407060e-14,  1.22318369e-14,  1.33095961e-14,  1.44815549e-14,
        1.57559462e-14,  1.71417223e-14,  1.86486183e-14,  2.02872200e-14,
        2.20690382e-14,  2.40065902e-14,  2.61134869e-14,  2.84045291e-14,
        3.08958112e-14,  3.36048342e-14,  3.65506285e-14,  3.97538881e-14,
        4.32371156e-14,  4.70247803e-14,  5.11434901e-14,  5.56221784e-14,
        6.04923076e-14,  6.57880898e-14,  7.15467274e-14,  7.78086741e-14,
        8.46179193e-14,  9.20222974e-14,  1.00073823e-13,  1.08829058e-13,
        1.18349506e-13,  1.28702048e-13,  1.39959409e-13,  1.52200671e-13,
        1.65511827e-13,  1.79986387e-13,  1.95726033e-13,  2.12841334e-13,
        2.31452523e-13,  2.51690343e-13,  2.73696961e-13,  2.97626972e-13,
        3.23648481e-13,  3.51944287e-13,  3.82713165e-13,  4.16171262e-13,
        4.52553619e-13,  4.92115817e-13,  5.35135776e-13,  5.81915708e-13,
        6.32784235e-13,  6.88098705e-13,  7.48247694e-13,  8.13653744e-13,
        8.84776324e-13,  9.62115064e-13,  1.04621326e-12,  1.13766169e-12,
        1.23710277e-12,  1.34523507e-12,  1.46281820e-12,  1.59067817e-12,
        1.72971318e-12,  1.88089995e-12,  2.04530053e-12,  2.22406983e-12,
        2.41846368e-12,  2.62984767e-12,  2.85970677e-12,  3.10965569e-12,
        3.38145031e-12,  3.67699996e-12,  3.99838083e-12,  4.34785060e-12,
        4.72786425e-12,  5.14109134e-12,  5.59043474e-12,  6.07905104e-12,
        6.61037271e-12,  7.18813224e-12,  7.81638833e-12,  8.49955440e-12,
        9.24242962e-12,  1.00502326e-11,  1.09286381e-11,  1.18838168e-11,
        1.29224787e-11,  1.40519204e-11,  1.52800759e-11,  1.66155731e-11,
        1.80677935e-11,  1.96469390e-11,  2.13641027e-11,  2.32313477e-11,
        2.52617911e-11,  2.74696966e-11,  2.98705743e-11,  3.24812904e-11,
        3.53201847e-11,  3.84072002e-11,  4.17640228e-11,  4.54142339e-11,
        4.93834757e-11,  5.36996319e-11,  5.83930228e-11,  6.34966191e-11,
        6.90462730e-11,  7.50809702e-11, -0.00000000e+00, -0.00000000e+00])], 1: [], 2: []}
v = [-2.37018778e-109 -6.65395782e-109 -1.86401909e-108 -5.21067145e-108
 -1.45348330e-107 -4.04575358e-107 -1.12372962e-106 -3.11456397e-106
 -8.61401657e-106 -2.37731742e-105 -6.54698983e-105 -1.79915749e-104
 -4.93366572e-104 -1.35002957e-103 -3.68629311e-103 -1.00440640e-102
 -2.73087675e-102 -7.40913916e-102 -2.00588682e-101 -5.41898717e-101
 -1.46084064e-100 -3.92971074e-100 -1.05485156e-099 -2.82549886e-099
 -7.55217328e-099 -2.01428899e-098 -5.36098551e-098 -1.42377221e-097
 -3.77319641e-097 -9.97818002e-097 -2.63309350e-096 -6.93352761e-096
 -1.82186100e-095 -4.77693414e-095 -1.24984538e-094 -3.26314482e-094
 -8.50138003e-094 -2.21011837e-093 -5.73343194e-093 -1.48418081e-092
 -3.83382233e-092 -9.88212123e-092 -2.54180011e-091 -6.52387505e-091
 -1.67087091e-090 -4.27024883e-090 -1.08902159e-089 -2.77135921e-089
 -7.03756103e-089 -1.78330058e-088 -4.50920467e-088 -1.13775399e-087
 -2.86463842e-087 -7.19721173e-087 -1.80439564e-086 -4.51411147e-086
 -1.12690113e-085 -2.80719363e-085 -6.97801582e-085 -1.73087040e-084
 -4.28420434e-084 -1.05815387e-083 -2.60795740e-083 -6.41394433e-083
 -1.57406587e-082 -3.85472712e-082 -9.41970712e-082 -2.29696397e-081
 -5.58912714e-081 -1.35708427e-080 -3.28808222e-080 -7.94971468e-080
 -1.91793303e-079 -4.61730281e-079 -1.10921644e-078 -2.65899342e-078
 -6.36049989e-078 -1.51823241e-077 -3.61624870e-077 -8.59510815e-077
 -2.03853148e-076 -4.82454679e-076 -1.13938014e-075 -2.68505874e-075
 -6.31410731e-075 -1.48164155e-074 -3.46934399e-074 -8.10633595e-074
 -1.89005680e-073 -4.39742193e-073 -1.02092642e-072 -2.36517766e-072
 -5.46771811e-072 -1.26130898e-071 -2.90342012e-071 -6.66916249e-071
 -1.52864183e-070 -3.49633631e-070 -7.97983084e-070 -1.81738606e-069
 -4.13022511e-069 -9.36641238e-069 -2.11956066e-068 -4.78620667e-068
 -1.07847497e-067 -2.42494399e-067 -5.44084530e-067 -1.21815925e-066
 -2.72154035e-066 -6.06734249e-066 -1.34975600e-065 -2.99629829e-065
 -6.63724497e-065 -1.46711336e-064 -3.23602985e-064 -7.12253165e-064
 -1.56433326e-063 -3.42844506e-063 -7.49787390e-063 -1.63625916e-062
 -3.56319077e-062 -7.74281851e-062 -1.67892814e-061 -3.63277214e-061
 -7.84363239e-061 -1.68993238e-060 -3.63324300e-060 -7.79457763e-060
 -1.66864423e-059 -3.56457647e-059 -7.59845237e-059 -1.61627545e-058
 -3.43066752e-058 -7.26632650e-058 -1.53576303e-057 -3.23896705e-057
 -6.81650683e-057 -1.43149634e-056 -2.99979538e-056 -6.27286649e-056
 -1.30892113e-055 -2.72542313e-055 -5.66275038e-055 -1.17406981e-054
 -2.42903318e-054 -5.01471199e-054 -1.03307432e-053 -2.12368530e-053
 -4.35634009e-053 -8.91715705e-053 -1.82139474e-052 -3.71239998e-052
 -7.55054792e-052 -1.53241078e-051 -3.10345141e-051 -6.27173535e-051
 -1.26474660e-050 -2.54502669e-050 -5.11039164e-050 -1.02397428e-049
 -2.04737284e-049 -4.08486631e-049 -8.13264436e-049 -1.61569260e-048
 -3.20301310e-048 -6.33624142e-048 -1.25077082e-047 -2.46375085e-047
 -4.84271438e-047 -9.49847638e-047 -1.85905424e-046 -3.63080728e-046
 -7.07599240e-046 -1.37608271e-045 -2.67039032e-045 -5.17104089e-045
 -9.99204133e-045 -1.92665296e-044 -3.70702735e-044 -7.11739563e-044
 -1.36360771e-043 -2.60693865e-043 -4.97330618e-043 -9.46744096e-043
 -1.79842792e-042 -3.40899599e-042 -6.44811785e-042 -1.21706134e-041
 -2.29226586e-041 -4.30814718e-041 -8.07958582e-041 -1.51203097e-040
 -2.82361383e-040 -5.26166186e-040 -9.78393575e-040 -1.81542065e-039
 -3.36135185e-039 -6.21045901e-039 -1.14500253e-038 -2.10650366e-038
 -3.86714994e-038 -7.08423285e-038 -1.29499373e-037 -2.36219381e-037
 -4.29968273e-037 -7.80962745e-037 -1.41545884e-036 -2.55998369e-036
 -4.62008719e-036 -8.32024603e-036 -1.49518588e-035 -2.68118777e-035
 -4.79769124e-035 -8.56663735e-035 -1.52637587e-034 -2.71384866e-034
 -4.81485021e-034 -8.52418680e-034 -1.50590009e-033 -2.65468125e-033
 -4.66983599e-033 -8.19716914e-033 -1.43581732e-032 -2.50961731e-032
 -4.37712388e-032 -7.61803909e-032 -1.32303270e-031 -2.29282539e-031
 -3.96501112e-031 -6.84212271e-031 -1.17817643e-030 -2.02443029e-030
 -3.47110973e-030 -5.93891191e-030 -1.01395445e-029 -1.72744024e-029
 -2.93670714e-029 -4.98185714e-029 -8.43324899e-029 -1.42453000e-028
 -2.40116109e-028 -4.03872254e-028 -6.77859617e-028 -1.13529449e-027
 -1.89736252e-027 -3.16420876e-027 -5.26566182e-027 -8.74407392e-027
 -1.44893098e-026 -2.39582229e-026 -3.95307020e-026 -6.50859838e-026
 -1.06933417e-025 -1.75312320e-025 -2.86803503e-025 -4.68197931e-025
 -7.62689119e-025 -1.23976289e-024 -2.01095679e-024 -3.25491662e-024
 -5.25714577e-024 -8.47292170e-024 -1.36266590e-023 -2.18684805e-023
 -3.50203797e-023 -5.59623720e-023 -8.92368849e-023 -1.41992600e-022
 -2.25455089e-022 -3.57213117e-022 -5.64765001e-022 -8.91007121e-022
 -1.40270905e-021 -2.20357097e-021 -3.45429569e-021 -5.40337366e-021
 -8.43419262e-021 -1.31369652e-020 -2.04183014e-020 -3.16677487e-020
 -4.90103489e-020 -7.56887653e-020 -1.16640150e-019 -1.79365016e-019
 -2.75232957e-019 -4.21440387e-019 -6.43939242e-019 -9.81808198e-019
 -1.49376211e-018 -2.26782347e-018 -3.43565919e-018 -5.19378454e-018
 -7.83485213e-018 -1.17937170e-017 -1.77151006e-017 -2.65527537e-017
 -3.97144481e-017 -5.92734929e-017 -8.82765866e-017 -1.31190856e-016
 -1.94551517e-016 -2.87898035e-016 -4.25124175e-016 -6.26420450e-016
 -9.21062443e-016 -1.35140413e-015 -1.97858374e-015 -2.89065759e-015
 -4.21416842e-015 -6.13056001e-015 -8.89941441e-015 -1.28912709e-014
 -1.86338701e-014 -2.68771623e-014 -3.86844822e-014 -5.55601211e-014
 -7.96274122e-014 -1.13876745e-013 -1.62510156e-013 -2.31418990e-013
 -3.28844439e-013 -4.66288854e-013 -6.59770037e-013 -9.31543555e-013
 -1.31246208e-012 -1.84519975e-012 -2.58864819e-012 -3.62389578e-012
 -5.06234092e-012 -7.05667477e-012 -9.81571268e-012 -1.36243752e-011
 -1.88705421e-011 -2.60810565e-011 -3.59698814e-011 -4.95023543e-011
 -6.79807145e-011 -9.31576702e-011 -1.27386831e-010 -1.73821492e-010
 -2.36676662e-010 -3.21573624e-010 -4.35991906e-010 -5.89860693e-010
 -7.96330792e-010 -1.07277979e-009 -1.44211761e-009 -1.93447803e-009
 -2.58940477e-009 -3.45866986e-009 -4.60989780e-009 -6.13121447e-009
 -8.13719533e-009 -1.07764569e-008 -1.42413210e-008 -1.87800860e-008
 -2.47125693e-008 -3.24497419e-008 -4.25184688e-008 -5.55926028e-008
 -7.25319615e-008 -9.44310588e-008 -1.22679873e-007 -1.59039426e-007
 -2.05735533e-007 -2.65574782e-007 -3.42087640e-007 -4.39704546e-007
 -5.63972011e-007 -7.21817105e-007 -9.21870271e-007 -1.17485826e-006
 -1.49408106e-006 -1.89598924e-006 -2.40088080e-006 -3.03373996e-006
 -3.82524388e-006 -4.81296749e-006 -6.04282128e-006 -7.57076201e-006
 -9.46482222e-006 -1.18075108e-005 -1.46986437e-005 -1.82586725e-005
 -2.26325847e-005 -2.79944626e-005 -3.45527914e-005 -4.25566235e-005
 -5.23027124e-005 -6.41437405e-005 -7.84977802e-005 -9.58591318e-005
 -1.16810701e-004 -1.42038079e-004 -1.72345511e-004 -2.08673923e-004
 -2.52121226e-004 -3.03965058e-004 -3.65688191e-004 -4.39006786e-004
 -5.25901674e-004 -6.28652859e-004 -7.49877392e-004 -8.92570744e-004
 -1.06015181e-003 -1.25651157e-003 -1.48606548e-003 -1.75380952e-003
 -2.06537980e-003 -2.42711552e-003 -2.84612516e-003 -3.33035525e-003
 -3.88866162e-003 -4.53088216e-003 -5.26791069e-003 -6.11177085e-003
 -7.07568914e-003 -8.17416592e-003 -9.42304306e-003 -1.08395668e-002
 -1.24424441e-002 -1.42518910e-002 -1.62896709e-002 -1.85791204e-002
 -2.11451618e-002 -2.40142982e-002 -2.72145907e-002 -3.07756148e-002
 -3.47283932e-002 -3.91053040e-002 -4.39399608e-002 -4.92670645e-002
 -5.51222238e-002 -6.15417436e-002 -6.85623801e-002 -7.62210623e-002
 -8.45545790e-002 -9.35992327e-002 -1.03390460e-001 -1.13962422e-001
 -1.25347563e-001 -1.37576147e-001 -1.50675768e-001 -1.64670842e-001
 -1.79582090e-001 -1.95426007e-001 -2.12214336e-001 -2.29953542e-001
 -2.48644301e-001 -2.68281013e-001 -2.88851342e-001 -3.10335789e-001
 -3.32707322e-001 -3.55931052e-001 -3.79963973e-001 -4.04754778e-001
 -4.30243751e-001 -4.56362742e-001 -4.83035237e-001 -5.10176521e-001
 -5.37693945e-001 -5.65487287e-001 -5.93449227e-001 -6.21465915e-001
 -6.49417642e-001 -6.77179610e-001 -7.04622791e-001 -7.31614867e-001
 -7.58021250e-001 -7.83706163e-001 -8.08533774e-001 -8.32369374e-001
 -8.55080577e-001 -8.76538534e-001 -8.96619144e-001 -9.15204242e-001
 -9.32182754e-001 -9.47451803e-001 -9.60917740e-001 -9.72497109e-001
 -9.82117499e-001 -9.89718303e-001 -9.95251354e-001 -9.98681432e-001
 -9.99986636e-001 -9.99158620e-001 -9.96202679e-001 -9.91137696e-001
 -9.83995937e-001 -9.74822712e-001 -9.63675894e-001 -9.50625313e-001
 -9.35752027e-001 -9.19147480e-001 -9.00912573e-001 -8.81156638e-001
 -8.59996353e-001 -8.37554593e-001 -8.13959248e-001 -7.89342019e-001
 -7.63837200e-001 -7.37580473e-001 -7.10707729e-001 -6.83353919e-001
 -6.55651958e-001 -6.27731697e-001 -5.99718957e-001 -5.71734657e-001
 -5.43894018e-001 -5.16305877e-001 -4.89072088e-001 -4.62287031e-001
 -4.36037222e-001 -4.10401029e-001 -3.85448483e-001 -3.61241189e-001
 -3.37832330e-001 -3.15266754e-001 -2.93581149e-001 -2.72804279e-001
 -2.52957298e-001 -2.34054110e-001 -2.16101784e-001 -1.99101007e-001
 -1.83046564e-001 -1.67927851e-001 -1.53729389e-001 -1.40431358e-001
 -1.28010122e-001 -1.16438755e-001 -1.05687546e-001 -9.57244980e-002
 -8.65157954e-002 -7.80262499e-002 -7.02197189e-002 -6.30594911e-002
 -5.65086405e-002 -5.05303469e-002 -4.50881818e-002 -4.01463612e-002
 -3.56699644e-002 -3.16251203e-002 -2.79791631e-002 -2.47007577e-002
 -2.17599982e-002 -1.91284798e-002 -1.67793479e-002 -1.46873257e-002
 -1.28287220e-002 -1.11814232e-002 -9.72486993e-003 -8.44002122e-003
 -7.30930860e-003 -6.31658116e-003 -5.44704403e-003 -4.68719167e-003
 -4.02473753e-003 -3.44854134e-003 -2.94853530e-003 -2.51565018e-003
 -2.14174218e-003 -1.81952134e-003 -1.54248212e-003 -1.30483666e-003
 -1.10145100e-003 -9.27784758e-004 -7.79834259e-004 -6.54079306e-004
 -5.47433702e-004 -4.57199425e-004 -3.81024448e-004 -3.16864096e-004
 -2.62945804e-004 -2.17737123e-004 -1.79916808e-004 -1.48348793e-004
 -1.22058863e-004 -1.00213827e-004 -8.21029938e-005 -6.71217645e-005
 -5.47571402e-005 -4.45749817e-005 -3.62088401e-005 -2.93502006e-005
 -2.37399914e-005 -1.91612159e-005 -1.54325820e-005 -1.24030115e-005
 -9.94692217e-006 -7.96018785e-006 -6.35668859e-006 -5.06537472e-006
 -4.02777539e-006 -3.19589080e-006 -2.53041435e-006 -1.99923743e-006
 -1.57619567e-006 -1.24002062e-006 -9.73465823e-007 -7.62580213e-007
 -5.96105842e-007 -4.64979972e-007 -3.61924629e-007 -2.81109195e-007
 -2.17873790e-007 -1.68503120e-007 -1.30042087e-007 -1.00145845e-007
 -7.69582106e-008 -5.90133149e-008 -4.51562723e-008 -3.44793586e-008
 -2.62707998e-008 -1.99737880e-008 -1.51537668e-008 -1.14723869e-008
 -8.66682430e-009 -6.53339962e-009 -4.91463735e-009 -3.68906878e-009
 -2.76321738e-009 -2.06531535e-009 -1.54039009e-009 -1.14643143e-009
 -8.51409462e-010 -6.30960082e-010 -4.66593107e-010 -3.44308525e-010
 -2.53530525e-010 -1.86288376e-010 -1.36588546e-010 -9.99345889e-011
 -7.29609366e-011 -5.31542498e-011 -3.86419122e-011 -2.80318814e-011
 -2.02917222e-011 -1.46574557e-011 -1.05650437e-011 -7.59901017e-012
 -5.45400808e-012 -3.90613772e-012 -2.79159459e-012 -1.99081162e-012
 -1.41671016e-012 -1.00601597e-012 -7.12855919e-013 -5.04047738e-013
 -3.55643276e-013 -2.50397828e-013 -1.75921749e-013 -1.23333636e-013
 -8.62812758e-014 -6.02316282e-014 -4.19571202e-014 -2.91648510e-014
 -2.02295805e-014 -1.40019013e-014 -9.67075032e-015 -6.66509512e-015
 -4.58379890e-015 -3.14570348e-015 -2.15418517e-015 -1.47204574e-015
 -1.00376627e-015 -6.82994042e-016 -4.63739677e-016 -3.14198869e-016
 -2.12426162e-016 -1.43312611e-016 -9.64792325e-017 -6.48121298e-017
 -4.34461971e-017 -2.90616499e-017 -1.93982158e-017 -1.29204111e-017
 -8.58744359e-018 -5.69540334e-018 -3.76927737e-018 -2.48922831e-018
 -1.64037971e-018 -1.07869103e-018 -7.07819900e-019 -4.63469856e-019
 -3.02826056e-019 -1.97441304e-019 -1.28456416e-019 -8.33962682e-020
 -5.40269505e-020 -3.49258766e-020 -2.25297928e-020 -1.45024075e-020
 -9.31528254e-021 -5.97069632e-021 -3.81880037e-021 -2.43726051e-021
 -1.55220819e-021 -9.86440767e-022 -6.25554390e-022 -3.95851380e-022
 -2.49961011e-022 -1.57501757e-022 -9.90310898e-023 -6.21342035e-023
 -3.89011943e-023 -2.43034628e-023 -1.51511781e-023 -9.42535400e-024
 -5.85089037e-024 -3.62425940e-024 -2.24021453e-024 -1.38176112e-024
 -8.50451102e-025 -5.22322521e-025 -3.20111427e-025 -1.95765711e-025
 -1.19466213e-025 -7.27489269e-026 -4.42059887e-026 -2.68045578e-026
 -1.62184449e-026 -9.79225679e-027 -5.89969284e-027 -3.54690071e-027
 -2.12785330e-027 -1.27381793e-027 -7.60932364e-028 -4.53584052e-028
 -2.69800356e-028 -1.60140170e-028 -9.48486323e-029 -5.60576495e-029
 -3.30606751e-029 -1.94563591e-029 -1.14257430e-029 -6.69545897e-030
 -3.91515786e-030 -2.28450032e-030 -1.33016707e-030 -7.72848174e-031
 -4.48079628e-031 -2.59232374e-031 -1.49656745e-031 -8.62137188e-032
 -4.95597930e-032 -2.84286091e-032 -1.62725180e-032 -9.29451933e-033
 -5.29751421e-033 -3.01293907e-033 -1.70994283e-033 -9.68380092e-034
 -5.47246684e-034 -3.08598242e-034 -1.73650796e-034 -9.75064024e-035
 -5.46339385e-035 -3.05467428e-035 -1.70427758e-035 -9.48830803e-036
 -5.27120908e-036 -2.92216498e-036 -1.61648711e-036 -8.92303876e-037
 -4.91503186e-037 -2.70154943e-037 -1.48174176e-037 -8.10970667e-038
 -4.42905216e-038 -2.41373432e-038 -1.31262647e-038 -7.12304806e-039
 -3.85712411e-039 -2.08417593e-039 -1.12377188e-039 -6.04637342e-040
 -3.24627117e-040 -1.73919247e-040 -9.29787110e-041 -4.96012268e-041
 -2.64042805e-041 -1.40258529e-041 -7.43459381e-042 -3.93240494e-042
 -2.07554543e-042 -1.09314879e-042 -5.74512302e-043 -3.01295337e-043
 -1.57673429e-043 -8.23374921e-044 -4.29051852e-044 -2.23097626e-044
 -1.15758567e-044 -5.99355307e-045 -3.09662483e-045 -1.59648871e-045
 -8.21327062e-046 -4.21637702e-046 -2.15991054e-046 -1.10409162e-046
 -5.63180342e-047 -2.86657218e-047 -1.45596622e-047 -7.37925877e-048
 -3.73204785e-048 -1.88345257e-048 -9.48495330e-049 -4.76638070e-049
 -2.39009565e-049 -1.19595505e-049 -5.97155527e-050 -2.97531586e-050
 -1.47928455e-050 -7.33910985e-051 -3.63335704e-051 -1.79492286e-051
 -8.84823246e-052 -4.35251505e-052 -2.13647129e-052 -1.04647019e-052
 -5.11481215e-053 -2.49462653e-053 -1.21409985e-053 -5.89625557e-054
 -2.85740115e-054 -1.38178080e-054 -6.66776238e-055 -3.21065838e-055
 -1.54269867e-055 -7.39675327e-056 -3.53894802e-056 -1.68958583e-056
 -8.04932299e-057 -3.82658596e-057 -1.81525071e-057 -8.59280152e-058
 -4.05887772e-058 -1.91315509e-058 -8.99844383e-059 -4.22335575e-059
 -1.97797566e-059 -9.24394266e-060 -4.31088628e-060 -2.00608306e-060
 -9.31545945e-061 -4.31650920e-061 -1.99587843e-061 -9.20891619e-062
 -4.23990357e-062 -1.94794397e-062 -8.93038053e-063 -4.08541794e-063
 -1.86498800e-063 -8.49549351e-064 -3.86166154e-064 -1.75159148e-064
 -7.92801502e-065 -3.58070981e-065 -1.61378923e-065 -7.25767505e-066
 -3.25702618e-066 -1.45853885e-066 -6.51760113e-067 -2.90623398e-067
 -1.29314254e-067 -5.74163051e-068 -2.54388285e-068 -1.12468783e-068
 -4.96180746e-069 -2.18434303e-069 -9.59565883e-070 -4.20631485e-070
 -1.83993203e-070 -8.03109576e-071 -3.49800843e-071 -1.52033720e-071
 -6.59374296e-072 -2.85362650e-072 -1.23235340e-072 -5.31063468e-073
 -2.28365561e-073 -9.79913668e-074 -4.19583155e-074 -1.79275645e-074
 -7.64359325e-075 -3.25197250e-075 -1.38060418e-075 -5.84876975e-076
 -2.47248058e-076 -1.04297590e-076 -4.39024427e-077 -1.84406454e-077
 -7.72923606e-078 -3.23273458e-078 -1.34920067e-078 -5.61896169e-079
 -2.33511684e-079 -9.68354073e-080 -4.00712393e-080 -1.65464331e-080
 -6.81787481e-081 -2.80328131e-081 -1.15015762e-081 -4.70891732e-082
 -1.92379057e-082 -7.84273499e-083 -3.19043802e-083 -1.29510836e-083
 -5.24608016e-084 -2.12049260e-084 -8.55286513e-085 -3.44238554e-085
 -1.38254863e-085 -5.54082388e-086 -2.21585480e-086 -8.84262633e-087
 -3.52122901e-087 -1.39920159e-087 -5.54803682e-088 -2.19518638e-088
 -8.66715350e-089 -3.41471608e-089 -1.34247353e-089 -5.26659459e-090
 -2.06170758e-090 -8.05373377e-091 -3.13935547e-091 -1.22111549e-091
 -4.73964713e-092 -1.83572787e-092 -7.09485650e-093 -2.73622592e-093
 -1.05301198e-093 -4.04378164e-094 -1.54958392e-094 -5.92537074e-095
 -2.26093970e-095 -8.60865794e-096 -3.27080722e-096 -1.24007361e-096
 -4.69151389e-097 -1.77113461e-097 -6.67210937e-098 -2.50811685e-098
 -9.40817521e-099 -3.52156777e-099 -1.31534515e-099 -4.90248673e-100
 -1.82333366e-100 -6.76688652e-101 -2.50602074e-101 -9.26090546e-102
 -3.41503582e-102 -1.25663774e-102 -4.61421638e-103 -1.69066996e-103
 -6.18148386e-104 -2.25527583e-104 -8.21068921e-105 -2.98285804e-105
 -1.08133081e-105 -3.91162843e-106 -1.41198354e-106 -5.08598055e-107
 -1.82806982e-107 -6.55667845e-108 -2.34664835e-108 -8.38079402e-109
 -2.98672572e-109 -1.06213211e-109 -3.76907482e-110 -1.33463958e-110
 -4.71591823e-111 -1.66280589e-111 -5.85045798e-112 -2.05405088e-112
 -7.19623858e-113 -2.51578157e-113 -8.77633784e-114 -3.05510933e-114
 -1.06123900e-114 -3.67851618e-115 -1.27234581e-115 -4.39147765e-116
 -1.51247851e-116 -5.19805383e-117 -1.78264701e-117 -6.10046528e-118
 -2.08321257e-118 -7.09867408e-119 -2.41375902e-119 -8.18999439e-120
 -2.77297735e-120 -9.36875890e-121 -3.15857232e-121 -1.06260685e-121
 -3.56719967e-122 -1.19496518e-122 -3.99444186e-123 -1.33238575e-123]
symrep = 0 - 1.0*np.exp(-(x--0.6161399999999999)**2/(2*0.8666666666666667**2))
    