energies = {0: [-0.12197962812442581], 1: [], 2: []}
wfns = {0: [array([ 0.00000000e+00,  6.51031957e-07,  1.30231855e-06,  1.95411452e-06,
        2.60667480e-06,  3.26025463e-06,  3.91510964e-06,  4.57149596e-06,
        5.22967034e-06,  5.88989018e-06,  6.55241374e-06,  7.21750014e-06,
        7.88540952e-06,  8.55640311e-06,  9.23074336e-06,  9.90869403e-06,
        1.05905203e-05,  1.12764888e-05,  1.19668679e-05,  1.26619275e-05,
        1.33619397e-05,  1.40671780e-05,  1.47779185e-05,  1.54944390e-05,
        1.62170199e-05,  1.69459437e-05,  1.76814956e-05,  1.84239632e-05,
        1.91736370e-05,  1.99308102e-05,  2.06957789e-05,  2.14688423e-05,
        2.22503028e-05,  2.30404660e-05,  2.38396411e-05,  2.46481405e-05,
        2.54662806e-05,  2.62943813e-05,  2.71327664e-05,  2.79817640e-05,
        2.88417061e-05,  2.97129290e-05,  3.05957736e-05,  3.14905850e-05,
        3.23977133e-05,  3.33175133e-05,  3.42503448e-05,  3.51965726e-05,
        3.61565668e-05,  3.71307029e-05,  3.81193620e-05,  3.91229306e-05,
        4.01418013e-05,  4.11763727e-05,  4.22270494e-05,  4.32942423e-05,
        4.43783689e-05,  4.54798531e-05,  4.65991259e-05,  4.77366250e-05,
        4.88927952e-05,  5.00680889e-05,  5.12629656e-05,  5.24778928e-05,
        5.37133457e-05,  5.49698074e-05,  5.62477695e-05,  5.75477317e-05,
        5.88702025e-05,  6.02156991e-05,  6.15847479e-05,  6.29778843e-05,
        6.43956532e-05,  6.58386092e-05,  6.73073165e-05,  6.88023498e-05,
        7.03242936e-05,  7.18737434e-05,  7.34513050e-05,  7.50575957e-05,
        7.66932436e-05,  7.83588884e-05,  8.00551818e-05,  8.17827870e-05,
        8.35423799e-05,  8.53346487e-05,  8.71602944e-05,  8.90200310e-05,
        9.09145860e-05,  9.28447004e-05,  9.48111290e-05,  9.68146411e-05,
        9.88560202e-05,  1.00936065e-04,  1.03055589e-04,  1.05215420e-04,
        1.07416405e-04,  1.09659403e-04,  1.11945293e-04,  1.14274967e-04,
        1.16649338e-04,  1.19069333e-04,  1.21535901e-04,  1.24050004e-04,
        1.26612627e-04,  1.29224772e-04,  1.31887461e-04,  1.34601734e-04,
        1.37368655e-04,  1.40189304e-04,  1.43064786e-04,  1.45996224e-04,
        1.48984766e-04,  1.52031580e-04,  1.55137858e-04,  1.58304815e-04,
        1.61533689e-04,  1.64825745e-04,  1.68182268e-04,  1.71604573e-04,
        1.75093997e-04,  1.78651905e-04,  1.82279690e-04,  1.85978769e-04,
        1.89750590e-04,  1.93596629e-04,  1.97518388e-04,  2.01517403e-04,
        2.05595237e-04,  2.09753486e-04,  2.13993775e-04,  2.18317764e-04,
        2.22727143e-04,  2.27223637e-04,  2.31809005e-04,  2.36485041e-04,
        2.41253572e-04,  2.46116465e-04,  2.51075622e-04,  2.56132981e-04,
        2.61290522e-04,  2.66550261e-04,  2.71914255e-04,  2.77384603e-04,
        2.82963445e-04,  2.88652962e-04,  2.94455379e-04,  3.00372967e-04,
        3.06408040e-04,  3.12562957e-04,  3.18840127e-04,  3.25242005e-04,
        3.31771095e-04,  3.38429950e-04,  3.45221175e-04,  3.52147426e-04,
        3.59211412e-04,  3.66415897e-04,  3.73763697e-04,  3.81257687e-04,
        3.88900799e-04,  3.96696021e-04,  4.04646403e-04,  4.12755053e-04,
        4.21025145e-04,  4.29459911e-04,  4.38062652e-04,  4.46836732e-04,
        4.55785583e-04,  4.64912706e-04,  4.74221669e-04,  4.83716114e-04,
        4.93399755e-04,  5.03276380e-04,  5.13349850e-04,  5.23624106e-04,
        5.34103168e-04,  5.44791132e-04,  5.55692181e-04,  5.66810577e-04,
        5.78150670e-04,  5.89716894e-04,  6.01513773e-04,  6.13545923e-04,
        6.25818048e-04,  6.38334949e-04,  6.51101522e-04,  6.64122760e-04,
        6.77403755e-04,  6.90949704e-04,  7.04765902e-04,  7.18857756e-04,
        7.33230776e-04,  7.47890584e-04,  7.62842914e-04,  7.78093614e-04,
        7.93648650e-04,  8.09514105e-04,  8.25696185e-04,  8.42201219e-04,
        8.59035662e-04,  8.76206099e-04,  8.93719247e-04,  9.11581954e-04,
        9.29801208e-04,  9.48384135e-04,  9.67338002e-04,  9.86670224e-04,
        1.00638836e-03,  1.02650013e-03,  1.04701339e-03,  1.06793616e-03,
        1.08927664e-03,  1.11104317e-03,  1.13324426e-03,  1.15588859e-03,
        1.17898503e-03,  1.20254260e-03,  1.22657052e-03,  1.25107819e-03,
        1.27607519e-03,  1.30157131e-03,  1.32757650e-03,  1.35410095e-03,
        1.38115503e-03,  1.40874932e-03,  1.43689461e-03,  1.46560192e-03,
        1.49488246e-03,  1.52474770e-03,  1.55520931e-03,  1.58627921e-03,
        1.61796954e-03,  1.65029272e-03,  1.68326137e-03,  1.71688840e-03,
        1.75118695e-03,  1.78617044e-03,  1.82185255e-03,  1.85824725e-03,
        1.89536876e-03,  1.93323160e-03,  1.97185059e-03,  2.01124083e-03,
        2.05141772e-03,  2.09239698e-03,  2.13419464e-03,  2.17682705e-03,
        2.22031088e-03,  2.26466314e-03,  2.30990117e-03,  2.35604267e-03,
        2.40310569e-03,  2.45110864e-03,  2.50007029e-03,  2.55000978e-03,
        2.60094667e-03,  2.65290085e-03,  2.70589267e-03,  2.75994284e-03,
        2.81507250e-03,  2.87130323e-03,  2.92865700e-03,  2.98715626e-03,
        3.04682388e-03,  3.10768320e-03,  3.16975804e-03,  3.23307265e-03,
        3.29765182e-03,  3.36352079e-03,  3.43070534e-03,  3.49923173e-03,
        3.56912678e-03,  3.64041782e-03,  3.71313274e-03,  3.78729996e-03,
        3.86294852e-03,  3.94010798e-03,  4.01880854e-03,  4.09908097e-03,
        4.18095668e-03,  4.26446767e-03,  4.34964663e-03,  4.43652686e-03,
        4.52514235e-03,  4.61552776e-03,  4.70771843e-03,  4.80175043e-03,
        4.89766053e-03,  4.99548626e-03,  5.09526586e-03,  5.19703838e-03,
        5.30084361e-03,  5.40672215e-03,  5.51471542e-03,  5.62486566e-03,
        5.73721595e-03,  5.85181024e-03,  5.96869334e-03,  6.08791097e-03,
        6.20950976e-03,  6.33353727e-03,  6.46004202e-03,  6.58907348e-03,
        6.72068212e-03,  6.85491941e-03,  6.99183787e-03,  7.13149104e-03,
        7.27393354e-03,  7.41922109e-03,  7.56741052e-03,  7.71855979e-03,
        7.87272801e-03,  8.02997549e-03,  8.19036373e-03,  8.35395545e-03,
        8.52081466e-03,  8.69100661e-03,  8.86459786e-03,  9.04165632e-03,
        9.22225124e-03,  9.40645325e-03,  9.59433441e-03,  9.78596819e-03,
        9.98142954e-03,  1.01807949e-02,  1.03841423e-02,  1.05915513e-02,
        1.08031029e-02,  1.10188799e-02,  1.12389667e-02,  1.14634494e-02,
        1.16924158e-02,  1.19259555e-02,  1.21641598e-02,  1.24071218e-02,
        1.26549366e-02,  1.29077011e-02,  1.31655142e-02,  1.34284767e-02,
        1.36966915e-02,  1.39702635e-02,  1.42492996e-02,  1.45339091e-02,
        1.48242032e-02,  1.51202955e-02,  1.54223018e-02,  1.57303402e-02,
        1.60445311e-02,  1.63649976e-02,  1.66918649e-02,  1.70252609e-02,
        1.73653160e-02,  1.77121632e-02,  1.80659381e-02,  1.84267791e-02,
        1.87948274e-02,  1.91702268e-02,  1.95531244e-02,  1.99436697e-02,
        2.03420155e-02,  2.07483177e-02,  2.11627352e-02,  2.15854300e-02,
        2.20165674e-02,  2.24563162e-02,  2.29048482e-02,  2.33623389e-02,
        2.38289671e-02,  2.43049155e-02,  2.47903700e-02,  2.52855205e-02,
        2.57905607e-02,  2.63056878e-02,  2.68311033e-02,  2.73670126e-02,
        2.79136250e-02,  2.84711540e-02,  2.90398174e-02,  2.96198372e-02,
        3.02114396e-02,  3.08148554e-02,  3.14303196e-02,  3.20580719e-02,
        3.26983564e-02,  3.33514217e-02,  3.40175211e-02,  3.46969123e-02,
        3.53898577e-02,  3.60966240e-02,  3.68174825e-02,  3.75527086e-02,
        3.83025820e-02,  3.90673862e-02,  3.98474087e-02,  4.06429400e-02,
        4.14542739e-02,  4.22817064e-02,  4.31255358e-02,  4.39860613e-02,
        4.48635826e-02,  4.57583990e-02,  4.66708076e-02,  4.76011030e-02,
        4.85495748e-02,  4.95165064e-02,  5.05021726e-02,  5.15068375e-02,
        5.25307519e-02,  5.35741502e-02,  5.46372468e-02,  5.57202330e-02,
        5.68232723e-02,  5.79464960e-02,  5.90899982e-02,  6.02538301e-02,
        6.14379941e-02,  6.26424375e-02,  6.38670449e-02,  6.51116313e-02,
        6.63759338e-02,  6.76596033e-02,  6.89621959e-02,  7.02831632e-02,
        7.16218436e-02,  7.29774521e-02,  7.43490712e-02,  7.57356406e-02,
        7.71359485e-02,  7.85486217e-02,  7.99721176e-02,  8.14047159e-02,
        8.28445116e-02,  8.42894093e-02,  8.57371183e-02,  8.71851495e-02,
        8.86308145e-02,  9.00712258e-02,  9.15033002e-02,  9.29237641e-02,
        9.43291613e-02,  9.57158639e-02,  9.70800858e-02,  9.84178994e-02,
        9.97252551e-02,  1.00998004e-01,  1.02231922e-01,  1.03422739e-01,
        1.04566170e-01,  1.05657946e-01,  1.06693848e-01,  1.07669747e-01,
        1.08581636e-01,  1.09425667e-01,  1.10198195e-01,  1.10895806e-01,
        1.11515356e-01,  1.12054005e-01,  1.12509245e-01,  1.12878931e-01,
        1.13161300e-01,  1.13354997e-01,  1.13459085e-01,  1.13473059e-01,
        1.13396852e-01,  1.13230832e-01,  1.12975805e-01,  1.12632997e-01,
        1.12204047e-01,  1.11690983e-01,  1.11096205e-01,  1.10422452e-01,
        1.09672778e-01,  1.08850516e-01,  1.07959245e-01,  1.07002752e-01,
        1.05985000e-01,  1.04910084e-01,  1.03782200e-01,  1.02605603e-01,
        1.01384578e-01,  1.00123404e-01,  9.88263208e-02,  9.74975040e-02,
        9.61410365e-02,  9.47608861e-02,  9.33608843e-02,  9.19447099e-02,
        9.05158734e-02,  8.90777060e-02,  8.76333506e-02,  8.61857557e-02,
        8.47376716e-02,  8.32916490e-02,  8.18500399e-02,  8.04149997e-02,
        7.89884920e-02,  7.75722933e-02,  7.61680006e-02,  7.47770387e-02,
        7.34006684e-02,  7.20399959e-02,  7.06959819e-02,  6.93694515e-02,
        6.80611035e-02,  6.67715202e-02,  6.55011770e-02,  6.42504514e-02,
        6.30196321e-02,  6.18089273e-02,  6.06184731e-02,  5.94483409e-02,
        5.82985448e-02,  5.71690478e-02,  5.60597686e-02,  5.49705868e-02,
        5.39013485e-02,  5.28518704e-02,  5.18219449e-02,  5.08113434e-02,
        4.98198198e-02,  4.88471140e-02,  4.78929540e-02,  4.69570591e-02,
        4.60391411e-02,  4.51389071e-02,  4.42560605e-02,  4.33903024e-02,
        4.25413334e-02,  4.17088537e-02,  4.08925649e-02,  4.00921702e-02,
        3.93073750e-02,  3.85378877e-02,  3.77834199e-02,  3.70436869e-02,
        3.63184076e-02,  3.56073054e-02,  3.49101077e-02,  3.42265463e-02,
        3.35563575e-02,  3.28992821e-02,  3.22550655e-02,  3.16234577e-02,
        3.10042130e-02,  3.03970906e-02,  2.98018538e-02,  2.92182708e-02,
        2.86461137e-02,  2.80851593e-02,  2.75351885e-02,  2.69959866e-02,
        2.64673428e-02,  2.59490506e-02,  2.54409074e-02,  2.49427145e-02,
        2.44542771e-02,  2.39754044e-02,  2.35059090e-02,  2.30456073e-02,
        2.25943194e-02,  2.21518687e-02,  2.17180821e-02,  2.12927902e-02,
        2.08758264e-02,  2.04670278e-02,  2.00662344e-02,  1.96732895e-02,
        1.92880394e-02,  1.89103334e-02,  1.85400238e-02,  1.81769657e-02,
        1.78210172e-02,  1.74720390e-02,  1.71298946e-02,  1.67944502e-02,
        1.64655746e-02,  1.61431392e-02,  1.58270179e-02,  1.55170870e-02,
        1.52132252e-02,  1.49153138e-02,  1.46232362e-02,  1.43368782e-02,
        1.40561278e-02,  1.37808751e-02,  1.35110125e-02,  1.32464345e-02,
        1.29870376e-02,  1.27327202e-02,  1.24833831e-02,  1.22389285e-02,
        1.19992609e-02,  1.17642866e-02,  1.15339137e-02,  1.13080520e-02,
        1.10866132e-02,  1.08695107e-02,  1.06566596e-02,  1.04479767e-02,
        1.02433802e-02,  1.00427903e-02,  9.84612832e-03,  9.65331750e-03,
        9.46428237e-03,  9.27894901e-03,  9.09724491e-03,  8.91909901e-03,
        8.74444164e-03,  8.57320447e-03,  8.40532054e-03,  8.24072417e-03,
        8.07935099e-03,  7.92113789e-03,  7.76602297e-03,  7.61394557e-03,
        7.46484622e-03,  7.31866658e-03,  7.17534949e-03,  7.03483889e-03,
        6.89707982e-03,  6.76201840e-03,  6.62960181e-03,  6.49977825e-03,
        6.37249694e-03,  6.24770810e-03,  6.12536293e-03,  6.00541356e-03,
        5.88781309e-03,  5.77251552e-03,  5.65947574e-03,  5.54864956e-03,
        5.43999361e-03,  5.33346541e-03,  5.22902328e-03,  5.12662637e-03,
        5.02623464e-03,  4.92780882e-03,  4.83131041e-03,  4.73670166e-03,
        4.64394558e-03,  4.55300589e-03,  4.46384700e-03,  4.37643406e-03,
        4.29073287e-03,  4.20670992e-03,  4.12433233e-03,  4.04356789e-03,
        3.96438500e-03,  3.88675271e-03,  3.81064064e-03,  3.73601902e-03,
        3.66285866e-03,  3.59113096e-03,  3.52080786e-03,  3.45186185e-03,
        3.38426596e-03,  3.31799376e-03,  3.25301933e-03,  3.18931724e-03,
        3.12686259e-03,  3.06563095e-03,  3.00559837e-03,  2.94674136e-03,
        2.88903691e-03,  2.83246245e-03,  2.77699585e-03,  2.72261542e-03,
        2.66929988e-03,  2.61702838e-03,  2.56578047e-03,  2.51553612e-03,
        2.46627567e-03,  2.41797985e-03,  2.37062978e-03,  2.32420693e-03,
        2.27869314e-03,  2.23407062e-03,  2.19032191e-03,  2.14742989e-03,
        2.10537780e-03,  2.06414919e-03,  2.02372793e-03,  1.98409820e-03,
        1.94524451e-03,  1.90715167e-03,  1.86980477e-03,  1.83318920e-03,
        1.79729065e-03,  1.76209508e-03,  1.72758871e-03,  1.69375805e-03,
        1.66058987e-03,  1.62807119e-03,  1.59618930e-03,  1.56493173e-03,
        1.53428625e-03,  1.50424087e-03,  1.47478384e-03,  1.44590365e-03,
        1.41758899e-03,  1.38982880e-03,  1.36261220e-03,  1.33592857e-03,
        1.30976745e-03,  1.28411862e-03,  1.25897205e-03,  1.23431790e-03,
        1.21014653e-03,  1.18644849e-03,  1.16321449e-03,  1.14043547e-03,
        1.11810250e-03,  1.09620686e-03,  1.07473997e-03,  1.05369345e-03,
        1.03305905e-03,  1.01282872e-03,  9.92994534e-04,  9.73548737e-04,
        9.54483724e-04,  9.35792037e-04,  9.17466367e-04,  8.99499544e-04,
        8.81884542e-04,  8.64614471e-04,  8.47682576e-04,  8.31082235e-04,
        8.14806954e-04,  7.98850368e-04,  7.83206237e-04,  7.67868440e-04,
        7.52830979e-04,  7.38087972e-04,  7.23633654e-04,  7.09462369e-04,
        6.95568577e-04,  6.81946841e-04,  6.68591835e-04,  6.55498335e-04,
        6.42661220e-04,  6.30075469e-04,  6.17736158e-04,  6.05638462e-04,
        5.93777649e-04,  5.82149081e-04,  5.70748207e-04,  5.59570570e-04,
        5.48611798e-04,  5.37867604e-04,  5.27333786e-04,  5.17006223e-04,
        5.06880877e-04,  4.96953787e-04,  4.87221070e-04,  4.77678919e-04,
        4.68323603e-04,  4.59151462e-04,  4.50158908e-04,  4.41342425e-04,
        4.32698564e-04,  4.24223944e-04,  4.15915251e-04,  4.07769234e-04,
        3.99782708e-04,  3.91952548e-04,  3.84275693e-04,  3.76749139e-04,
        3.69369943e-04,  3.62135218e-04,  3.55042135e-04,  3.48087920e-04,
        3.41269851e-04,  3.34585264e-04,  3.28031543e-04,  3.21606124e-04,
        3.15306495e-04,  3.09130192e-04,  3.03074798e-04,  2.97137946e-04,
        2.91317314e-04,  2.85610624e-04,  2.80015645e-04,  2.74530188e-04,
        2.69152108e-04,  2.63879302e-04,  2.58709706e-04,  2.53641300e-04,
        2.48672100e-04,  2.43800162e-04,  2.39023583e-04,  2.34340492e-04,
        2.29749059e-04,  2.25247488e-04,  2.20834017e-04,  2.16506921e-04,
        2.12264507e-04,  2.08105117e-04,  2.04027122e-04,  2.00028928e-04,
        1.96108971e-04,  1.92265719e-04,  1.88497667e-04,  1.84803342e-04,
        1.81181299e-04,  1.77630122e-04,  1.74148421e-04,  1.70734834e-04,
        1.67388027e-04,  1.64106690e-04,  1.60889541e-04,  1.57735320e-04,
        1.54642793e-04,  1.51610752e-04,  1.48638011e-04,  1.45723406e-04,
        1.42865798e-04,  1.40064069e-04,  1.37317123e-04,  1.34623886e-04,
        1.31983304e-04,  1.29394345e-04,  1.26855996e-04,  1.24367264e-04,
        1.21927175e-04,  1.19534776e-04,  1.17189130e-04,  1.14889321e-04,
        1.12634448e-04,  1.10423630e-04,  1.08256001e-04,  1.06130715e-04,
        1.04046940e-04,  1.02003860e-04,  1.00000677e-04,  9.80366077e-05,
        9.61108830e-05,  9.42227502e-05,  9.23714706e-05,  9.05563202e-05,
        8.87765891e-05,  8.70315811e-05,  8.53206137e-05,  8.36430177e-05,
        8.19981369e-05,  8.03853281e-05,  7.88039603e-05,  7.72534150e-05,
        7.57330859e-05,  7.42423781e-05,  7.27807088e-05,  7.13475061e-05,
        6.99422095e-05,  6.85642694e-05,  6.72131468e-05,  6.58883132e-05,
        6.45892505e-05,  6.33154505e-05,  6.20664151e-05,  6.08416556e-05,
        5.96406931e-05,  5.84630579e-05,  5.73082893e-05,  5.61759356e-05,
        5.50655540e-05,  5.39767101e-05,  5.29089782e-05,  5.18619404e-05,
        5.08351874e-05,  4.98283176e-05,  4.88409371e-05,  4.78726597e-05,
        4.69231067e-05,  4.59919067e-05,  4.50786955e-05,  4.41831158e-05,
        4.33048176e-05,  4.24434571e-05,  4.15986974e-05,  4.07702083e-05,
        3.99576656e-05,  3.91607515e-05,  3.83791543e-05,  3.76125683e-05,
        3.68606938e-05,  3.61232365e-05,  3.53999081e-05,  3.46904256e-05,
        3.39945116e-05,  3.33118938e-05,  3.26423053e-05,  3.19854841e-05,
        3.13411734e-05,  3.07091212e-05,  3.00890802e-05,  2.94808079e-05,
        2.88840665e-05,  2.82986224e-05,  2.77242468e-05,  2.71607149e-05,
        2.66078064e-05,  2.60653050e-05,  2.55329985e-05,  2.50106787e-05,
        2.44981413e-05,  2.39951859e-05,  2.35016157e-05,  2.30172376e-05,
        2.25418623e-05,  2.20753037e-05,  2.16173795e-05,  2.11679105e-05,
        2.07267208e-05,  2.02936380e-05,  1.98684926e-05,  1.94511183e-05,
        1.90413520e-05,  1.86390333e-05,  1.82440049e-05,  1.78561122e-05,
        1.74752036e-05,  1.71011301e-05,  1.67337453e-05,  1.63729056e-05,
        1.60184697e-05,  1.56702992e-05,  1.53282578e-05,  1.49922118e-05,
        1.46620296e-05,  1.43375822e-05,  1.40187426e-05,  1.37053862e-05,
        1.33973904e-05,  1.30946346e-05,  1.27970006e-05,  1.25043718e-05,
        1.22166339e-05,  1.19336743e-05,  1.16553822e-05,  1.13816490e-05,
        1.11123674e-05,  1.08474322e-05,  1.05867398e-05,  1.03301881e-05,
        1.00776769e-05,  9.82910733e-06,  9.58438224e-06,  9.34340588e-06,
        9.10608400e-06,  8.87232378e-06,  8.64203379e-06,  8.41512395e-06,
        8.19150551e-06,  7.97109101e-06,  7.75379424e-06,  7.53953020e-06,
        7.32821510e-06,  7.11976628e-06,  6.91410221e-06,  6.71114244e-06,
        6.51080761e-06,  6.31301934e-06,  6.11770027e-06,  5.92477402e-06,
        5.73416513e-06,  5.54579903e-06,  5.35960206e-06,  5.17550138e-06,
        4.99342500e-06,  4.81330169e-06,  4.63506101e-06,  4.45863324e-06,
        4.28394936e-06,  4.11094107e-06,  3.93954069e-06,  3.76968117e-06,
        3.60129609e-06,  3.43431958e-06,  3.26868634e-06,  3.10433157e-06,
        2.94119100e-06,  2.77920082e-06,  2.61829766e-06,  2.45841860e-06,
        2.29950110e-06,  2.14148300e-06,  1.98430249e-06,  1.82789811e-06,
        1.67220867e-06,  1.51717328e-06,  1.36273130e-06,  1.20882232e-06,
        1.05538616e-06,  9.02362779e-07,  7.49692343e-07,  5.97315134e-07,
        4.45171553e-07,  2.93202091e-07,  1.41347309e-07, -1.04521878e-08])], 1: [], 2: []}
KEDs = {0: [array([ 0.00000000e+00,  3.31619451e-16,  9.95377229e-16,  1.99231189e-15,
        3.32398332e-15,  4.99247514e-15,  7.00039799e-15,  9.35089361e-15,
        1.20476397e-14,  1.50948559e-14,  1.84973100e-14,  2.22603258e-14,
        2.63897911e-14,  3.08921671e-14,  3.57744987e-14,  4.10444250e-14,
        4.67101918e-14,  5.27806641e-14,  5.92653402e-14,  6.61743665e-14,
        7.35185533e-14,  8.13093919e-14,  8.95590724e-14,  9.82805028e-14,
        1.07487329e-13,  1.17193957e-13,  1.27415575e-13,  1.38168175e-13,
        1.49468583e-13,  1.61334479e-13,  1.73784430e-13,  1.86837915e-13,
        2.00515360e-13,  2.14838165e-13,  2.29828740e-13,  2.45510541e-13,
        2.61908105e-13,  2.79047088e-13,  2.96954307e-13,  3.15657781e-13,
        3.35186775e-13,  3.55571845e-13,  3.76844888e-13,  3.99039188e-13,
        4.22189473e-13,  4.46331965e-13,  4.71504438e-13,  4.97746280e-13,
        5.25098551e-13,  5.53604047e-13,  5.83307370e-13,  6.14254997e-13,
        6.46495350e-13,  6.80078875e-13,  7.15058119e-13,  7.51487812e-13,
        7.89424956e-13,  8.28928909e-13,  8.70061483e-13,  9.12887035e-13,
        9.57472575e-13,  1.00388786e-12,  1.05220552e-12,  1.10250116e-12,
        1.15485347e-12,  1.20934436e-12,  1.26605909e-12,  1.32508641e-12,
        1.38651868e-12,  1.45045201e-12,  1.51698643e-12,  1.58622607e-12,
        1.65827924e-12,  1.73325869e-12,  1.81128174e-12,  1.89247047e-12,
        1.97695191e-12,  2.06485825e-12,  2.15632703e-12,  2.25150137e-12,
        2.35053019e-12,  2.45356844e-12,  2.56077733e-12,  2.67232461e-12,
        2.78838482e-12,  2.90913956e-12,  3.03477775e-12,  3.16549600e-12,
        3.30149882e-12,  3.44299902e-12,  3.59021800e-12,  3.74338611e-12,
        3.90274300e-12,  4.06853802e-12,  4.24103058e-12,  4.42049058e-12,
        4.60719880e-12,  4.80144740e-12,  5.00354030e-12,  5.21379371e-12,
        5.43253660e-12,  5.66011125e-12,  5.89687373e-12,  6.14319449e-12,
        6.39945895e-12,  6.66606807e-12,  6.94343901e-12,  7.23200577e-12,
        7.53221985e-12,  7.84455099e-12,  8.16948789e-12,  8.50753897e-12,
        8.85923317e-12,  9.22512076e-12,  9.60577425e-12,  1.00017892e-11,
        1.04137853e-11,  1.08424072e-11,  1.12883255e-11,  1.17522379e-11,
        1.22348703e-11,  1.27369779e-11,  1.32593463e-11,  1.38027928e-11,
        1.43681677e-11,  1.49563557e-11,  1.55682771e-11,  1.62048894e-11,
        1.68671885e-11,  1.75562109e-11,  1.82730346e-11,  1.90187812e-11,
        1.97946176e-11,  2.06017576e-11,  2.14414642e-11,  2.23150512e-11,
        2.32238856e-11,  2.41693893e-11,  2.51530418e-11,  2.61763821e-11,
        2.72410115e-11,  2.83485957e-11,  2.95008677e-11,  3.06996305e-11,
        3.19467597e-11,  3.32442066e-11,  3.45940015e-11,  3.59982561e-11,
        3.74591678e-11,  3.89790224e-11,  4.05601979e-11,  4.22051684e-11,
        4.39165077e-11,  4.56968935e-11,  4.75491115e-11,  4.94760598e-11,
        5.14807535e-11,  5.35663292e-11,  5.57360501e-11,  5.79933113e-11,
        6.03416445e-11,  6.27847241e-11,  6.53263728e-11,  6.79705673e-11,
        7.07214450e-11,  7.35833100e-11,  7.65606404e-11,  7.96580945e-11,
        8.28805189e-11,  8.62329557e-11,  8.97206503e-11,  9.33490597e-11,
        9.71238613e-11,  1.01050961e-10,  1.05136504e-10,  1.09386883e-10,
        1.13808748e-10,  1.18409018e-10,  1.23194890e-10,  1.28173853e-10,
        1.33353698e-10,  1.38742529e-10,  1.44348778e-10,  1.50181217e-10,
        1.56248972e-10,  1.62561537e-10,  1.69128788e-10,  1.75961002e-10,
        1.83068868e-10,  1.90463509e-10,  1.98156494e-10,  2.06159860e-10,
        2.14486130e-10,  2.23148332e-10,  2.32160019e-10,  2.41535291e-10,
        2.51288818e-10,  2.61435862e-10,  2.71992297e-10,  2.82974643e-10,
        2.94400083e-10,  3.06286493e-10,  3.18652472e-10,  3.31517369e-10,
        3.44901314e-10,  3.58825246e-10,  3.73310954e-10,  3.88381102e-10,
        4.04059270e-10,  4.20369990e-10,  4.37338781e-10,  4.54992195e-10,
        4.73357854e-10,  4.92464494e-10,  5.12342010e-10,  5.33021503e-10,
        5.54535332e-10,  5.76917157e-10,  6.00202000e-10,  6.24426292e-10,
        6.49627938e-10,  6.75846368e-10,  7.03122608e-10,  7.31499334e-10,
        7.61020947e-10,  7.91733639e-10,  8.23685465e-10,  8.56926419e-10,
        8.91508512e-10,  9.27485854e-10,  9.64914737e-10,  1.00385373e-09,
        1.04436375e-09,  1.08650818e-09,  1.13035298e-09,  1.17596674e-09,
        1.22342083e-09,  1.27278950e-09,  1.32415000e-09,  1.37758269e-09,
        1.43317118e-09,  1.49100244e-09,  1.55116695e-09,  1.61375887e-09,
        1.67887612e-09,  1.74662058e-09,  1.81709827e-09,  1.89041944e-09,
        1.96669883e-09,  2.04605579e-09,  2.12861448e-09,  2.21450409e-09,
        2.30385900e-09,  2.39681901e-09,  2.49352960e-09,  2.59414206e-09,
        2.69881384e-09,  2.80770870e-09,  2.92099703e-09,  3.03885610e-09,
        3.16147030e-09,  3.28903149e-09,  3.42173927e-09,  3.55980127e-09,
        3.70343352e-09,  3.85286076e-09,  4.00831679e-09,  4.17004484e-09,
        4.33829797e-09,  4.51333944e-09,  4.69544313e-09,  4.88489397e-09,
        5.08198840e-09,  5.28703479e-09,  5.50035399e-09,  5.72227975e-09,
        5.95315934e-09,  6.19335398e-09,  6.44323952e-09,  6.70320694e-09,
        6.97366300e-09,  7.25503087e-09,  7.54775081e-09,  7.85228083e-09,
        8.16909741e-09,  8.49869627e-09,  8.84159312e-09,  9.19832448e-09,
        9.56944852e-09,  9.95554593e-09,  1.03572208e-08,  1.07751017e-08,
        1.12098424e-08,  1.16621231e-08,  1.21326515e-08,  1.26221639e-08,
        1.31314261e-08,  1.36612350e-08,  1.42124196e-08,  1.47858423e-08,
        1.53824002e-08,  1.60030269e-08,  1.66486934e-08,  1.73204099e-08,
        1.80192275e-08,  1.87462396e-08,  1.95025838e-08,  2.02894433e-08,
        2.11080495e-08,  2.19596832e-08,  2.28456768e-08,  2.37674168e-08,
        2.47263453e-08,  2.57239627e-08,  2.67618299e-08,  2.78415709e-08,
        2.89648752e-08,  3.01335002e-08,  3.13492746e-08,  3.26141006e-08,
        3.39299573e-08,  3.52989035e-08,  3.67230812e-08,  3.82047188e-08,
        3.97461345e-08,  4.13497401e-08,  4.30180448e-08,  4.47536588e-08,
        4.65592980e-08,  4.84377874e-08,  5.03920664e-08,  5.24251926e-08,
        5.45403474e-08,  5.67408401e-08,  5.90301139e-08,  6.14117507e-08,
        6.38894770e-08,  6.64671696e-08,  6.91488618e-08,  7.19387494e-08,
        7.48411978e-08,  7.78607483e-08,  8.10021254e-08,  8.42702444e-08,
        8.76702188e-08,  9.12073683e-08,  9.48872273e-08,  9.87155535e-08,
        1.02698337e-07,  1.06841808e-07,  1.11152452e-07,  1.15637010e-07,
        1.20302501e-07,  1.25156223e-07,  1.30205769e-07,  1.35459039e-07,
        1.40924249e-07,  1.46609949e-07,  1.52525031e-07,  1.58678744e-07,
        1.65080710e-07,  1.71740935e-07,  1.78669829e-07,  1.85878216e-07,
        1.93377350e-07,  2.01178937e-07,  2.09295143e-07,  2.17738615e-07,
        2.26522495e-07,  2.35660439e-07,  2.45166627e-07,  2.55055781e-07,
        2.65343178e-07,  2.76044661e-07,  2.87176647e-07,  2.98756135e-07,
        3.10800707e-07,  3.23328524e-07,  3.36358317e-07,  3.49909372e-07,
        3.64001497e-07,  3.78654986e-07,  3.93890562e-07,  4.09729305e-07,
        4.26192554e-07,  4.43301784e-07,  4.61078457e-07,  4.79543823e-07,
        4.98718692e-07,  5.18623138e-07,  5.39276157e-07,  5.60695243e-07,
        5.82895891e-07,  6.05891004e-07,  6.29690188e-07,  6.54298939e-07,
        6.79717681e-07,  7.05940664e-07,  7.32954682e-07,  7.60737613e-07,
        7.89256755e-07,  8.18466935e-07,  8.48308387e-07,  8.78704375e-07,
        9.09558549e-07,  9.40752034e-07,  9.72140228e-07,  1.00354933e-06,
        1.03477259e-06,  1.06556630e-06,  1.09564559e-06,  1.12467994e-06,
        1.15228868e-06,  1.17803630e-06,  1.20142787e-06,  1.22190450e-06,
        1.23883910e-06,  1.25153254e-06,  1.25921037e-06,  1.26102031e-06,
        1.25603079e-06,  1.24323065e-06,  1.22153051e-06,  1.18976576e-06,
        1.14670185e-06,  1.09104183e-06,  1.02143668e-06,  9.36498582e-07,
        8.34817440e-07,  7.14980804e-07,  5.75597346e-07,  4.15323948e-07,
        2.32896305e-07,  2.71629011e-08, -2.02878024e-07, -4.58038974e-07,
       -7.38901865e-07, -1.04577571e-06, -1.37865437e-06, -1.73717558e-06,
       -2.12058271e-06, -2.52769064e-06, -2.95685749e-06, -3.40596381e-06,
       -3.87240082e-06, -4.35306925e-06, -4.84439009e-06, -5.34232837e-06,
       -5.84243064e-06, -6.33987646e-06, -6.82954374e-06, -7.30608707e-06,
       -7.76402795e-06, -8.19785479e-06, -8.60213051e-06, -8.97160470e-06,
       -9.30132714e-06, -9.58675923e-06, -9.82387955e-06, -1.00092801e-05,
       -1.01402498e-05, -1.02148420e-05, -1.02319242e-05, -1.01912069e-05,
       -1.00932518e-05, -9.93945837e-06, -9.73202866e-06, -9.47391324e-06,
       -9.16873871e-06, -8.82072028e-06, -8.43456225e-06, -8.01534994e-06,
       -7.56843671e-06, -7.09932963e-06, -6.61357742e-06, -6.11666381e-06,
       -5.61390905e-06, -5.11038209e-06, -4.61082498e-06, -4.11959075e-06,
       -3.64059548e-06, -3.17728446e-06, -2.73261218e-06, -2.30903522e-06,
       -1.90851695e-06, -1.53254255e-06, -1.18214281e-06, -8.57925030e-07,
       -5.60109310e-07, -2.88568684e-07, -4.28714813e-08,  1.77675396e-07,
        3.73983502e-07,  5.47141207e-07,  6.98374195e-07,  8.29008757e-07,
        9.40438303e-07,  1.03409342e-06,  1.11141560e-06,  1.17383465e-06,
        1.22274973e-06,  1.25951386e-06,  1.28542159e-06,  1.30169972e-06,
        1.30950057e-06,  1.30989773e-06,  1.30388371e-06,  1.29236943e-06,
        1.27618512e-06,  1.25608235e-06,  1.23273704e-06,  1.20675319e-06,
        1.17866699e-06,  1.14895144e-06,  1.11802100e-06,  1.08623643e-06,
        1.05390950e-06,  1.02130762e-06,  9.88658353e-07,  9.56153608e-07,
        9.23953636e-07,  8.92190742e-07,  8.60972705e-07,  8.30385905e-07,
        8.00498175e-07,  7.71361356e-07,  7.43013602e-07,  7.15481423e-07,
        6.88781493e-07,  6.62922244e-07,  6.37905258e-07,  6.13726474e-07,
        5.90377235e-07,  5.67845188e-07,  5.46115054e-07,  5.25169277e-07,
        5.04988578e-07,  4.85552417e-07,  4.66839381e-07,  4.48827501e-07,
        4.31494514e-07,  4.14818080e-07,  3.98775955e-07,  3.83346122e-07,
        3.68506906e-07,  3.54237057e-07,  3.40515809e-07,  3.27322932e-07,
        3.14638760e-07,  3.02444216e-07,  2.90720824e-07,  2.79450713e-07,
        2.68616618e-07,  2.58201872e-07,  2.48190403e-07,  2.38566717e-07,
        2.29315888e-07,  2.20423544e-07,  2.11875849e-07,  2.03659488e-07,
        1.95761649e-07,  1.88170010e-07,  1.80872719e-07,  1.73858376e-07,
        1.67116022e-07,  1.60635118e-07,  1.54405531e-07,  1.48417521e-07,
        1.42661723e-07,  1.37129135e-07,  1.31811101e-07,  1.26699304e-07,
        1.21785745e-07,  1.17062739e-07,  1.12522896e-07,  1.08159112e-07,
        1.03964561e-07,  9.99326791e-08,  9.60571587e-08,  9.23319358e-08,
        8.87511818e-08,  8.53092939e-08,  8.20008869e-08,  7.88207842e-08,
        7.57640100e-08,  7.28257815e-08,  7.00015014e-08,  6.72867505e-08,
        6.46772812e-08,  6.21690106e-08,  5.97580141e-08,  5.74405191e-08,
        5.52128996e-08,  5.30716702e-08,  5.10134805e-08,  4.90351100e-08,
        4.71334634e-08,  4.53055651e-08,  4.35485552e-08,  4.18596844e-08,
        4.02363102e-08,  3.86758926e-08,  3.71759901e-08,  3.57342558e-08,
        3.43484338e-08,  3.30163559e-08,  3.17359376e-08,  3.05051757e-08,
        2.93221443e-08,  2.81849925e-08,  2.70919409e-08,  2.60412793e-08,
        2.50313637e-08,  2.40606140e-08,  2.31275113e-08,  2.22305954e-08,
        2.13684632e-08,  2.05397656e-08,  1.97432060e-08,  1.89775380e-08,
        1.82415636e-08,  1.75341313e-08,  1.68541341e-08,  1.62005082e-08,
        1.55722307e-08,  1.49683186e-08,  1.43878270e-08,  1.38298477e-08,
        1.32935075e-08,  1.27779673e-08,  1.22824205e-08,  1.18060916e-08,
        1.13482354e-08,  1.09081354e-08,  1.04851031e-08,  1.00784765e-08,
        9.68761948e-09,  9.31192038e-09,  8.95079139e-09,  8.60366746e-09,
        8.27000545e-09,  7.94928330e-09,  7.64099917e-09,  7.34467071e-09,
        7.05983425e-09,  6.78604413e-09,  6.52287195e-09,  6.26990594e-09,
        6.02675028e-09,  5.79302451e-09,  5.56836294e-09,  5.35241404e-09,
        5.14483993e-09,  4.94531581e-09,  4.75352950e-09,  4.56918092e-09,
        4.39198161e-09,  4.22165433e-09,  4.05793257e-09,  3.90056015e-09,
        3.74929084e-09,  3.60388795e-09,  3.46412398e-09,  3.32978024e-09,
        3.20064653e-09,  3.07652080e-09,  2.95720882e-09,  2.84252392e-09,
        2.73228665e-09,  2.62632452e-09,  2.52447175e-09,  2.42656896e-09,
        2.33246298e-09,  2.24200654e-09,  2.15505813e-09,  2.07148169e-09,
        1.99114645e-09,  1.91392672e-09,  1.83970167e-09,  1.76835517e-09,
        1.69977558e-09,  1.63385560e-09,  1.57049208e-09,  1.50958588e-09,
        1.45104170e-09,  1.39476795e-09,  1.34067656e-09,  1.28868291e-09,
        1.23870564e-09,  1.19066656e-09,  1.14449049e-09,  1.10010520e-09,
        1.05744122e-09,  1.01643181e-09,  9.77012799e-10,  9.39122508e-10,
        9.02701653e-10,  8.67693247e-10,  8.34042512e-10,  8.01696798e-10,
        7.70605493e-10,  7.40719950e-10,  7.11993407e-10,  6.84380918e-10,
        6.57839277e-10,  6.32326956e-10,  6.07804037e-10,  5.84232149e-10,
        5.61574409e-10,  5.39795367e-10,  5.18860944e-10,  4.98738387e-10,
        4.79396208e-10,  4.60804144e-10,  4.42933106e-10,  4.25755129e-10,
        4.09243338e-10,  3.93371895e-10,  3.78115968e-10,  3.63451685e-10,
        3.49356103e-10,  3.35807166e-10,  3.22783675e-10,  3.10265252e-10,
        2.98232310e-10,  2.86666021e-10,  2.75548288e-10,  2.64861716e-10,
        2.54589582e-10,  2.44715816e-10,  2.35224967e-10,  2.26102186e-10,
        2.17333199e-10,  2.08904284e-10,  2.00802254e-10,  1.93014431e-10,
        1.85528630e-10,  1.78333139e-10,  1.71416698e-10,  1.64768485e-10,
        1.58378100e-10,  1.52235541e-10,  1.46331200e-10,  1.40655836e-10,
        1.35200570e-10,  1.29956867e-10,  1.24916522e-10,  1.20071648e-10,
        1.15414664e-10,  1.10938285e-10,  1.06635505e-10,  1.02499593e-10,
        9.85240766e-11,  9.47027362e-11,  9.10295925e-11,  8.74988981e-11,
        8.41051287e-11,  8.08429741e-11,  7.77073302e-11,  7.46932907e-11,
        7.17961397e-11,  6.90113439e-11,  6.63345462e-11,  6.37615583e-11,
        6.12883542e-11,  5.89110643e-11,  5.66259687e-11,  5.44294922e-11,
        5.23181980e-11,  5.02887825e-11,  4.83380704e-11,  4.64630095e-11,
        4.46606660e-11,  4.29282197e-11,  4.12629600e-11,  3.96622812e-11,
        3.81236789e-11,  3.66447456e-11,  3.52231672e-11,  3.38567196e-11,
        3.25432646e-11,  3.12807471e-11,  3.00671917e-11,  2.89006996e-11,
        2.77794456e-11,  2.67016754e-11,  2.56657024e-11,  2.46699059e-11,
        2.37127277e-11,  2.27926701e-11,  2.19082935e-11,  2.10582143e-11,
        2.02411023e-11,  1.94556789e-11,  1.87007153e-11,  1.79750302e-11,
        1.72774881e-11,  1.66069976e-11,  1.59625096e-11,  1.53430158e-11,
        1.47475467e-11,  1.41751707e-11,  1.36249922e-11,  1.30961504e-11,
        1.25878177e-11,  1.20991989e-11,  1.16295294e-11,  1.11780743e-11,
        1.07441272e-11,  1.03270091e-11,  9.92606749e-12,  9.54067490e-12,
        9.17022836e-12,  8.81414823e-12,  8.47187737e-12,  8.14288024e-12,
        7.82664206e-12,  7.52266803e-12,  7.23048252e-12,  6.94962837e-12,
        6.67966613e-12,  6.42017339e-12,  6.17074414e-12,  5.93098810e-12,
        5.70053013e-12,  5.47900965e-12,  5.26608004e-12,  5.06140814e-12,
        4.86467370e-12,  4.67556891e-12,  4.49379787e-12,  4.31907618e-12,
        4.15113044e-12,  3.98969789e-12,  3.83452593e-12,  3.68537177e-12,
        3.54200203e-12,  3.40419239e-12,  3.27172721e-12,  3.14439925e-12,
        3.02200926e-12,  2.90436574e-12,  2.79128464e-12,  2.68258900e-12,
        2.57810877e-12,  2.47768045e-12,  2.38114692e-12,  2.28835712e-12,
        2.19916589e-12,  2.11343365e-12,  2.03102627e-12,  1.95181480e-12,
        1.87567531e-12,  1.80248867e-12,  1.73214035e-12,  1.66452030e-12,
        1.59952270e-12,  1.53704586e-12,  1.47699201e-12,  1.41926721e-12,
        1.36378111e-12,  1.31044692e-12,  1.25918117e-12,  1.20990366e-12,
        1.16253727e-12,  1.11700791e-12,  1.07324432e-12,  1.03117803e-12,
        9.90743234e-13,  9.51876650e-13,  9.14517470e-13,  8.78607237e-13,
        8.44089765e-13,  8.10911045e-13,  7.79019163e-13,  7.48364219e-13,
        7.18898249e-13,  6.90575147e-13,  6.63350597e-13,  6.37182002e-13,
        6.12028417e-13,  5.87850484e-13,  5.64610373e-13,  5.42271721e-13,
        5.20799575e-13,  5.00160339e-13,  4.80321718e-13,  4.61252672e-13,
        4.42923365e-13,  4.25305116e-13,  4.08370359e-13,  3.92092597e-13,
        3.76446361e-13,  3.61407168e-13,  3.46951489e-13,  3.33056703e-13,
        3.19701072e-13,  3.06863697e-13,  2.94524492e-13,  2.82664150e-13,
        2.71264115e-13,  2.60306548e-13,  2.49774305e-13,  2.39650906e-13,
        2.29920511e-13,  2.20567896e-13,  2.11578426e-13,  2.02938037e-13,
        1.94633209e-13,  1.86650947e-13,  1.78978762e-13,  1.71604649e-13,
        1.64517071e-13,  1.57704937e-13,  1.51157589e-13,  1.44864783e-13,
        1.38816672e-13,  1.33003793e-13,  1.27417051e-13,  1.22047704e-13,
        1.16887351e-13,  1.11927918e-13,  1.07161645e-13,  1.02581075e-13,
        9.81790391e-14,  9.39486511e-14,  8.98832915e-14,  8.59765992e-14,
        8.22224616e-14,  7.86150048e-14,  7.51485841e-14,  7.18177759e-14,
        6.86173684e-14,  6.55423542e-14,  6.25879218e-14,  5.97494485e-14,
        5.70224931e-14,  5.44027887e-14,  5.18862364e-14,  4.94688986e-14,
        4.71469929e-14,  4.49168864e-14,  4.27750897e-14,  4.07182515e-14,
        3.87431536e-14,  3.68467057e-14,  3.50259403e-14,  3.32780086e-14,
        3.16001757e-14,  2.99898162e-14,  2.84444106e-14,  2.69615408e-14,
        2.55388865e-14,  2.41742218e-14,  2.28654114e-14,  2.16104075e-14,
        2.04072464e-14,  1.92540455e-14,  1.81490006e-14,  1.70903824e-14,
        1.60765348e-14,  1.51058712e-14,  1.41768730e-14,  1.32880865e-14,
        1.24381212e-14,  1.16256471e-14,  1.08493929e-14,  1.01081441e-14,
        9.40074078e-15,  8.72607620e-15,  8.08309469e-15,  7.47079019e-15,
        6.88820466e-15,  6.33442653e-15,  5.80858933e-15,  5.30987029e-15,
        4.83748909e-15,  4.39070659e-15,  3.96882374e-15,  3.57118043e-15,
        3.19715448e-15,  2.84616065e-15,  2.51764976e-15,  2.21110780e-15,
        1.92605513e-15,  1.66204574e-15,  1.41866653e-15,  1.19553671e-15,
        9.92307142e-16,  8.08659844e-16,  6.44307467e-16,  4.98992854e-16,
        3.72488636e-16,  2.64596875e-16,  1.75148756e-16,  1.04004321e-16,
        5.10522549e-17,  1.62097035e-17,  0.00000000e+00, -0.00000000e+00])], 1: [], 2: []}
v = [-6.16648671e-128 -2.17516338e-127 -7.65176105e-127 -2.68439454e-126
 -9.39175437e-126 -3.27689508e-125 -1.14023345e-124 -3.95676677e-124
 -1.36931245e-123 -4.72585174e-123 -1.62657113e-122 -5.58317783e-122
 -1.91119628e-121 -6.52445973e-121 -2.22125925e-120 -7.54170213e-120
 -2.55361213e-119 -8.62295108e-119 -2.90383772e-118 -9.75223584e-118
 -3.26626546e-117 -1.09097348e-116 -3.63406208e-116 -1.20721861e-115
 -3.99940081e-115 -1.32135457e-114 -4.35370747e-114 -1.43058791e-113
 -4.68797499e-113 -1.53204476e-112 -4.99313207e-112 -1.62289374e-111
 -5.26044577e-111 -1.70047575e-110 -5.48193356e-110 -1.76243263e-109
 -5.65075807e-109 -1.80682601e-108 -5.76157721e-108 -1.83223793e-107
 -5.81082485e-107 -1.83784606e-106 -5.79690136e-106 -1.82346789e-105
 -5.72025990e-105 -1.78957059e-104 -5.58338197e-104 -1.73724582e-103
 -5.39064389e-103 -1.66815132e-102 -5.14808458e-102 -1.58442372e-101
 -4.86309138e-101 -1.48856895e-100 -4.54402710e-100 -1.38333798e-099
 -4.19982430e-099 -1.27159665e-098 -3.83957413e-098 -1.15619789e-097
 -3.47213593e-097 -1.03986437e-096 -3.10579014e-096 -9.25087787e-096
 -2.74795249e-095 -8.14049708e-095 -2.40496113e-094 -7.08566521e-094
 -2.08194200e-093 -6.10059309e-093 -1.78275195e-092 -5.19547446e-092
 -1.50999302e-091 -4.37663266e-091 -1.26508785e-090 -3.64683996e-090
 -1.04840276e-089 -3.00576512e-089 -8.59403968e-089 -2.45050222e-088
 -6.96832309e-088 -1.97613627e-087 -5.58883039e-087 -1.57630554e-086
 -4.43379191e-086 -1.24372866e-085 -3.47929625e-085 -9.70672237e-085
 -2.70065581e-084 -7.49344115e-084 -2.07352270e-083 -5.72205094e-083
 -1.57474441e-082 -4.32199106e-082 -1.18296824e-081 -3.22907205e-081
 -8.79018102e-081 -2.38634556e-080 -6.46076998e-080 -1.74441839e-079
 -4.69712877e-079 -1.26133285e-078 -3.37786571e-078 -9.02132821e-078
 -2.40278006e-077 -6.38223787e-077 -1.69062538e-076 -4.46619021e-076
 -1.17663694e-075 -3.09145672e-075 -8.10026627e-075 -2.11665878e-074
 -5.51591849e-074 -1.43350846e-073 -3.71533613e-073 -9.60309872e-073
 -2.47536991e-072 -6.36332718e-072 -1.63133754e-071 -4.17079496e-071
 -1.06343091e-070 -2.70405271e-070 -6.85703643e-070 -1.73409622e-069
 -4.37346202e-069 -1.10000069e-068 -2.75915430e-068 -6.90199196e-068
 -1.72182236e-067 -4.28368638e-067 -1.06282662e-066 -2.62979934e-066
 -6.48930566e-066 -1.59694251e-065 -3.91918500e-065 -9.59218792e-065
 -2.34128900e-064 -5.69912000e-064 -1.38348995e-063 -3.34934320e-063
 -8.08646521e-063 -1.94703261e-062 -4.67523194e-062 -1.11956298e-061
 -2.67367938e-061 -6.36774342e-061 -1.51243674e-060 -3.58248442e-060
 -8.46265887e-060 -1.99363106e-059 -4.68379823e-059 -1.09740516e-058
 -2.56419618e-058 -5.97517915e-058 -1.38856446e-057 -3.21807818e-057
 -7.43776697e-057 -1.71436770e-056 -3.94076753e-056 -9.03385442e-056
 -2.06528881e-055 -4.70873149e-055 -1.07063760e-054 -2.42770823e-054
 -5.48991879e-054 -1.23808591e-053 -2.78452470e-053 -6.24549404e-053
 -1.39700498e-052 -3.11633790e-052 -6.93276630e-052 -1.53809801e-051
 -3.40311710e-051 -7.50905365e-051 -1.65237628e-050 -3.62616974e-050
 -7.93601971e-050 -1.73209927e-049 -3.77014670e-049 -8.18387811e-049
 -1.77164004e-048 -3.82478699e-048 -8.23482645e-048 -1.76814176e-047
 -3.78612668e-047 -8.08516028e-047 -1.72185889e-046 -3.65697434e-046
 -7.74571834e-046 -1.63612665e-045 -3.44657370e-045 -7.24058493e-045
 -1.51696362e-044 -3.16950988e-044 -6.60426494e-044 -1.37237341e-043
 -2.84403892e-043 -5.87779190e-043 -1.21145785e-042 -2.49010605e-042
 -5.10437778e-042 -1.04347778e-041 -2.12735044e-041 -4.32524086e-041
 -8.76994742e-041 -1.77336900e-040 -3.57615776e-040 -7.19199962e-040
 -1.44244105e-039 -2.88510700e-039 -5.75494538e-039 -1.14481660e-038
 -2.27115129e-038 -4.49336441e-038 -8.86569219e-038 -1.74449243e-037
 -3.42326847e-037 -6.69928204e-037 -1.30746778e-036 -2.54477367e-036
 -4.93949738e-036 -9.56162680e-036 -1.84584933e-035 -3.55366219e-035
 -6.82293863e-035 -1.30641819e-034 -2.49464302e-034 -4.75061707e-034
 -9.02208834e-034 -1.70875405e-033 -3.22750906e-033 -6.07954132e-033
 -1.14206176e-032 -2.13955669e-032 -3.99736161e-032 -7.44798011e-032
 -1.38394557e-031 -2.56457229e-031 -4.73943215e-031 -8.73480286e-031
 -1.60544465e-030 -2.94274748e-030 -5.37930401e-030 -9.80651308e-030
 -1.78286544e-029 -3.23249568e-029 -5.84484195e-029 -1.05395731e-028
 -1.89534687e-028 -3.39914598e-028 -6.07947896e-028 -1.08437210e-027
 -1.92888237e-027 -3.42175242e-027 -6.05350427e-027 -1.06802288e-026
 -1.87918566e-026 -3.29741990e-026 -5.77024498e-026 -1.00700049e-025
 -1.75259085e-025 -3.04191330e-025 -5.26536589e-025 -9.08920105e-025
 -1.56472599e-024 -2.68637300e-024 -4.59949090e-024 -7.85359760e-024
 -1.33734346e-023 -2.27108141e-023 -3.84625326e-023 -6.49618650e-023
 -1.09419449e-022 -1.83800206e-022 -3.07902274e-022 -5.14393213e-022
 -8.57024022e-022 -1.42398755e-021 -2.35958062e-021 -3.89923024e-021
 -6.42596523e-021 -1.05612007e-020 -1.73102623e-020 -2.82949829e-020
 -4.61243918e-020 -7.49837752e-020 -1.21568031e-019 -1.96556267e-019
 -3.16934735e-019 -5.09645525e-019 -8.17300985e-019 -1.30710736e-018
 -2.08475935e-018 -3.31601154e-018 -5.26007052e-018 -8.32113430e-018
 -1.31277086e-017 -2.06543131e-017 -3.24076855e-017 -5.07108286e-017
 -7.91350406e-017 -1.23155095e-016 -1.91139907e-016 -2.95846058e-016
 -4.56662801e-016 -7.02976678e-016 -1.07919924e-015 -1.65225766e-015
 -2.52272173e-015 -3.84128345e-015 -5.83309157e-015 -8.83357832e-015
 -1.33410486e-014 -2.00936438e-014 -3.01816420e-014 -4.52108279e-014
 -6.75394450e-014 -1.00620842e-013 -1.49497468e-013 -2.21510930e-013
 -3.27319527e-013 -4.82352019e-013 -7.08878358e-013 -1.03895029e-012
 -1.51856451e-012 -2.21353890e-012 -3.21778115e-012 -4.66488861e-012
 -6.74437150e-012 -9.72427255e-012 -1.39826083e-011 -2.00509380e-011
 -2.86745510e-011 -4.08953558e-011 -5.81656770e-011 -8.25040020e-011
 -1.16707475e-010 -1.64640913e-010 -2.31628656e-010 -3.24984196e-010
 -4.54723739e-010 -6.34524571e-010 -8.83008111e-010 -1.22545219e-009
 -1.69606888e-009 -2.34102487e-009 -3.22243379e-009 -4.42361589e-009
 -6.05600531e-009 -8.26819132e-009 -1.12577142e-008 -1.52864046e-008
 -2.07002655e-008 -2.79551554e-008 -3.76498577e-008 -5.05685147e-008
 -6.77348991e-008 -9.04815873e-008 -1.20537829e-007 -1.60140784e-007
 -2.12175858e-007 -2.80353134e-007 -3.69428413e-007 -4.85479176e-007
 -6.36247882e-007 -8.31567532e-007 -1.08388731e-006 -1.40891946e-006
 -1.82643255e-006 -2.36122046e-006 -3.04428194e-006 -3.91425068e-006
 -5.01912291e-006 -6.41833614e-006 -8.18526071e-006 -1.04101745e-005
 -1.32037998e-005 -1.67014925e-005 -2.10681823e-005 -2.65041746e-005
 -3.32519358e-005 -4.16039928e-005 -5.19120912e-005 -6.45977612e-005
 -8.01644544e-005 -9.92114158e-005 -1.22449463e-004 -1.50718844e-004
 -1.85009340e-004 -2.26482780e-004 -2.76498100e-004 -3.36639092e-004
 -4.08744925e-004 -4.94943508e-004 -5.97687705e-004 -7.19794368e-004
 -8.64486065e-004 -1.03543534e-003 -1.23681117e-003 -1.47332734e-003
 -1.75029207e-003 -2.07365851e-003 -2.45007501e-003 -2.88693466e-003
 -3.39242270e-003 -3.97556078e-003 -4.64624671e-003 -5.41528811e-003
 -6.29442842e-003 -7.29636351e-003 -8.43474695e-003 -9.72418214e-003
 -1.11801992e-002 -1.28192151e-002 -1.46584738e-002 -1.67159671e-002
 -1.90103316e-002 -2.15607224e-002 -2.43866619e-002 -2.75078619e-002
 -3.09440210e-002 -3.47145939e-002 -3.88385371e-002 -4.33340289e-002
 -4.82181680e-002 -5.35066517e-002 -5.92134377e-002 -6.53503935e-002
 -7.19269377e-002 -7.89496784e-002 -8.64220556e-002 -9.43439923e-002
 -1.02711563e-001 -1.11516688e-001 -1.20746851e-001 -1.30384870e-001
 -1.40408699e-001 -1.50791292e-001 -1.61500526e-001 -1.72499187e-001
 -1.83745027e-001 -1.95190901e-001 -2.06784972e-001 -2.18471007e-001
 -2.30188742e-001 -2.41874330e-001 -2.53460864e-001 -2.64878967e-001
 -2.76057448e-001 -2.86924012e-001 -2.97406019e-001 -3.07431273e-001
 -3.16928842e-001 -3.25829886e-001 -3.34068480e-001 -3.41582424e-001
 -3.48314027e-001 -3.54210836e-001 -3.59226323e-001 -3.63320493e-001
 -3.66460415e-001 -3.68620661e-001 -3.69783655e-001 -3.69939904e-001
 -3.69088131e-001 -3.67235292e-001 -3.64396480e-001 -3.60594724e-001
 -3.55860672e-001 -3.50232184e-001 -3.43753827e-001 -3.36476286e-001
 -3.28455709e-001 -3.19752979e-001 -3.10432952e-001 -3.00563654e-001
 -2.90215457e-001 -2.79460255e-001 -2.68370634e-001 -2.57019081e-001
 -2.45477205e-001 -2.33815020e-001 -2.22100264e-001 -2.10397791e-001
 -1.98769024e-001 -1.87271491e-001 -1.75958424e-001 -1.64878447e-001
 -1.54075344e-001 -1.43587897e-001 -1.33449809e-001 -1.23689692e-001
 -1.14331129e-001 -1.05392792e-001 -9.68886166e-002 -8.88280306e-002
 -8.12162146e-002 -7.40544030e-002 -6.73402087e-002 -6.10679671e-002
 -5.52290915e-002 -4.98124345e-002 -4.48046477e-002 -4.01905360e-002
 -3.59533995e-002 -3.20753611e-002 -2.85376745e-002 -2.53210108e-002
 -2.24057211e-002 -1.97720749e-002 -1.74004708e-002 -1.52716226e-002
 -1.33667184e-002 -1.16675547e-002 -1.01566462e-002 -8.81731249e-003
 -7.63374369e-003 -6.59104606e-003 -5.67527031e-003 -4.87342389e-003
 -4.17346961e-003 -3.56431234e-003 -3.03577573e-003 -2.57857072e-003
 -2.18425753e-003 -1.84520264e-003 -1.55453221e-003 -1.30608311e-003
 -1.09435275e-003 -9.14448570e-004 -7.62038070e-004 -6.33299993e-004
 -5.24877226e-004 -4.33831825e-004 -3.57602476e-004 -2.93964616e-004
 -2.40993335e-004 -1.97029128e-004 -1.60646501e-004 -1.30625372e-004
 -1.05925187e-004 -8.56616368e-005 -6.90858223e-005 -5.55657173e-005
 -4.45697656e-005 -3.56524358e-005 -2.84415654e-005 -2.26273250e-005
 -1.79526418e-005 -1.42049252e-005 -1.12089508e-005 -8.82076823e-006
 -6.92250517e-006 -5.41795755e-006 -4.22886031e-006 -3.29174748e-006
 -2.55531895e-006 -1.97824079e-006 -1.52731501e-006 -1.17596262e-006
 -9.02971095e-007 -6.91464057e-007 -5.28056999e-007 -4.02167923e-007
 -3.05456580e-007 -2.31369961e-007 -1.74775234e-007 -1.31664364e-007
 -9.89172486e-008 -7.41124623e-008 -5.53765491e-008 -4.12644410e-008
 -3.06648945e-008 -2.27259693e-008 -1.67964998e-008 -1.23802836e-008
 -9.10034438e-009 -6.67114676e-009 -4.87706556e-009 -3.55575741e-009
 -2.58536036e-009 -1.87467280e-009 -1.35564290e-009 -9.77643596e-010
 -7.03122908e-010 -5.04309753e-010 -3.60727223e-010 -2.57321397e-010
 -1.83057832e-010 -1.29872189e-010 -9.18881354e-011 -6.48362888e-011
 -4.56238876e-011 -3.20170903e-011 -2.24071625e-011 -1.56389395e-011
 -1.08853693e-011 -7.55604376e-012 -5.23071665e-012 -3.61113194e-012
 -2.48622798e-012 -1.70708039e-012 -1.16891365e-012 -7.98226824e-013
 -5.43607747e-013 -3.69198891e-013 -2.50063653e-013 -1.68910320e-013
 -1.13782961e-013 -7.64387731e-014 -5.12112783e-014 -3.42162930e-014
 -2.27989963e-014 -1.51500453e-014 -1.00398579e-014 -6.63523997e-015
 -4.37321805e-015 -2.87449172e-015 -1.88424089e-015 -1.23176317e-015
 -8.03033088e-016 -5.22101687e-016 -3.38526120e-016 -2.18899467e-016
 -1.41160326e-016 -9.07812245e-017 -5.82230363e-017 -3.72399505e-017
 -2.37541105e-017 -1.51106756e-017 -9.58615443e-018 -6.06485459e-018
 -3.82658880e-018 -2.40779014e-018 -1.51091801e-018 -9.45537147e-019
 -5.90108302e-019 -3.67282542e-019 -2.27973454e-019 -1.41118419e-019
 -8.71161269e-020 -5.36325994e-020 -3.29286984e-020 -2.01620977e-020
 -1.23115377e-020 -7.49729002e-021 -4.55314789e-021 -2.75762135e-021
 -1.66560855e-021 -1.00329046e-021 -6.02692591e-022 -3.61060896e-022
 -2.15715072e-022 -1.28527469e-022 -7.63707146e-023 -4.52556893e-023
 -2.67445284e-023 -1.57620295e-023 -9.26413257e-024 -5.43016238e-024
 -3.17421474e-024 -1.85044092e-024 -1.07579513e-024 -6.23733909e-025
 -3.60648864e-025 -2.07962588e-025 -1.19591769e-025 -6.85855772e-026
 -3.92265161e-026 -2.23739214e-026 -1.27268203e-026 -7.21960016e-027
 -4.08433929e-027 -2.30433656e-027 -1.29653856e-027 -7.27512399e-028
 -4.07109083e-028 -2.27193873e-028 -1.26443897e-028 -7.01801929e-029
 -3.88460331e-029 -2.14434286e-029 -1.18047613e-029 -6.48090449e-030
 -3.54837463e-030 -1.93748676e-030 -1.05502670e-030 -5.72932673e-031
 -3.10283842e-031 -1.67583078e-031 -9.02644204e-032 -4.84862352e-032
 -2.59738161e-032 -1.38761341e-032 -7.39293095e-033 -3.92807926e-033
 -2.08141781e-033 -1.09990131e-033 -5.79647020e-034 -3.04641402e-034
 -1.59672335e-034 -8.34614369e-035 -4.35068329e-035 -2.26174956e-035
 -1.17259217e-035 -6.06268353e-036 -3.12606668e-036 -1.60748529e-036
 -8.24349182e-037 -4.21590528e-037 -2.15023492e-037 -1.09369546e-037
 -5.54781967e-038 -2.80649128e-038 -1.41586057e-038 -7.12348824e-039
 -3.57421248e-039 -1.78847739e-039 -8.92487149e-040 -4.44156397e-040
 -2.20437411e-040 -1.09106372e-040 -5.38555368e-041 -2.65109955e-041
 -1.30147893e-041 -6.37182269e-042 -3.11104041e-042 -1.51482706e-042
 -7.35590122e-043 -3.56224802e-043 -1.72039373e-043 -8.28603912e-044
 -3.97998595e-044 -1.90647683e-044 -9.10745332e-045 -4.33888169e-045
 -2.06145612e-045 -9.76755382e-046 -4.61543843e-046 -2.17498138e-046
 -1.02214746e-046 -4.79056790e-047 -2.23911230e-047 -1.04371081e-047
 -4.85176684e-048 -2.24923634e-048 -1.03988591e-048 -4.79459279e-049
 -2.20461721e-049 -1.01095096e-049 -4.62319719e-050 -2.10848336e-050
 -9.58988433e-051 -4.34982707e-051 -1.96764183e-051 -8.87637277e-052
 -3.99337827e-052 -1.79168146e-052 -8.01671751e-053 -3.57723765e-053
 -1.59189507e-053 -7.06474535e-054 -3.12675620e-054 -1.38008857e-054
 -6.07484677e-055 -2.66673051e-055 -1.16745020e-055 -5.09698115e-056
 -2.21923414e-056 -9.63626317e-057 -4.17281962e-057 -1.80204654e-057
 -7.76100254e-058 -3.33338196e-058 -1.42780128e-058 -6.09910182e-059
 -2.59824101e-059 -1.10384581e-059 -4.67684337e-060 -1.97611707e-060
 -8.32698810e-061 -3.49927965e-061 -1.46650919e-061 -6.12923622e-062
 -2.55472031e-062 -1.06192977e-062 -4.40213806e-063 -1.81989761e-063
 -7.50318549e-064 -3.08503320e-064 -1.26499682e-064 -5.17290444e-065
 -2.10957471e-065 -8.57967418e-066 -3.47986273e-066 -1.40756630e-066
 -5.67794318e-067 -2.28417121e-067 -9.16392861e-068 -3.66648719e-068
 -1.46296548e-068 -5.82148010e-069 -2.31019259e-069 -9.14278250e-070
 -3.60847766e-070 -1.42031635e-070 -5.57521451e-071 -2.18249627e-071
 -8.52041736e-072 -3.31729168e-072 -1.28801785e-072 -4.98741532e-073
 -1.92594828e-073 -7.41701467e-074 -2.84858437e-074 -1.09104953e-074
 -4.16749683e-075 -1.58752847e-075 -6.03091484e-076 -2.28486373e-076
 -8.63282308e-077 -3.25282583e-077 -1.22231801e-077 -4.58060712e-078
 -1.71189573e-078 -6.38038675e-079 -2.37154916e-079 -8.79088686e-080
 -3.24974049e-080 -1.19806423e-080 -4.40480774e-081 -1.61506216e-081
 -5.90563986e-082 -2.15357553e-082 -7.83192802e-083 -2.84048630e-083
 -1.02738245e-083 -3.70584300e-084 -1.33308341e-084 -4.78236876e-085
 -1.71097723e-085 -6.10465086e-086 -2.17216526e-086 -7.70797553e-087
 -2.72774157e-087 -9.62679115e-088 -3.38824892e-088 -1.18928105e-088
 -4.16302598e-089 -1.45327959e-089 -5.05946574e-090 -1.75661091e-090
 -6.08221719e-091 -2.10021475e-091 -7.23237464e-092 -2.48378247e-092
 -8.50671009e-093 -2.90552849e-093 -9.89701152e-094 -3.36200570e-094
 -1.13895941e-094 -3.84798595e-095 -1.29650484e-095 -4.35642495e-096
 -1.45982825e-096 -4.87852711e-097 -1.62588982e-097 -5.40392029e-098
 -1.79119219e-098 -5.92094289e-099 -1.95188843e-099 -6.41703690e-100
 -2.10392142e-100 -6.87923154e-101 -2.24318850e-101 -7.29469342e-102
 -2.36572222e-102 -7.65131157e-103 -2.46787669e-103 -7.93828079e-104
 -2.54650708e-104 -8.14664426e-105 -2.59913027e-105 -8.26975749e-106
 -2.62405499e-106 -8.30364019e-107 -2.62047212e-107 -8.24718994e-108
 -2.58849828e-108 -8.10224176e-109 -2.52916955e-109 -7.87346905e-110
 -2.44438571e-110 -7.56813339e-111 -2.33680919e-111 -7.19570180e-112
 -2.20972635e-112 -6.76735974e-113 -2.06688095e-113 -6.29545459e-114
 -1.91229178e-114 -5.79290830e-115 -1.75006662e-115 -5.27263779e-116
 -1.58422451e-116 -4.74701877e-117 -1.41853678e-117 -4.22742281e-118
 -1.25639501e-118 -3.72384975e-119 -1.10071156e-119 -3.24466855e-120
 -9.53855486e-121 -2.79647059e-121 -8.17623492e-122 -2.38403100e-122
 -6.93243596e-123 -2.01036663e-123 -5.81406788e-124 -1.67687373e-124
 -4.82320872e-125 -1.38352554e-125 -3.95779905e-126 -1.12910864e-126
 -3.21242614e-127 -9.11477606e-128 -2.57913626e-128 -7.27809974e-129
 -2.04822258e-129 -5.74846285e-130 -1.60894700e-130 -4.49104267e-131
 -1.25016707e-131 -3.47059838e-132 -9.60851112e-133 -2.65291457e-133
 -7.30475854e-134 -2.00587514e-134 -5.49309816e-135 -1.50018996e-135
 -4.08592678e-136 -1.10981435e-136 -3.00625300e-137 -8.12112411e-138
 -2.18787346e-138 -5.87819087e-139 -1.57500015e-139 -4.20855441e-140
 -1.12150374e-140 -2.98046438e-141 -7.89919031e-142 -2.08783729e-142
 -5.50333760e-143 -1.44667539e-143 -3.79255127e-144 -9.91533198e-145
 -2.58522586e-145 -6.72210286e-146 -1.74311985e-146 -4.50780140e-147
 -1.16256630e-147 -2.99010281e-148 -7.66955102e-149 -1.96186533e-149
 -5.00476716e-150 -1.27325090e-150 -3.23042408e-151 -8.17373432e-152
 -2.06251411e-152 -5.19025588e-153 -1.30255492e-153 -3.26000861e-154
 -8.13686074e-155 -2.02539835e-155 -5.02781686e-156 -1.24469768e-156
 -3.07300838e-157 -7.56622127e-158 -1.85784622e-158 -4.54941883e-159
 -1.11100883e-159 -2.70579276e-160 -6.57184001e-161 -1.59182333e-161
 -3.84519333e-162 -9.26311226e-163 -2.22541548e-163 -5.33188428e-164
 -1.27398923e-164 -3.03575158e-165 -7.21409960e-166 -1.70967464e-166
 -4.04073377e-167 -9.52406689e-168 -2.23872149e-168 -5.24799159e-169
 -1.22687869e-169 -2.86039196e-170 -6.65066246e-171 -1.54212542e-171]
symrep = 0 - 0.37*np.exp(-(x--1.47528)**2/(2*0.7666666666666667**2))
    