energies = {0: [-0.24228261382936062], 1: [-0.004320164660719713], 2: []}
wfns = {0: [array([ 0.00000000e+00,  1.22452321e-09,  2.44999776e-09,  3.67737574e-09,
        4.90761069e-09,  6.14165841e-09,  7.38047763e-09,  8.62503079e-09,
        9.87628481e-09,  1.11352118e-08,  1.24027898e-08,  1.36800036e-08,
        1.49678456e-08,  1.62673161e-08,  1.75794249e-08,  1.89051912e-08,
        2.02456452e-08,  2.16018281e-08,  2.29747937e-08,  2.43656085e-08,
        2.57753532e-08,  2.72051229e-08,  2.86560286e-08,  3.01291973e-08,
        3.16257736e-08,  3.31469202e-08,  3.46938189e-08,  3.62676714e-08,
        3.78697007e-08,  3.95011511e-08,  4.11632904e-08,  4.28574097e-08,
        4.45848252e-08,  4.63468790e-08,  4.81449401e-08,  4.99804054e-08,
        5.18547008e-08,  5.37692825e-08,  5.57256379e-08,  5.77252871e-08,
        5.97697834e-08,  6.18607154e-08,  6.39997074e-08,  6.61884213e-08,
        6.84285575e-08,  7.07218563e-08,  7.30700995e-08,  7.54751114e-08,
        7.79387605e-08,  8.04629608e-08,  8.30496733e-08,  8.57009078e-08,
        8.84187240e-08,  9.12052334e-08,  9.40626008e-08,  9.69930462e-08,
        9.99988462e-08,  1.03082336e-07,  1.06245911e-07,  1.09492030e-07,
        1.12823214e-07,  1.16242051e-07,  1.19751197e-07,  1.23353379e-07,
        1.27051395e-07,  1.30848118e-07,  1.34746498e-07,  1.38749564e-07,
        1.42860425e-07,  1.47082276e-07,  1.51418396e-07,  1.55872154e-07,
        1.60447011e-07,  1.65146520e-07,  1.69974332e-07,  1.74934199e-07,
        1.80029974e-07,  1.85265615e-07,  1.90645190e-07,  1.96172879e-07,
        2.01852977e-07,  2.07689895e-07,  2.13688169e-07,  2.19852460e-07,
        2.26187555e-07,  2.32698377e-07,  2.39389985e-07,  2.46267576e-07,
        2.53336494e-07,  2.60602232e-07,  2.68070433e-07,  2.75746900e-07,
        2.83637597e-07,  2.91748654e-07,  3.00086373e-07,  3.08657232e-07,
        3.17467888e-07,  3.26525188e-07,  3.35836168e-07,  3.45408061e-07,
        3.55248305e-07,  3.65364543e-07,  3.75764636e-07,  3.86456664e-07,
        3.97448932e-07,  4.08749982e-07,  4.20368593e-07,  4.32313791e-07,
        4.44594857e-07,  4.57221332e-07,  4.70203026e-07,  4.83550024e-07,
        4.97272696e-07,  5.11381703e-07,  5.25888006e-07,  5.40802876e-07,
        5.56137899e-07,  5.71904991e-07,  5.88116399e-07,  6.04784720e-07,
        6.21922902e-07,  6.39544261e-07,  6.57662487e-07,  6.76291656e-07,
        6.95446241e-07,  7.15141124e-07,  7.35391605e-07,  7.56213417e-07,
        7.77622737e-07,  7.99636199e-07,  8.22270903e-07,  8.45544437e-07,
        8.69474880e-07,  8.94080825e-07,  9.19381388e-07,  9.45396225e-07,
        9.72145548e-07,  9.99650138e-07,  1.02793136e-06,  1.05701120e-06,
        1.08691223e-06,  1.11765770e-06,  1.14927148e-06,  1.18177813e-06,
        1.21520293e-06,  1.24957182e-06,  1.28491151e-06,  1.32124946e-06,
        1.35861390e-06,  1.39703386e-06,  1.43653918e-06,  1.47716056e-06,
        1.51892956e-06,  1.56187863e-06,  1.60604113e-06,  1.65145138e-06,
        1.69814465e-06,  1.74615722e-06,  1.79552640e-06,  1.84629053e-06,
        1.89848907e-06,  1.95216255e-06,  2.00735268e-06,  2.06410234e-06,
        2.12245562e-06,  2.18245785e-06,  2.24415564e-06,  2.30759694e-06,
        2.37283103e-06,  2.43990859e-06,  2.50888173e-06,  2.57980404e-06,
        2.65273062e-06,  2.72771813e-06,  2.80482482e-06,  2.88411060e-06,
        2.96563707e-06,  3.04946757e-06,  3.13566722e-06,  3.22430299e-06,
        3.31544375e-06,  3.40916030e-06,  3.50552546e-06,  3.60461408e-06,
        3.70650316e-06,  3.81127185e-06,  3.91900154e-06,  4.02977593e-06,
        4.14368109e-06,  4.26080551e-06,  4.38124018e-06,  4.50507866e-06,
        4.63241718e-06,  4.76335466e-06,  4.89799282e-06,  5.03643627e-06,
        5.17879257e-06,  5.32517231e-06,  5.47568921e-06,  5.63046023e-06,
        5.78960558e-06,  5.95324893e-06,  6.12151740e-06,  6.29454173e-06,
        6.47245633e-06,  6.65539943e-06,  6.84351317e-06,  7.03694368e-06,
        7.23584124e-06,  7.44036039e-06,  7.65066001e-06,  7.86690348e-06,
        8.08925881e-06,  8.31789875e-06,  8.55300092e-06,  8.79474799e-06,
        9.04332777e-06,  9.29893337e-06,  9.56176339e-06,  9.83202201e-06,
        1.01099192e-05,  1.03956709e-05,  1.06894990e-05,  1.09916319e-05,
        1.13023043e-05,  1.16217575e-05,  1.19502398e-05,  1.22880063e-05,
        1.26353194e-05,  1.29924490e-05,  1.33596726e-05,  1.37372753e-05,
        1.41255507e-05,  1.45248003e-05,  1.49353344e-05,  1.53574718e-05,
        1.57915405e-05,  1.62378778e-05,  1.66968305e-05,  1.71687550e-05,
        1.76540181e-05,  1.81529968e-05,  1.86660786e-05,  1.91936622e-05,
        1.97361576e-05,  2.02939861e-05,  2.08675812e-05,  2.14573884e-05,
        2.20638661e-05,  2.26874853e-05,  2.33287306e-05,  2.39881002e-05,
        2.46661064e-05,  2.53632758e-05,  2.60801501e-05,  2.68172863e-05,
        2.75752571e-05,  2.83546512e-05,  2.91560744e-05,  2.99801491e-05,
        3.08275156e-05,  3.16988322e-05,  3.25947759e-05,  3.35160428e-05,
        3.44633485e-05,  3.54374290e-05,  3.64390411e-05,  3.74689631e-05,
        3.85279949e-05,  3.96169594e-05,  4.07367027e-05,  4.18880946e-05,
        4.30720296e-05,  4.42894277e-05,  4.55412346e-05,  4.68284227e-05,
        4.81519923e-05,  4.95129715e-05,  5.09124177e-05,  5.23514181e-05,
        5.38310908e-05,  5.53525852e-05,  5.69170835e-05,  5.85258011e-05,
        6.01799878e-05,  6.18809289e-05,  6.36299457e-05,  6.54283970e-05,
        6.72776802e-05,  6.91792320e-05,  7.11345296e-05,  7.31450921e-05,
        7.52124817e-05,  7.73383044e-05,  7.95242118e-05,  8.17719022e-05,
        8.40831217e-05,  8.64596661e-05,  8.89033817e-05,  9.14161670e-05,
        9.39999742e-05,  9.66568107e-05,  9.93887406e-05,  1.02197886e-04,
        1.05086430e-04,  1.08056617e-04,  1.11110754e-04,  1.14251213e-04,
        1.17480435e-04,  1.20800928e-04,  1.24215273e-04,  1.27726121e-04,
        1.31336201e-04,  1.35048317e-04,  1.38865353e-04,  1.42790274e-04,
        1.46826130e-04,  1.50976057e-04,  1.55243278e-04,  1.59631109e-04,
        1.64142958e-04,  1.68782332e-04,  1.73552833e-04,  1.78458169e-04,
        1.83502151e-04,  1.88688697e-04,  1.94021836e-04,  1.99505713e-04,
        2.05144587e-04,  2.10942839e-04,  2.16904975e-04,  2.23035625e-04,
        2.29339554e-04,  2.35821658e-04,  2.42486974e-04,  2.49340680e-04,
        2.56388101e-04,  2.63634711e-04,  2.71086142e-04,  2.78748181e-04,
        2.86626782e-04,  2.94728065e-04,  3.03058325e-04,  3.11624032e-04,
        3.20431843e-04,  3.29488600e-04,  3.38801339e-04,  3.48377295e-04,
        3.58223908e-04,  3.68348827e-04,  3.78759919e-04,  3.89465271e-04,
        4.00473201e-04,  4.11792259e-04,  4.23431240e-04,  4.35399185e-04,
        4.47705390e-04,  4.60359415e-04,  4.73371087e-04,  4.86750514e-04,
        5.00508083e-04,  5.14654479e-04,  5.29200684e-04,  5.44157987e-04,
        5.59537994e-04,  5.75352636e-04,  5.91614173e-04,  6.08335205e-04,
        6.25528681e-04,  6.43207901e-04,  6.61386528e-04,  6.80078589e-04,
        6.99298487e-04,  7.19060997e-04,  7.39381279e-04,  7.60274869e-04,
        7.81757689e-04,  8.03846036e-04,  8.26556584e-04,  8.49906369e-04,
        8.73912786e-04,  8.98593566e-04,  9.23966759e-04,  9.50050712e-04,
        9.76864032e-04,  1.00442556e-03,  1.03275431e-03,  1.06186943e-03,
        1.09179017e-03,  1.12253576e-03,  1.15412537e-03,  1.18657806e-03,
        1.21991263e-03,  1.25414757e-03,  1.28930094e-03,  1.32539029e-03,
        1.36243250e-03,  1.40044374e-03,  1.43943931e-03,  1.47943355e-03,
        1.52043976e-03,  1.56247007e-03,  1.60553540e-03,  1.64964539e-03,
        1.69480835e-03,  1.74103127e-03,  1.78831979e-03,  1.83667830e-03,
        1.88610998e-03,  1.93661692e-03,  1.98820031e-03,  2.04086058e-03,
        2.09459771e-03,  2.14941145e-03,  2.20530165e-03,  2.26226864e-03,
        2.32031360e-03,  2.37943897e-03,  2.43964891e-03,  2.50094969e-03,
        2.56335024e-03,  2.62686253e-03,  2.69150203e-03,  2.75728819e-03,
        2.82424477e-03,  2.89240026e-03,  2.96178817e-03,  3.03244735e-03,
        3.10442216e-03,  3.17776269e-03,  3.25252482e-03,  3.32877031e-03,
        3.40656674e-03,  3.48598749e-03,  3.56711153e-03,  3.65002334e-03,
        3.73481260e-03,  3.82157397e-03,  3.91040677e-03,  4.00141468e-03,
        4.09470539e-03,  4.19039025e-03,  4.28858395e-03,  4.38940413e-03,
        4.49297113e-03,  4.59940759e-03,  4.70883828e-03,  4.82138975e-03,
        4.93719018e-03,  5.05636916e-03,  5.17905757e-03,  5.30538746e-03,
        5.43549202e-03,  5.56950548e-03,  5.70756319e-03,  5.84980162e-03,
        5.99635847e-03,  6.14737273e-03,  6.30298485e-03,  6.46333685e-03,
        6.62857254e-03,  6.79883770e-03,  6.97428026e-03,  7.15505052e-03,
        7.34130141e-03,  7.53318867e-03,  7.73087113e-03,  7.93451089e-03,
        8.14427363e-03,  8.36032877e-03,  8.58284975e-03,  8.81201425e-03,
        9.04800442e-03,  9.29100709e-03,  9.54121401e-03,  9.79882205e-03,
        1.00640335e-02,  1.03370560e-02,  1.06181033e-02,  1.09073948e-02,
        1.12051563e-02,  1.15116199e-02,  1.18270244e-02,  1.21516154e-02,
        1.24856455e-02,  1.28293744e-02,  1.31830696e-02,  1.35470061e-02,
        1.39214667e-02,  1.43067425e-02,  1.47031330e-02,  1.51109462e-02,
        1.55304990e-02,  1.59621174e-02,  1.64061368e-02,  1.68629021e-02,
        1.73327683e-02,  1.78161004e-02,  1.83132739e-02,  1.88246751e-02,
        1.93507014e-02,  1.98917613e-02,  2.04482752e-02,  2.10206756e-02,
        2.16094071e-02,  2.22149271e-02,  2.28377061e-02,  2.34782278e-02,
        2.41369900e-02,  2.48145043e-02,  2.55112972e-02,  2.62279101e-02,
        2.69648996e-02,  2.77228383e-02,  2.85023152e-02,  2.93039357e-02,
        3.01283226e-02,  3.09761165e-02,  3.18479759e-02,  3.27445783e-02,
        3.36666202e-02,  3.46148180e-02,  3.55899082e-02,  3.65926486e-02,
        3.76238180e-02,  3.86842177e-02,  3.97746714e-02,  4.08960264e-02,
        4.20491537e-02,  4.32349494e-02,  4.44543346e-02,  4.57082566e-02,
        4.69976896e-02,  4.83236352e-02,  4.96871234e-02,  5.10892130e-02,
        5.25309929e-02,  5.40135820e-02,  5.55381307e-02,  5.71058203e-02,
        5.87178642e-02,  6.03755073e-02,  6.20800253e-02,  6.38327232e-02,
        6.56349328e-02,  6.74880082e-02,  6.93933189e-02,  7.13522395e-02,
        7.33661352e-02,  7.54363411e-02,  7.75641332e-02,  7.97506896e-02,
        8.19970396e-02,  8.43039959e-02,  8.66720694e-02,  8.91013624e-02,
        9.15914364e-02,  9.41411548e-02,  9.67484976e-02,  9.94103493e-02,
        1.02122263e-01,  1.04878209e-01,  1.07670307e-01,  1.10488573e-01,
        1.13320677e-01,  1.16151746e-01,  1.18964233e-01,  1.21737868e-01,
        1.24449731e-01,  1.27074451e-01,  1.29584567e-01,  1.31951044e-01,
        1.34143947e-01,  1.36133262e-01,  1.37889828e-01,  1.39386339e-01,
        1.40598364e-01,  1.41505321e-01,  1.42091337e-01,  1.42345938e-01,
        1.42264517e-01,  1.41848544e-01,  1.41105495e-01,  1.40048518e-01,
        1.38695856e-01,  1.37070061e-01,  1.35197075e-01,  1.33105226e-01,
        1.30824209e-01,  1.28384107e-01,  1.25814517e-01,  1.23143790e-01,
        1.20398433e-01,  1.17602668e-01,  1.14778157e-01,  1.11943855e-01,
        1.09116010e-01,  1.06308245e-01,  1.03531733e-01,  1.00795410e-01,
        9.81062311e-02,  9.54694299e-02,  9.28887799e-02,  9.03668396e-02,
        8.79051777e-02,  8.55045720e-02,  8.31651815e-02,  8.08866914e-02,
        7.86684326e-02,  7.65094777e-02,  7.44087177e-02,  7.23649209e-02,
        7.03767780e-02,  6.84429356e-02,  6.65620210e-02,  6.47326597e-02,
        6.29534880e-02,  6.12231609e-02,  5.95403585e-02,  5.79037886e-02,
        5.63121895e-02,  5.47643307e-02,  5.32590133e-02,  5.17950700e-02,
        5.03713649e-02,  4.89867926e-02,  4.76402779e-02,  4.63307749e-02,
        4.50572665e-02,  4.38187633e-02,  4.26143032e-02,  4.14429505e-02,
        4.03037950e-02,  3.91959519e-02,  3.81185605e-02,  3.70707836e-02,
        3.60518073e-02,  3.50608399e-02,  3.40971115e-02,  3.31598735e-02,
        3.22483976e-02,  3.13619757e-02,  3.04999192e-02,  2.96615583e-02,
        2.88462417e-02,  2.80533359e-02,  2.72822250e-02,  2.65323099e-02,
        2.58030080e-02,  2.50937525e-02,  2.44039927e-02,  2.37331924e-02,
        2.30808307e-02,  2.24464006e-02,  2.18294093e-02,  2.12293774e-02,
        2.06458389e-02,  2.00783402e-02,  1.95264405e-02,  1.89897111e-02,
        1.84677349e-02,  1.79601064e-02,  1.74664313e-02,  1.69863260e-02,
        1.65194175e-02,  1.60653431e-02,  1.56237499e-02,  1.51942950e-02,
        1.47766446e-02,  1.43704743e-02,  1.39754685e-02,  1.35913204e-02,
        1.32177315e-02,  1.28544115e-02,  1.25010783e-02,  1.21574572e-02,
        1.18232813e-02,  1.14982910e-02,  1.11822339e-02,  1.08748643e-02,
        1.05759435e-02,  1.02852392e-02,  1.00025255e-02,  9.72758295e-03,
        9.46019780e-03,  9.20016234e-03,  8.94727457e-03,  8.70133800e-03,
        8.46216157e-03,  8.22955945e-03,  8.00335094e-03,  7.78336030e-03,
        7.56941661e-03,  7.36135365e-03,  7.15900979e-03,  6.96222781e-03,
        6.77085484e-03,  6.58474221e-03,  6.40374530e-03,  6.22772352e-03,
        6.05654010e-03,  5.89006206e-03,  5.72816004e-03,  5.57070828e-03,
        5.41758445e-03,  5.26866957e-03,  5.12384797e-03,  4.98300712e-03,
        4.84603761e-03,  4.71283302e-03,  4.58328987e-03,  4.45730751e-03,
        4.33478807e-03,  4.21563636e-03,  4.09975980e-03,  3.98706839e-03,
        3.87747455e-03,  3.77089315e-03,  3.66724139e-03,  3.56643874e-03,
        3.46840688e-03,  3.37306966e-03,  3.28035299e-03,  3.19018486e-03,
        3.10249521e-03,  3.01721590e-03,  2.93428070e-03,  2.85362516e-03,
        2.77518662e-03,  2.69890415e-03,  2.62471848e-03,  2.55257197e-03,
        2.48240857e-03,  2.41417378e-03,  2.34781457e-03,  2.28327940e-03,
        2.22051813e-03,  2.15948200e-03,  2.10012358e-03,  2.04239676e-03,
        1.98625670e-03,  1.93165978e-03,  1.87856357e-03,  1.82692684e-03,
        1.77670946e-03,  1.72787242e-03,  1.68037778e-03,  1.63418864e-03,
        1.58926911e-03,  1.54558429e-03,  1.50310025e-03,  1.46178398e-03,
        1.42160338e-03,  1.38252724e-03,  1.34452519e-03,  1.30756771e-03,
        1.27162610e-03,  1.23667242e-03,  1.20267952e-03,  1.16962099e-03,
        1.13747114e-03,  1.10620501e-03,  1.07579830e-03,  1.04622738e-03,
        1.01746928e-03,  9.89501668e-04,  9.62302803e-04,  9.35851559e-04,
        9.10127385e-04,  8.85110296e-04,  8.60780856e-04,  8.37120162e-04,
        8.14109834e-04,  7.91731995e-04,  7.69969257e-04,  7.48804715e-04,
        7.28221925e-04,  7.08204895e-04,  6.88738076e-04,  6.69806343e-04,
        6.51394987e-04,  6.33489704e-04,  6.16076585e-04,  5.99142101e-04,
        5.82673094e-04,  5.66656771e-04,  5.51080687e-04,  5.35932742e-04,
        5.21201168e-04,  5.06874519e-04,  4.92941664e-04,  4.79391779e-04,
        4.66214338e-04,  4.53399102e-04,  4.40936115e-04,  4.28815695e-04,
        4.17028425e-04,  4.05565148e-04,  3.94416957e-04,  3.83575192e-04,
        3.73031429e-04,  3.62777477e-04,  3.52805370e-04,  3.43107360e-04,
        3.33675912e-04,  3.24503700e-04,  3.15583598e-04,  3.06908674e-04,
        2.98472191e-04,  2.90267592e-04,  2.82288505e-04,  2.74528730e-04,
        2.66982238e-04,  2.59643167e-04,  2.52505815e-04,  2.45564636e-04,
        2.38814238e-04,  2.32249377e-04,  2.25864953e-04,  2.19656004e-04,
        2.13617708e-04,  2.07745373e-04,  2.02034437e-04,  1.96480463e-04,
        1.91079136e-04,  1.85826260e-04,  1.80717754e-04,  1.75749649e-04,
        1.70918085e-04,  1.66219309e-04,  1.61649670e-04,  1.57205617e-04,
        1.52883699e-04,  1.48680558e-04,  1.44592927e-04,  1.40617632e-04,
        1.36751584e-04,  1.32991779e-04,  1.29335296e-04,  1.25779295e-04,
        1.22321013e-04,  1.18957763e-04,  1.15686932e-04,  1.12505979e-04,
        1.09412433e-04,  1.06403890e-04,  1.03478013e-04,  1.00632529e-04,
        9.78652278e-05,  9.51739583e-05,  9.25566302e-05,  9.00112101e-05,
        8.75357203e-05,  8.51282377e-05,  8.27868919e-05,  8.05098639e-05,
        7.82953845e-05,  7.61417335e-05,  7.40472375e-05,  7.20102695e-05,
        7.00292467e-05,  6.81026302e-05,  6.62289231e-05,  6.44066698e-05,
        6.26344546e-05,  6.09109005e-05,  5.92346685e-05,  5.76044564e-05,
        5.60189977e-05,  5.44770605e-05,  5.29774470e-05,  5.15189921e-05,
        5.01005626e-05,  4.87210567e-05,  4.73794025e-05,  4.60745578e-05,
        4.48055087e-05,  4.35712693e-05,  4.23708809e-05,  4.12034106e-05,
        4.00679516e-05,  3.89636217e-05,  3.78895630e-05,  3.68449409e-05,
        3.58289440e-05,  3.48407828e-05,  3.38796897e-05,  3.29449179e-05,
        3.20357414e-05,  3.11514536e-05,  3.02913677e-05,  2.94548153e-05,
        2.86411466e-05,  2.78497295e-05,  2.70799490e-05,  2.63312071e-05,
        2.56029221e-05,  2.48945283e-05,  2.42054752e-05,  2.35352275e-05,
        2.28832645e-05,  2.22490797e-05,  2.16321803e-05,  2.10320872e-05,
        2.04483341e-05,  1.98804674e-05,  1.93280460e-05,  1.87906407e-05,
        1.82678340e-05,  1.77592197e-05,  1.72644027e-05,  1.67829986e-05,
        1.63146333e-05,  1.58589429e-05,  1.54155735e-05,  1.49841806e-05,
        1.45644289e-05,  1.41559925e-05,  1.37585540e-05,  1.33718047e-05,
        1.29954439e-05,  1.26291795e-05,  1.22727267e-05,  1.19258087e-05,
        1.15881560e-05,  1.12595062e-05,  1.09396040e-05,  1.06282008e-05,
        1.03250548e-05,  1.00299304e-05,  9.74259831e-06,  9.46283533e-06,
        9.19042410e-06,  8.92515298e-06,  8.66681588e-06,  8.41521210e-06,
        8.17014616e-06,  7.93142766e-06,  7.69887115e-06,  7.47229596e-06,
        7.25152604e-06,  7.03638990e-06,  6.82672037e-06,  6.62235458e-06,
        6.42313375e-06,  6.22890309e-06,  6.03951172e-06,  5.85481250e-06,
        5.67466192e-06,  5.49892002e-06,  5.32745029e-06,  5.16011948e-06,
        4.99679762e-06,  4.83735780e-06,  4.68167616e-06,  4.52963176e-06,
        4.38110646e-06,  4.23598487e-06,  4.09415425e-06,  3.95550441e-06,
        3.81992764e-06,  3.68731859e-06,  3.55757425e-06,  3.43059382e-06,
        3.30627864e-06,  3.18453213e-06,  3.06525972e-06,  2.94836872e-06,
        2.83376834e-06,  2.72136953e-06,  2.61108497e-06,  2.50282898e-06,
        2.39651747e-06,  2.29206782e-06,  2.18939890e-06,  2.08843094e-06,
        1.98908550e-06,  1.89128539e-06,  1.79495464e-06,  1.70001840e-06,
        1.60640292e-06,  1.51403547e-06,  1.42284428e-06,  1.33275851e-06,
        1.24370817e-06,  1.15562408e-06,  1.06843780e-06,  9.82081593e-07,
        8.96488376e-07,  8.11591649e-07,  7.27325453e-07,  6.43624321e-07,
        5.60423226e-07,  4.77657529e-07,  3.95262927e-07,  3.13175408e-07,
        2.31331197e-07,  1.49666709e-07,  6.81184984e-08, -1.33767905e-08])], 1: [array([ 0.00000000e+00,  1.31003413e-04,  2.62008641e-04,  3.93017499e-04,
        5.24031801e-04,  6.55053361e-04,  7.86083996e-04,  9.17125519e-04,
        1.04817975e-03,  1.17924849e-03,  1.31033358e-03,  1.44143681e-03,
        1.57256001e-03,  1.70370500e-03,  1.83487358e-03,  1.96606758e-03,
        2.09728882e-03,  2.22853911e-03,  2.35982026e-03,  2.49113411e-03,
        2.62248247e-03,  2.75386715e-03,  2.88528998e-03,  3.01675278e-03,
        3.14825736e-03,  3.27980556e-03,  3.41139919e-03,  3.54304007e-03,
        3.67473003e-03,  3.80647090e-03,  3.93826450e-03,  4.07011264e-03,
        4.20201717e-03,  4.33397991e-03,  4.46600268e-03,  4.59808732e-03,
        4.73023564e-03,  4.86244950e-03,  4.99473071e-03,  5.12708110e-03,
        5.25950252e-03,  5.39199680e-03,  5.52456576e-03,  5.65721126e-03,
        5.78993512e-03,  5.92273918e-03,  6.05562528e-03,  6.18859527e-03,
        6.32165099e-03,  6.45479427e-03,  6.58802697e-03,  6.72135093e-03,
        6.85476799e-03,  6.98828000e-03,  7.12188882e-03,  7.25559630e-03,
        7.38940428e-03,  7.52331462e-03,  7.65732917e-03,  7.79144979e-03,
        7.92567835e-03,  8.06001669e-03,  8.19446668e-03,  8.32903019e-03,
        8.46370906e-03,  8.59850518e-03,  8.73342041e-03,  8.86845662e-03,
        9.00361567e-03,  9.13889945e-03,  9.27430982e-03,  9.40984865e-03,
        9.54551784e-03,  9.68131925e-03,  9.81725477e-03,  9.95332628e-03,
        1.00895357e-02,  1.02258848e-02,  1.03623756e-02,  1.04990100e-02,
        1.06357897e-02,  1.07727168e-02,  1.09097932e-02,  1.10470206e-02,
        1.11844011e-02,  1.13219365e-02,  1.14596288e-02,  1.15974798e-02,
        1.17354914e-02,  1.18736656e-02,  1.20120043e-02,  1.21505094e-02,
        1.22891828e-02,  1.24280264e-02,  1.25670421e-02,  1.27062320e-02,
        1.28455979e-02,  1.29851417e-02,  1.31248653e-02,  1.32647708e-02,
        1.34048601e-02,  1.35451350e-02,  1.36855975e-02,  1.38262497e-02,
        1.39670933e-02,  1.41081304e-02,  1.42493630e-02,  1.43907929e-02,
        1.45324222e-02,  1.46742528e-02,  1.48162867e-02,  1.49585258e-02,
        1.51009721e-02,  1.52436276e-02,  1.53864942e-02,  1.55295740e-02,
        1.56728689e-02,  1.58163809e-02,  1.59601120e-02,  1.61040642e-02,
        1.62482395e-02,  1.63926398e-02,  1.65372673e-02,  1.66821237e-02,
        1.68272113e-02,  1.69725320e-02,  1.71180878e-02,  1.72638807e-02,
        1.74099127e-02,  1.75561859e-02,  1.77027023e-02,  1.78494640e-02,
        1.79964728e-02,  1.81437310e-02,  1.82912405e-02,  1.84390034e-02,
        1.85870217e-02,  1.87352975e-02,  1.88838328e-02,  1.90326296e-02,
        1.91816902e-02,  1.93310164e-02,  1.94806104e-02,  1.96304743e-02,
        1.97806101e-02,  1.99310199e-02,  2.00817057e-02,  2.02326698e-02,
        2.03839141e-02,  2.05354408e-02,  2.06872520e-02,  2.08393497e-02,
        2.09917361e-02,  2.11444132e-02,  2.12973833e-02,  2.14506484e-02,
        2.16042106e-02,  2.17580721e-02,  2.19122350e-02,  2.20667014e-02,
        2.22214735e-02,  2.23765534e-02,  2.25319433e-02,  2.26876453e-02,
        2.28436616e-02,  2.29999943e-02,  2.31566456e-02,  2.33136176e-02,
        2.34709127e-02,  2.36285328e-02,  2.37864803e-02,  2.39447572e-02,
        2.41033659e-02,  2.42623084e-02,  2.44215870e-02,  2.45812039e-02,
        2.47411613e-02,  2.49014614e-02,  2.50621065e-02,  2.52230987e-02,
        2.53844404e-02,  2.55461336e-02,  2.57081808e-02,  2.58705840e-02,
        2.60333456e-02,  2.61964679e-02,  2.63599530e-02,  2.65238033e-02,
        2.66880209e-02,  2.68526083e-02,  2.70175676e-02,  2.71829012e-02,
        2.73486113e-02,  2.75147003e-02,  2.76811704e-02,  2.78480240e-02,
        2.80152633e-02,  2.81828907e-02,  2.83509085e-02,  2.85193190e-02,
        2.86881245e-02,  2.88573275e-02,  2.90269302e-02,  2.91969350e-02,
        2.93673442e-02,  2.95381602e-02,  2.97093854e-02,  2.98810221e-02,
        3.00530728e-02,  3.02255398e-02,  3.03984254e-02,  3.05717322e-02,
        3.07454624e-02,  3.09196185e-02,  3.10942029e-02,  3.12692181e-02,
        3.14446664e-02,  3.16205502e-02,  3.17968721e-02,  3.19736345e-02,
        3.21508397e-02,  3.23284903e-02,  3.25065888e-02,  3.26851375e-02,
        3.28641390e-02,  3.30435957e-02,  3.32235102e-02,  3.34038849e-02,
        3.35847223e-02,  3.37660249e-02,  3.39477952e-02,  3.41300358e-02,
        3.43127492e-02,  3.44959379e-02,  3.46796045e-02,  3.48637514e-02,
        3.50483813e-02,  3.52334966e-02,  3.54191000e-02,  3.56051941e-02,
        3.57917814e-02,  3.59788645e-02,  3.61664459e-02,  3.63545284e-02,
        3.65431144e-02,  3.67322066e-02,  3.69218077e-02,  3.71119202e-02,
        3.73025468e-02,  3.74936901e-02,  3.76853528e-02,  3.78775375e-02,
        3.80702469e-02,  3.82634837e-02,  3.84572505e-02,  3.86515500e-02,
        3.88463849e-02,  3.90417580e-02,  3.92376718e-02,  3.94341292e-02,
        3.96311328e-02,  3.98286855e-02,  4.00267898e-02,  4.02254486e-02,
        4.04246646e-02,  4.06244405e-02,  4.08247793e-02,  4.10256835e-02,
        4.12271560e-02,  4.14291996e-02,  4.16318171e-02,  4.18350113e-02,
        4.20387850e-02,  4.22431410e-02,  4.24480822e-02,  4.26536114e-02,
        4.28597315e-02,  4.30664452e-02,  4.32737555e-02,  4.34816653e-02,
        4.36901773e-02,  4.38992946e-02,  4.41090200e-02,  4.43193564e-02,
        4.45303067e-02,  4.47418738e-02,  4.49540608e-02,  4.51668704e-02,
        4.53803057e-02,  4.55943696e-02,  4.58090651e-02,  4.60243952e-02,
        4.62403628e-02,  4.64569709e-02,  4.66742226e-02,  4.68921208e-02,
        4.71106686e-02,  4.73298690e-02,  4.75497249e-02,  4.77702396e-02,
        4.79914160e-02,  4.82132571e-02,  4.84357662e-02,  4.86589461e-02,
        4.88828002e-02,  4.91073313e-02,  4.93325427e-02,  4.95584374e-02,
        4.97850187e-02,  5.00122896e-02,  5.02402532e-02,  5.04689128e-02,
        5.06982716e-02,  5.09283326e-02,  5.11590990e-02,  5.13905742e-02,
        5.16227612e-02,  5.18556633e-02,  5.20892837e-02,  5.23236257e-02,
        5.25586924e-02,  5.27944873e-02,  5.30310134e-02,  5.32682741e-02,
        5.35062728e-02,  5.37450126e-02,  5.39844969e-02,  5.42247290e-02,
        5.44657122e-02,  5.47074499e-02,  5.49499455e-02,  5.51932022e-02,
        5.54372234e-02,  5.56820126e-02,  5.59275731e-02,  5.61739084e-02,
        5.64210217e-02,  5.66689166e-02,  5.69175966e-02,  5.71670649e-02,
        5.74173251e-02,  5.76683807e-02,  5.79202351e-02,  5.81728919e-02,
        5.84263544e-02,  5.86806263e-02,  5.89357110e-02,  5.91916120e-02,
        5.94483330e-02,  5.97058774e-02,  5.99642487e-02,  6.02234506e-02,
        6.04834865e-02,  6.07443600e-02,  6.10060746e-02,  6.12686338e-02,
        6.15320411e-02,  6.17962998e-02,  6.20614135e-02,  6.23273852e-02,
        6.25942182e-02,  6.28619155e-02,  6.31304798e-02,  6.33999137e-02,
        6.36702193e-02,  6.39413983e-02,  6.42134519e-02,  6.44863805e-02,
        6.47601837e-02,  6.50348597e-02,  6.53104057e-02,  6.55868167e-02,
        6.58640859e-02,  6.61422039e-02,  6.64211578e-02,  6.67009311e-02,
        6.69815026e-02,  6.72628458e-02,  6.75449272e-02,  6.78277058e-02,
        6.81111316e-02,  6.83951438e-02,  6.86796691e-02,  6.89646201e-02,
        6.92498931e-02,  6.95353653e-02,  6.98208930e-02,  7.01063087e-02,
        7.03914180e-02,  7.06759968e-02,  7.09597882e-02,  7.12424996e-02,
        7.15237992e-02,  7.18033128e-02,  7.20806215e-02,  7.23552580e-02,
        7.26267050e-02,  7.28943922e-02,  7.31576955e-02,  7.34159354e-02,
        7.36683765e-02,  7.39142287e-02,  7.41526474e-02,  7.43827364e-02,
        7.46035511e-02,  7.48141024e-02,  7.50133624e-02,  7.52002709e-02,
        7.53737430e-02,  7.55326775e-02,  7.56759666e-02,  7.58025067e-02,
        7.59112088e-02,  7.60010109e-02,  7.60708894e-02,  7.61198717e-02,
        7.61470478e-02,  7.61515824e-02,  7.61327254e-02,  7.60898223e-02,
        7.60223235e-02,  7.59297917e-02,  7.58119084e-02,  7.56684783e-02,
        7.54994328e-02,  7.53048299e-02,  7.50848547e-02,  7.48398155e-02,
        7.45701404e-02,  7.42763703e-02,  7.39591520e-02,  7.36192286e-02,
        7.32574299e-02,  7.28746608e-02,  7.24718905e-02,  7.20501396e-02,
        7.16104683e-02,  7.11539645e-02,  7.06817316e-02,  7.01948773e-02,
        6.96945033e-02,  6.91816953e-02,  6.86575143e-02,  6.81229890e-02,
        6.75791087e-02,  6.70268186e-02,  6.64670146e-02,  6.59005406e-02,
        6.53281858e-02,  6.47506836e-02,  6.41687114e-02,  6.35828906e-02,
        6.29937879e-02,  6.24019170e-02,  6.18077406e-02,  6.12116733e-02,
        6.06140838e-02,  6.00152987e-02,  5.94156050e-02,  5.88152536e-02,
        5.82144628e-02,  5.76134207e-02,  5.70122890e-02,  5.64112052e-02,
        5.58102858e-02,  5.52096285e-02,  5.46093150e-02,  5.40094124e-02,
        5.34099758e-02,  5.28110496e-02,  5.22126693e-02,  5.16148626e-02,
        5.10176510e-02,  5.04210503e-02,  4.98250720e-02,  4.92297236e-02,
        4.86350098e-02,  4.80409326e-02,  4.74474918e-02,  4.68546858e-02,
        4.62625114e-02,  4.56709644e-02,  4.50800399e-02,  4.44897319e-02,
        4.39000343e-02,  4.33109404e-02,  4.27224430e-02,  4.21345349e-02,
        4.15472086e-02,  4.09604564e-02,  4.03742705e-02,  3.97886432e-02,
        3.92035665e-02,  3.86190324e-02,  3.80350330e-02,  3.74515603e-02,
        3.68686062e-02,  3.62861627e-02,  3.57042218e-02,  3.51227754e-02,
        3.45418155e-02,  3.39613340e-02,  3.33813230e-02,  3.28017744e-02,
        3.22226801e-02,  3.16440322e-02,  3.10658226e-02,  3.04880433e-02,
        2.99106864e-02,  2.93337438e-02,  2.87572076e-02,  2.81810696e-02,
        2.76053221e-02,  2.70299570e-02,  2.64549662e-02,  2.58803420e-02,
        2.53060762e-02,  2.47321610e-02,  2.41585884e-02,  2.35853504e-02,
        2.30124392e-02,  2.24398467e-02,  2.18675650e-02,  2.12955863e-02,
        2.07239026e-02,  2.01525059e-02,  1.95813884e-02,  1.90105421e-02,
        1.84399592e-02,  1.78696317e-02,  1.72995517e-02,  1.67297113e-02,
        1.61601026e-02,  1.55907177e-02,  1.50215486e-02,  1.44525873e-02,
        1.38838259e-02,  1.33152561e-02,  1.27468698e-02,  1.21786585e-02,
        1.16106134e-02,  1.10427253e-02,  1.04749845e-02,  9.90738040e-03,
        9.33990110e-03,  8.77253329e-03,  8.20526160e-03,  7.63806806e-03,
        7.07093153e-03,  6.50382705e-03,  5.93672525e-03,  5.36959206e-03,
        4.80238855e-03,  4.23507160e-03,  3.66759522e-03,  3.09991321e-03,
        2.53198344e-03,  1.96377421e-03,  1.39527312e-03,  8.26498970e-04,
        2.57516906e-04, -3.11543006e-04, -8.80463826e-04, -1.44891688e-03,
       -2.01643476e-03, -2.58238352e-03, -3.14593567e-03, -3.70604619e-03,
       -4.26143407e-03, -4.81057192e-03, -5.35168632e-03, -5.88277119e-03,
       -6.40161584e-03, -6.90584838e-03, -7.39299417e-03, -7.86054750e-03,
       -8.30605331e-03, -8.72719485e-03, -9.12188178e-03, -9.48833313e-03,
       -9.82514946e-03, -1.01313690e-02, -1.04065043e-02, -1.06505560e-02,
       -1.08640048e-02, -1.10477813e-02, -1.12032170e-02, -1.13319810e-02,
       -1.14360063e-02, -1.15174123e-02, -1.15784262e-02, -1.16213098e-02,
       -1.16482941e-02, -1.16615238e-02, -1.16630140e-02, -1.16546184e-02,
       -1.16380091e-02, -1.16146676e-02, -1.15858834e-02, -1.15527605e-02,
       -1.15162295e-02, -1.14770625e-02, -1.14358907e-02, -1.13932226e-02,
       -1.13494622e-02, -1.13049257e-02, -1.12598574e-02, -1.12144433e-02,
       -1.11688231e-02, -1.11231005e-02, -1.10773511e-02, -1.10316295e-02,
       -1.09859744e-02, -1.09404129e-02, -1.08949638e-02, -1.08496395e-02,
       -1.08044485e-02, -1.07593961e-02, -1.07144858e-02, -1.06697194e-02,
       -1.06250980e-02, -1.05806221e-02, -1.05362917e-02, -1.04921067e-02,
       -1.04480666e-02, -1.04041710e-02, -1.03604194e-02, -1.03168113e-02,
       -1.02733460e-02, -1.02300230e-02, -1.01868417e-02, -1.01438015e-02,
       -1.01009018e-02, -1.00581420e-02, -1.00155216e-02, -9.97303989e-03,
       -9.93069633e-03, -9.88849034e-03, -9.84642132e-03, -9.80448870e-03,
       -9.76269189e-03, -9.72103032e-03, -9.67950341e-03, -9.63811058e-03,
       -9.59685125e-03, -9.55572487e-03, -9.51473085e-03, -9.47386864e-03,
       -9.43313765e-03, -9.39253734e-03, -9.35206714e-03, -9.31172648e-03,
       -9.27151481e-03, -9.23143157e-03, -9.19147621e-03, -9.15164817e-03,
       -9.11194690e-03, -9.07237185e-03, -9.03292248e-03, -8.99359823e-03,
       -8.95439856e-03, -8.91532293e-03, -8.87637080e-03, -8.83754163e-03,
       -8.79883487e-03, -8.76025000e-03, -8.72178648e-03, -8.68344377e-03,
       -8.64522135e-03, -8.60711868e-03, -8.56913525e-03, -8.53127051e-03,
       -8.49352395e-03, -8.45589505e-03, -8.41838328e-03, -8.38098812e-03,
       -8.34370905e-03, -8.30654557e-03, -8.26949715e-03, -8.23256328e-03,
       -8.19574345e-03, -8.15903715e-03, -8.12244387e-03, -8.08596311e-03,
       -8.04959435e-03, -8.01333710e-03, -7.97719085e-03, -7.94115511e-03,
       -7.90522936e-03, -7.86941312e-03, -7.83370589e-03, -7.79810718e-03,
       -7.76261648e-03, -7.72723332e-03, -7.69195719e-03, -7.65678762e-03,
       -7.62172411e-03, -7.58676617e-03, -7.55191333e-03, -7.51716510e-03,
       -7.48252101e-03, -7.44798056e-03, -7.41354328e-03, -7.37920869e-03,
       -7.34497633e-03, -7.31084571e-03, -7.27681636e-03, -7.24288781e-03,
       -7.20905959e-03, -7.17533123e-03, -7.14170227e-03, -7.10817223e-03,
       -7.07474066e-03, -7.04140709e-03, -7.00817106e-03, -6.97503211e-03,
       -6.94198977e-03, -6.90904360e-03, -6.87619314e-03, -6.84343793e-03,
       -6.81077751e-03, -6.77821144e-03, -6.74573926e-03, -6.71336052e-03,
       -6.68107478e-03, -6.64888159e-03, -6.61678050e-03, -6.58477106e-03,
       -6.55285284e-03, -6.52102540e-03, -6.48928828e-03, -6.45764105e-03,
       -6.42608328e-03, -6.39461452e-03, -6.36323434e-03, -6.33194231e-03,
       -6.30073799e-03, -6.26962094e-03, -6.23859075e-03, -6.20764697e-03,
       -6.17678919e-03, -6.14601696e-03, -6.11532988e-03, -6.08472750e-03,
       -6.05420941e-03, -6.02377519e-03, -5.99342440e-03, -5.96315664e-03,
       -5.93297149e-03, -5.90286851e-03, -5.87284731e-03, -5.84290746e-03,
       -5.81304854e-03, -5.78327015e-03, -5.75357187e-03, -5.72395329e-03,
       -5.69441400e-03, -5.66495359e-03, -5.63557165e-03, -5.60626778e-03,
       -5.57704156e-03, -5.54789261e-03, -5.51882050e-03, -5.48982484e-03,
       -5.46090522e-03, -5.43206125e-03, -5.40329253e-03, -5.37459866e-03,
       -5.34597923e-03, -5.31743386e-03, -5.28896215e-03, -5.26056370e-03,
       -5.23223813e-03, -5.20398503e-03, -5.17580401e-03, -5.14769470e-03,
       -5.11965669e-03, -5.09168960e-03, -5.06379304e-03, -5.03596662e-03,
       -5.00820997e-03, -4.98052269e-03, -4.95290440e-03, -4.92535472e-03,
       -4.89787327e-03, -4.87045966e-03, -4.84311352e-03, -4.81583447e-03,
       -4.78862213e-03, -4.76147612e-03, -4.73439607e-03, -4.70738160e-03,
       -4.68043234e-03, -4.65354791e-03, -4.62672795e-03, -4.59997207e-03,
       -4.57327992e-03, -4.54665111e-03, -4.52008529e-03, -4.49358208e-03,
       -4.46714112e-03, -4.44076203e-03, -4.41444446e-03, -4.38818804e-03,
       -4.36199241e-03, -4.33585720e-03, -4.30978205e-03, -4.28376660e-03,
       -4.25781049e-03, -4.23191336e-03, -4.20607486e-03, -4.18029461e-03,
       -4.15457228e-03, -4.12890749e-03, -4.10329990e-03, -4.07774914e-03,
       -4.05225488e-03, -4.02681674e-03, -4.00143439e-03, -3.97610746e-03,
       -3.95083562e-03, -3.92561850e-03, -3.90045576e-03, -3.87534705e-03,
       -3.85029202e-03, -3.82529033e-03, -3.80034162e-03, -3.77544556e-03,
       -3.75060180e-03, -3.72580999e-03, -3.70106979e-03, -3.67638086e-03,
       -3.65174286e-03, -3.62715544e-03, -3.60261827e-03, -3.57813100e-03,
       -3.55369329e-03, -3.52930481e-03, -3.50496522e-03, -3.48067418e-03,
       -3.45643136e-03, -3.43223642e-03, -3.40808902e-03, -3.38398883e-03,
       -3.35993551e-03, -3.33592874e-03, -3.31196818e-03, -3.28805350e-03,
       -3.26418436e-03, -3.24036044e-03, -3.21658141e-03, -3.19284693e-03,
       -3.16915668e-03, -3.14551033e-03, -3.12190756e-03, -3.09834802e-03,
       -3.07483141e-03, -3.05135739e-03, -3.02792564e-03, -3.00453583e-03,
       -2.98118765e-03, -2.95788075e-03, -2.93461484e-03, -2.91138957e-03,
       -2.88820463e-03, -2.86505970e-03, -2.84195446e-03, -2.81888858e-03,
       -2.79586175e-03, -2.77287366e-03, -2.74992397e-03, -2.72701237e-03,
       -2.70413855e-03, -2.68130219e-03, -2.65850297e-03, -2.63574058e-03,
       -2.61301469e-03, -2.59032501e-03, -2.56767120e-03, -2.54505297e-03,
       -2.52246998e-03, -2.49992194e-03, -2.47740853e-03, -2.45492944e-03,
       -2.43248435e-03, -2.41007296e-03, -2.38769495e-03, -2.36535002e-03,
       -2.34303786e-03, -2.32075815e-03, -2.29851058e-03, -2.27629486e-03,
       -2.25411067e-03, -2.23195770e-03, -2.20983565e-03, -2.18774422e-03,
       -2.16568308e-03, -2.14365195e-03, -2.12165051e-03, -2.09967846e-03,
       -2.07773550e-03, -2.05582132e-03, -2.03393561e-03, -2.01207808e-03,
       -1.99024842e-03, -1.96844633e-03, -1.94667151e-03, -1.92492365e-03,
       -1.90320246e-03, -1.88150763e-03, -1.85983887e-03, -1.83819587e-03,
       -1.81657833e-03, -1.79498595e-03, -1.77341844e-03, -1.75187550e-03,
       -1.73035682e-03, -1.70886211e-03, -1.68739107e-03, -1.66594341e-03,
       -1.64451883e-03, -1.62311702e-03, -1.60173770e-03, -1.58038057e-03,
       -1.55904532e-03, -1.53773168e-03, -1.51643933e-03, -1.49516799e-03,
       -1.47391737e-03, -1.45268716e-03, -1.43147707e-03, -1.41028681e-03,
       -1.38911609e-03, -1.36796461e-03, -1.34683208e-03, -1.32571820e-03,
       -1.30462269e-03, -1.28354526e-03, -1.26248560e-03, -1.24144343e-03,
       -1.22041845e-03, -1.19941039e-03, -1.17841893e-03, -1.15744381e-03,
       -1.13648471e-03, -1.11554136e-03, -1.09461346e-03, -1.07370072e-03,
       -1.05280285e-03, -1.03191957e-03, -1.01105059e-03, -9.90195605e-04,
       -9.69354340e-04, -9.48526503e-04, -9.27711805e-04, -9.06909958e-04,
       -8.86120674e-04, -8.65343665e-04, -8.44578642e-04, -8.23825319e-04,
       -8.03083408e-04, -7.82352621e-04, -7.61632671e-04, -7.40923272e-04,
       -7.20224136e-04, -6.99534977e-04, -6.78855508e-04, -6.58185443e-04,
       -6.37524495e-04, -6.16872378e-04, -5.96228807e-04, -5.75593494e-04,
       -5.54966155e-04, -5.34346503e-04, -5.13734253e-04, -4.93129119e-04,
       -4.72530817e-04, -4.51939060e-04, -4.31353563e-04, -4.10774041e-04,
       -3.90200210e-04, -3.69631784e-04, -3.49068478e-04, -3.28510007e-04,
       -3.07956087e-04, -2.87406433e-04, -2.66860760e-04, -2.46318784e-04,
       -2.25780220e-04, -2.05244783e-04, -1.84712190e-04, -1.64182155e-04,
       -1.43654394e-04, -1.23128624e-04, -1.02604558e-04, -8.20819148e-05,
       -6.15604080e-05, -4.10397541e-05, -2.05196686e-05,  1.32658118e-10])], 2: []}
KEDs = {0: [array([ 0.00000000e+00,  2.33078427e-21,  6.99959743e-21,  1.40209512e-20,
        2.34166697e-20,  3.52159570e-20,  4.94554879e-20,  6.61795223e-20,
        8.54400425e-20,  1.07296915e-19,  1.31818075e-19,  1.59079741e-19,
        1.89166648e-19,  2.22172314e-19,  2.58199327e-19,  2.97359669e-19,
        3.39775058e-19,  3.85577332e-19,  4.34908855e-19,  4.87922961e-19,
        5.44784430e-19,  6.05670000e-19,  6.70768919e-19,  7.40283528e-19,
        8.14429897e-19,  8.93438488e-19,  9.77554880e-19,  1.06704052e-18,
        1.16217357e-18,  1.26324970e-18,  1.37058309e-18,  1.48450736e-18,
        1.60537661e-18,  1.73356653e-18,  1.86947557e-18,  2.01352615e-18,
        2.16616603e-18,  2.32786965e-18,  2.49913962e-18,  2.68050828e-18,
        2.87253937e-18,  3.07582977e-18,  3.29101135e-18,  3.51875295e-18,
        3.75976244e-18,  4.01478894e-18,  4.28462512e-18,  4.57010971e-18,
        4.87213005e-18,  5.19162489e-18,  5.52958731e-18,  5.88706776e-18,
        6.26517738e-18,  6.66509142e-18,  7.08805290e-18,  7.53537650e-18,
        8.00845260e-18,  8.50875162e-18,  9.03782862e-18,  9.59732809e-18,
        1.01889891e-17,  1.08146506e-17,  1.14762574e-17,  1.21758659e-17,
        1.29156506e-17,  1.36979109e-17,  1.45250784e-17,  1.53997239e-17,
        1.63245662e-17,  1.73024799e-17,  1.83365045e-17,  1.94298540e-17,
        2.05859268e-17,  2.18083163e-17,  2.31008219e-17,  2.44674611e-17,
        2.59124817e-17,  2.74403751e-17,  2.90558903e-17,  3.07640489e-17,
        3.25701601e-17,  3.44798378e-17,  3.64990177e-17,  3.86339758e-17,
        4.08913482e-17,  4.32781512e-17,  4.58018036e-17,  4.84701496e-17,
        5.12914829e-17,  5.42745729e-17,  5.74286917e-17,  6.07636432e-17,
        6.42897930e-17,  6.80181014e-17,  7.19601567e-17,  7.61282118e-17,
        8.05352220e-17,  8.51948853e-17,  9.01216850e-17,  9.53309347e-17,
        1.00838826e-16,  1.06662479e-16,  1.12819995e-16,  1.19330512e-16,
        1.26214267e-16,  1.33492657e-16,  1.41188303e-16,  1.49325127e-16,
        1.57928419e-16,  1.67024920e-16,  1.76642905e-16,  1.86812268e-16,
        1.97564617e-16,  2.08933375e-16,  2.20953877e-16,  2.33663487e-16,
        2.47101708e-16,  2.61310309e-16,  2.76333456e-16,  2.92217841e-16,
        3.09012839e-16,  3.26770653e-16,  3.45546476e-16,  3.65398670e-16,
        3.86388939e-16,  4.08582525e-16,  4.32048413e-16,  4.56859539e-16,
        4.83093023e-16,  5.10830403e-16,  5.40157894e-16,  5.71166654e-16,
        6.03953063e-16,  6.38619031e-16,  6.75272307e-16,  7.14026818e-16,
        7.55003023e-16,  7.98328284e-16,  8.44137267e-16,  8.92572357e-16,
        9.43784102e-16,  9.97931679e-16,  1.05518339e-15,  1.11571719e-15,
        1.17972123e-15,  1.24739446e-15,  1.31894720e-15,  1.39460188e-15,
        1.47459363e-15,  1.55917110e-15,  1.64859716e-15,  1.74314978e-15,
        1.84312285e-15,  1.94882711e-15,  2.06059111e-15,  2.17876224e-15,
        2.30370781e-15,  2.43581616e-15,  2.57549794e-15,  2.72318729e-15,
        2.87934328e-15,  3.04445128e-15,  3.21902447e-15,  3.40360547e-15,
        3.59876800e-15,  3.80511868e-15,  4.02329889e-15,  4.25398679e-15,
        4.49789940e-15,  4.75579486e-15,  5.02847478e-15,  5.31678671e-15,
        5.62162678e-15,  5.94394252e-15,  6.28473575e-15,  6.64506574e-15,
        7.02605249e-15,  7.42888017e-15,  7.85480089e-15,  8.30513850e-15,
        8.78129275e-15,  9.28474364e-15,  9.81705602e-15,  1.03798844e-14,
        1.09749783e-14,  1.16041873e-14,  1.22694671e-14,  1.29728857e-14,
        1.37166293e-14,  1.45030098e-14,  1.53344714e-14,  1.62135984e-14,
        1.71431234e-14,  1.81259355e-14,  1.91650897e-14,  2.02638157e-14,
        2.14255288e-14,  2.26538398e-14,  2.39525665e-14,  2.53257457e-14,
        2.67776456e-14,  2.83127790e-14,  2.99359175e-14,  3.16521062e-14,
        3.34666794e-14,  3.53852771e-14,  3.74138629e-14,  3.95587421e-14,
        4.18265814e-14,  4.42244299e-14,  4.67597405e-14,  4.94403937e-14,
        5.22747216e-14,  5.52715339e-14,  5.84401453e-14,  6.17904047e-14,
        6.53327255e-14,  6.90781180e-14,  7.30382238e-14,  7.72253518e-14,
        8.16525166e-14,  8.63334789e-14,  9.12827881e-14,  9.65158280e-14,
        1.02048864e-13,  1.07899094e-13,  1.14084702e-13,  1.20624914e-13,
        1.27540059e-13,  1.34851631e-13,  1.42582355e-13,  1.50756262e-13,
        1.59398756e-13,  1.68536701e-13,  1.78198500e-13,  1.88414184e-13,
        1.99215506e-13,  2.10636038e-13,  2.22711279e-13,  2.35478761e-13,
        2.48978168e-13,  2.63251460e-13,  2.78343001e-13,  2.94299700e-13,
        3.11171154e-13,  3.29009803e-13,  3.47871093e-13,  3.67813651e-13,
        3.88899462e-13,  4.11194066e-13,  4.34766759e-13,  4.59690811e-13,
        4.86043693e-13,  5.13907314e-13,  5.43368282e-13,  5.74518168e-13,
        6.07453793e-13,  6.42277529e-13,  6.79097616e-13,  7.18028500e-13,
        7.59191186e-13,  8.02713619e-13,  8.48731076e-13,  8.97386590e-13,
        9.48831394e-13,  1.00322539e-12,  1.06073765e-12,  1.12154693e-12,
        1.18584224e-12,  1.25382343e-12,  1.32570180e-12,  1.40170077e-12,
        1.48205655e-12,  1.56701891e-12,  1.65685193e-12,  1.75183484e-12,
        1.85226287e-12,  1.95844816e-12,  2.07072077e-12,  2.18942967e-12,
        2.31494383e-12,  2.44765338e-12,  2.58797081e-12,  2.73633226e-12,
        2.89319888e-12,  3.05905824e-12,  3.23442586e-12,  3.41984685e-12,
        3.61589752e-12,  3.82318724e-12,  4.04236033e-12,  4.27409803e-12,
        4.51912062e-12,  4.77818970e-12,  5.05211051e-12,  5.34173447e-12,
        5.64796179e-12,  5.97174430e-12,  6.31408839e-12,  6.67605815e-12,
        7.05877866e-12,  7.46343951e-12,  7.89129847e-12,  8.34368544e-12,
        8.82200654e-12,  9.32774851e-12,  9.86248329e-12,  1.04278730e-11,
        1.10256750e-11,  1.16577473e-11,  1.23260547e-11,  1.30326743e-11,
        1.37798025e-11,  1.45697616e-11,  1.54050069e-11,  1.62881346e-11,
        1.72218896e-11,  1.82091743e-11,  1.92530573e-11,  2.03567834e-11,
        2.15237831e-11,  2.27576838e-11,  2.40623206e-11,  2.54417488e-11,
        2.69002559e-11,  2.84423753e-11,  3.00729003e-11,  3.17968989e-11,
        3.36197296e-11,  3.55470584e-11,  3.75848757e-11,  3.97395156e-11,
        4.20176751e-11,  4.44264354e-11,  4.69732834e-11,  4.96661352e-11,
        5.25133608e-11,  5.55238099e-11,  5.87068396e-11,  6.20723434e-11,
        6.56307815e-11,  6.93932141e-11,  7.33713350e-11,  7.75775081e-11,
        8.20248057e-11,  8.67270489e-11,  9.16988505e-11,  9.69556594e-11,
        1.02513809e-10,  1.08390565e-10,  1.14604183e-10,  1.21173957e-10,
        1.28120283e-10,  1.35464715e-10,  1.43230032e-10,  1.51440304e-10,
        1.60120954e-10,  1.69298836e-10,  1.79002302e-10,  1.89261273e-10,
        2.00107316e-10,  2.11573712e-10,  2.23695524e-10,  2.36509664e-10,
        2.50054950e-10,  2.64372153e-10,  2.79504033e-10,  2.95495359e-10,
        3.12392904e-10,  3.30245415e-10,  3.49103551e-10,  3.69019772e-10,
        3.90048188e-10,  4.12244343e-10,  4.35664930e-10,  4.60367429e-10,
        4.86409654e-10,  5.13849191e-10,  5.42742739e-10,  5.73145309e-10,
        6.05109312e-10,  6.38683496e-10,  6.73911759e-10,  7.10831817e-10,
        7.49473753e-10,  7.89858459e-10,  8.31995986e-10,  8.75883855e-10,
        9.21505360e-10,  9.68827928e-10,  1.01780161e-09,  1.06835778e-09,
        1.12040817e-09,  1.17384427e-09,  1.22853735e-09,  1.28433914e-09,
        1.34108323e-09,  1.39858757e-09,  1.45665791e-09,  1.51509247e-09,
        1.57368790e-09,  1.63224657e-09,  1.69058518e-09,  1.74854475e-09,
        1.80600179e-09,  1.86288064e-09,  1.91916663e-09,  1.97491986e-09,
        2.03028917e-09,  2.08552602e-09,  2.14099762e-09,  2.19719893e-09,
        2.25476300e-09,  2.31446903e-09,  2.37724778e-09,  2.44418376e-09,
        2.51651398e-09,  2.59562291e-09,  2.68303361e-09,  2.78039497e-09,
        2.88946550e-09,  3.01209362e-09,  3.15019548e-09,  3.30573046e-09,
        3.48067555e-09,  3.67699914e-09,  3.89663534e-09,  4.14145957e-09,
        4.41326647e-09,  4.71375072e-09,  5.04449166e-09,  5.40694206e-09,
        5.80242170e-09,  6.23211568e-09,  6.69707782e-09,  7.19823878e-09,
        7.73641887e-09,  8.31234499e-09,  8.92667130e-09,  9.58000302e-09,
        1.02729226e-08,  1.10060182e-08,  1.17799122e-08,  1.25952919e-08,
        1.34529387e-08,  1.43537576e-08,  1.52988050e-08,  1.62893157e-08,
        1.73267277e-08,  1.84127051e-08,  1.95491594e-08,  2.07382678e-08,
        2.19824899e-08,  2.32845828e-08,  2.46476130e-08,  2.60749681e-08,
        2.75703657e-08,  2.91378623e-08,  3.07818603e-08,  3.25071152e-08,
        3.43187422e-08,  3.62222226e-08,  3.82234115e-08,  4.03285453e-08,
        4.25442504e-08,  4.48775541e-08,  4.73358955e-08,  4.99271393e-08,
        5.26595914e-08,  5.55420160e-08,  5.85836556e-08,  6.17942530e-08,
        6.51840760e-08,  6.87639442e-08,  7.25452590e-08,  7.65400356e-08,
        8.07609383e-08,  8.52213177e-08,  8.99352515e-08,  9.49175877e-08,
        1.00183990e-07,  1.05750989e-07,  1.11636031e-07,  1.17857535e-07,
        1.24434950e-07,  1.31388819e-07,  1.38740840e-07,  1.46513939e-07,
        1.54732338e-07,  1.63421636e-07,  1.72608887e-07,  1.82322683e-07,
        1.92593250e-07,  2.03452536e-07,  2.14934318e-07,  2.27074301e-07,
        2.39910232e-07,  2.53482021e-07,  2.67831863e-07,  2.83004366e-07,
        2.99046697e-07,  3.16008724e-07,  3.33943172e-07,  3.52905790e-07,
        3.72955519e-07,  3.94154681e-07,  4.16569169e-07,  4.40268654e-07,
        4.65326799e-07,  4.91821493e-07,  5.19835087e-07,  5.49454655e-07,
        5.80772261e-07,  6.13885248e-07,  6.48896538e-07,  6.85914957e-07,
        7.25055564e-07,  7.66440019e-07,  8.10196954e-07,  8.56462375e-07,
        9.05380085e-07,  9.57102130e-07,  1.01178927e-06,  1.06961148e-06,
        1.13074847e-06,  1.19539024e-06,  1.26373766e-06,  1.33600307e-06,
        1.41241090e-06,  1.49319832e-06,  1.57861583e-06,  1.66892783e-06,
        1.76441313e-06,  1.86536519e-06,  1.97209207e-06,  2.08491582e-06,
        2.20417092e-06,  2.33020129e-06,  2.46335515e-06,  2.60397650e-06,
        2.75239176e-06,  2.90888941e-06,  3.07368975e-06,  3.24690092e-06,
        3.42845646e-06,  3.61802851e-06,  3.81490937e-06,  4.01785378e-06,
        4.22487309e-06,  4.43297330e-06,  4.63782977e-06,  4.83339487e-06,
        5.01143964e-06,  5.16103855e-06,  5.26801740e-06,  5.31439879e-06,
        5.27789702e-06,  5.13153442e-06,  4.84347222e-06,  4.37716860e-06,
        3.69199105e-06,  2.74441467e-06,  1.48992663e-06, -1.14276983e-07,
       -2.10577764e-06, -4.51267371e-06, -7.34876692e-06, -1.06085378e-05,
       -1.42624060e-05, -1.82529058e-05, -2.24924867e-05, -2.68636386e-05,
       -3.12219100e-05, -3.54021180e-05, -3.92276592e-05, -4.25223609e-05,
       -4.51238375e-05, -4.68969427e-05, -4.77457101e-05, -4.76222402e-05,
       -4.65313184e-05, -4.45301035e-05, -4.17229155e-05, -3.82518272e-05,
       -3.42843211e-05, -2.99995884e-05, -2.55750951e-05, -2.11748294e-05,
       -1.69402467e-05, -1.29844395e-05, -9.38957585e-06, -6.20725573e-06,
       -3.46116626e-06, -1.15129591e-06,  7.41030090e-07,  2.24793540e-06,
        3.41009309e-06,  4.27246982e-06,  4.88088748e-06,  5.27944889e-06,
        5.50878054e-06,  5.60498694e-06,  5.59918160e-06,  5.51745333e-06,
        5.38113573e-06,  5.20726580e-06,  5.00914031e-06,  4.79690112e-06,
        4.57810159e-06,  4.35822413e-06,  4.14113253e-06,  3.92945345e-06,
        3.72488837e-06,  3.52846192e-06,  3.34071458e-06,  3.16184891e-06,
        2.99183806e-06,  2.83050463e-06,  2.67757675e-06,  2.53272714e-06,
        2.39559972e-06,  2.26582732e-06,  2.14304311e-06,  2.02688774e-06,
        1.91701361e-06,  1.81308715e-06,  1.71479003e-06,  1.62181942e-06,
        1.53388788e-06,  1.45072296e-06,  1.37206667e-06,  1.29767478e-06,
        1.22731620e-06,  1.16077232e-06,  1.09783636e-06,  1.03831270e-06,
        9.82016353e-07,  9.28772336e-07,  8.78415159e-07,  8.30788300e-07,
        7.85743725e-07,  7.43141425e-07,  7.02848982e-07,  6.64741158e-07,
        6.28699505e-07,  5.94611998e-07,  5.62372684e-07,  5.31881355e-07,
        5.03043238e-07,  4.75768698e-07,  4.49972958e-07,  4.25575839e-07,
        4.02501509e-07,  3.80678248e-07,  3.60038224e-07,  3.40517284e-07,
        3.22054750e-07,  3.04593239e-07,  2.88078474e-07,  2.72459125e-07,
        2.57686642e-07,  2.43715110e-07,  2.30501101e-07,  2.18003544e-07,
        2.06183592e-07,  1.95004508e-07,  1.84431543e-07,  1.74431835e-07,
        1.64974301e-07,  1.56029547e-07,  1.47569769e-07,  1.39568672e-07,
        1.32001387e-07,  1.24844393e-07,  1.18075445e-07,  1.11673503e-07,
        1.05618669e-07,  9.98921216e-08,  9.44760627e-08,  8.93536575e-08,
        8.45089845e-08,  7.99269851e-08,  7.55934175e-08,  7.14948119e-08,
        6.76184290e-08,  6.39522199e-08,  6.04847894e-08,  5.72053597e-08,
        5.41037377e-08,  5.11702827e-08,  4.83958770e-08,  4.57718970e-08,
        4.32901868e-08,  4.09430326e-08,  3.87231389e-08,  3.66236059e-08,
        3.46379076e-08,  3.27598720e-08,  3.09836617e-08,  2.93037560e-08,
        2.77149332e-08,  2.62122549e-08,  2.47910504e-08,  2.34469024e-08,
        2.21756328e-08,  2.09732902e-08,  1.98361376e-08,  1.87606403e-08,
        1.77434555e-08,  1.67814215e-08,  1.58715482e-08,  1.50110073e-08,
        1.41971241e-08,  1.34273690e-08,  1.26993492e-08,  1.20108020e-08,
        1.13595873e-08,  1.07436807e-08,  1.01611681e-08,  9.61023874e-09,
        9.08918028e-09,  8.59637313e-09,  8.13028553e-09,  7.68946876e-09,
        7.27255268e-09,  6.87824140e-09,  6.50530931e-09,  6.15259726e-09,
        5.81900893e-09,  5.50350745e-09,  5.20511217e-09,  4.92289561e-09,
        4.65598057e-09,  4.40353742e-09,  4.16478150e-09,  3.93897071e-09,
        3.72540317e-09,  3.52341507e-09,  3.33237857e-09,  3.15169990e-09,
        2.98081746e-09,  2.81920010e-09,  2.66634549e-09,  2.52177852e-09,
        2.38504983e-09,  2.25573445e-09,  2.13343043e-09,  2.01775762e-09,
        1.90835648e-09,  1.80488697e-09,  1.70702748e-09,  1.61447385e-09,
        1.52693839e-09,  1.44414901e-09,  1.36584841e-09,  1.29179319e-09,
        1.22175317e-09,  1.15551066e-09,  1.09285976e-09,  1.03360573e-09,
        9.77564399e-10,  9.24561579e-10,  8.74432523e-10,  8.27021418e-10,
        7.82180899e-10,  7.39771592e-10,  6.99661678e-10,  6.61726487e-10,
        6.25848107e-10,  5.91915020e-10,  5.59821753e-10,  5.29468554e-10,
        5.00761077e-10,  4.73610093e-10,  4.47931211e-10,  4.23644614e-10,
        4.00674813e-10,  3.78950414e-10,  3.58403892e-10,  3.38971384e-10,
        3.20592488e-10,  3.03210078e-10,  2.86770128e-10,  2.71221536e-10,
        2.56515974e-10,  2.42607734e-10,  2.29453587e-10,  2.17012645e-10,
        2.05246239e-10,  1.94117797e-10,  1.83592729e-10,  1.73638321e-10,
        1.64223631e-10,  1.55319397e-10,  1.46897942e-10,  1.38933091e-10,
        1.31400087e-10,  1.24275515e-10,  1.17537232e-10,  1.11164291e-10,
        1.05136886e-10,  9.94362806e-11,  9.40447571e-11,  8.89455570e-11,
        8.41228308e-11,  7.95615884e-11,  7.52476524e-11,  7.11676139e-11,
        6.73087915e-11,  6.36591908e-11,  6.02074680e-11,  5.69428946e-11,
        5.38553232e-11,  5.09351572e-11,  4.81733198e-11,  4.55612268e-11,
        4.30907590e-11,  4.07542377e-11,  3.85444004e-11,  3.64543784e-11,
        3.44776756e-11,  3.26081477e-11,  3.08399839e-11,  2.91676883e-11,
        2.75860631e-11,  2.60901921e-11,  2.46754259e-11,  2.33373669e-11,
        2.20718563e-11,  2.08749605e-11,  1.97429593e-11,  1.86723342e-11,
        1.76597574e-11,  1.67020815e-11,  1.57963300e-11,  1.49396875e-11,
        1.41294913e-11,  1.33632232e-11,  1.26385015e-11,  1.19530736e-11,
        1.13048089e-11,  1.06916925e-11,  1.01118187e-11,  9.56338513e-12,
        9.04468714e-12,  8.55411248e-12,  8.09013632e-12,  7.65131653e-12,
        7.23628914e-12,  6.84376416e-12,  6.47252152e-12,  6.12140732e-12,
        5.78933021e-12,  5.47525801e-12,  5.17821453e-12,  4.89727647e-12,
        4.63157062e-12,  4.38027109e-12,  4.14259680e-12,  3.91780900e-12,
        3.70520898e-12,  3.50413595e-12,  3.31396492e-12,  3.13410479e-12,
        2.96399651e-12,  2.80311136e-12,  2.65094925e-12,  2.50703724e-12,
        2.37092801e-12,  2.24219851e-12,  2.12044861e-12,  2.00529989e-12,
        1.89639443e-12,  1.79339373e-12,  1.69597765e-12,  1.60384338e-12,
        1.51670456e-12,  1.43429034e-12,  1.35634455e-12,  1.28262493e-12,
        1.21290232e-12,  1.14696003e-12,  1.08459308e-12,  1.02560762e-12,
        9.69820321e-13,  9.17057772e-13,  8.67155978e-13,  8.19959832e-13,
        7.75322638e-13,  7.33105653e-13,  6.93177656e-13,  6.55414543e-13,
        6.19698936e-13,  5.85919823e-13,  5.53972210e-13,  5.23756798e-13,
        4.95179669e-13,  4.68151999e-13,  4.42589780e-13,  4.18413558e-13,
        3.95548188e-13,  3.73922599e-13,  3.53469574e-13,  3.34125540e-13,
        3.15830371e-13,  2.98527201e-13,  2.82162249e-13,  2.66684647e-13,
        2.52046288e-13,  2.38201674e-13,  2.25107770e-13,  2.12723879e-13,
        2.01011508e-13,  1.89934252e-13,  1.79457682e-13,  1.69549232e-13,
        1.60178106e-13,  1.51315176e-13,  1.42932894e-13,  1.35005205e-13,
        1.27507468e-13,  1.20416380e-13,  1.13709898e-13,  1.07367178e-13,
        1.01368506e-13,  9.56952347e-14,  9.03297317e-14,  8.52553193e-14,
        8.04562252e-14,  7.59175326e-14,  7.16251341e-14,  6.75656881e-14,
        6.37265768e-14,  6.00958674e-14,  5.66622747e-14,  5.34151264e-14,
        5.03443296e-14,  4.74403394e-14,  4.46941297e-14,  4.20971645e-14,
        3.96413719e-14,  3.73191187e-14,  3.51231868e-14,  3.30467507e-14,
        3.10833564e-14,  2.92269012e-14,  2.74716148e-14,  2.58120413e-14,
        2.42430225e-14,  2.27596814e-14,  2.13574074e-14,  2.00318420e-14,
        1.87788650e-14,  1.75945819e-14,  1.64753115e-14,  1.54175751e-14,
        1.44180848e-14,  1.34737340e-14,  1.25815875e-14,  1.17388723e-14,
        1.09429690e-14,  1.01914037e-14,  9.48184044e-15,  8.81207370e-15,
        8.18002170e-15,  7.58371986e-15,  7.02131474e-15,  6.49105825e-15,
        5.99130224e-15,  5.52049334e-15,  5.07716818e-15,  4.65994878e-15,
        4.26753834e-15,  3.89871715e-15,  3.55233883e-15,  3.22732676e-15,
        2.92267072e-15,  2.63742377e-15,  2.37069929e-15,  2.12166825e-15,
        1.88955659e-15,  1.67364286e-15,  1.47325595e-15,  1.28777301e-15,
        1.11661752e-15,  9.59257476e-16,  8.15203776e-16,  6.84008664e-16,
        5.65264356e-16,  4.58601767e-16,  3.63689365e-16,  2.80232139e-16,
        2.07970685e-16,  1.46680397e-16,  9.61707720e-17,  5.62848126e-17,
        2.68985446e-17,  7.92062849e-18,  0.00000000e+00, -0.00000000e+00])], 1: [array([ 0.00000000e+00,  4.75464427e-13,  1.42641963e-12,  2.85291829e-12,
        4.75503946e-12,  7.13288853e-12,  9.98659725e-12,  1.33163237e-11,
        1.71222525e-11,  2.14045944e-11,  2.61635868e-11,  3.13994933e-11,
        3.71126040e-11,  4.33032356e-11,  4.99717310e-11,  5.71184596e-11,
        6.47438176e-11,  7.28482275e-11,  8.14321382e-11,  9.04960254e-11,
        1.00040391e-10,  1.10065765e-10,  1.20572701e-10,  1.31561783e-10,
        1.43033619e-10,  1.54988845e-10,  1.67428123e-10,  1.80352143e-10,
        1.93761620e-10,  2.07657297e-10,  2.22039946e-10,  2.36910361e-10,
        2.52269368e-10,  2.68117818e-10,  2.84456588e-10,  3.01286584e-10,
        3.18608739e-10,  3.36424011e-10,  3.54733390e-10,  3.73537888e-10,
        3.92838548e-10,  4.12636439e-10,  4.32932658e-10,  4.53728330e-10,
        4.75024608e-10,  4.96822670e-10,  5.19123726e-10,  5.41929010e-10,
        5.65239786e-10,  5.89057346e-10,  6.13383010e-10,  6.38218125e-10,
        6.63564068e-10,  6.89422243e-10,  7.15794082e-10,  7.42681047e-10,
        7.70084628e-10,  7.98006344e-10,  8.26447740e-10,  8.55410394e-10,
        8.84895909e-10,  9.14905921e-10,  9.45442091e-10,  9.76506111e-10,
        1.00809970e-09,  1.04022462e-09,  1.07288263e-09,  1.10607556e-09,
        1.13980524e-09,  1.17407354e-09,  1.20888236e-09,  1.24423363e-09,
        1.28012930e-09,  1.31657137e-09,  1.35356185e-09,  1.39110280e-09,
        1.42919629e-09,  1.46784444e-09,  1.50704938e-09,  1.54681329e-09,
        1.58713837e-09,  1.62802686e-09,  1.66948102e-09,  1.71150315e-09,
        1.75409558e-09,  1.79726066e-09,  1.84100080e-09,  1.88531840e-09,
        1.93021594e-09,  1.97569589e-09,  2.02176078e-09,  2.06841315e-09,
        2.11565560e-09,  2.16349074e-09,  2.21192122e-09,  2.26094973e-09,
        2.31057898e-09,  2.36081171e-09,  2.41165073e-09,  2.46309884e-09,
        2.51515888e-09,  2.56783376e-09,  2.62112638e-09,  2.67503970e-09,
        2.72957671e-09,  2.78474042e-09,  2.84053390e-09,  2.89696024e-09,
        2.95402256e-09,  3.01172402e-09,  3.07006782e-09,  3.12905720e-09,
        3.18869542e-09,  3.24898579e-09,  3.30993164e-09,  3.37153636e-09,
        3.43380336e-09,  3.49673609e-09,  3.56033803e-09,  3.62461271e-09,
        3.68956369e-09,  3.75519458e-09,  3.82150900e-09,  3.88851063e-09,
        3.95620318e-09,  4.02459041e-09,  4.09367610e-09,  4.16346408e-09,
        4.23395822e-09,  4.30516243e-09,  4.37708065e-09,  4.44971686e-09,
        4.52307508e-09,  4.59715940e-09,  4.67197390e-09,  4.74752274e-09,
        4.82381009e-09,  4.90084020e-09,  4.97861732e-09,  5.05714577e-09,
        5.13642989e-09,  5.21647408e-09,  5.29728278e-09,  5.37886045e-09,
        5.46121164e-09,  5.54434088e-09,  5.62825280e-09,  5.71295204e-09,
        5.79844329e-09,  5.88473130e-09,  5.97182083e-09,  6.05971673e-09,
        6.14842385e-09,  6.23794711e-09,  6.32829148e-09,  6.41946196e-09,
        6.51146360e-09,  6.60430150e-09,  6.69798080e-09,  6.79250670e-09,
        6.88788442e-09,  6.98411927e-09,  7.08121656e-09,  7.17918168e-09,
        7.27802005e-09,  7.37773716e-09,  7.47833853e-09,  7.57982973e-09,
        7.68221639e-09,  7.78550417e-09,  7.88969881e-09,  7.99480608e-09,
        8.10083179e-09,  8.20778183e-09,  8.31566212e-09,  8.42447863e-09,
        8.53423741e-09,  8.64494452e-09,  8.75660611e-09,  8.86922835e-09,
        8.98281750e-09,  9.09737984e-09,  9.21292173e-09,  9.32944955e-09,
        9.44696978e-09,  9.56548893e-09,  9.68501355e-09,  9.80555027e-09,
        9.92710578e-09,  1.00496868e-08,  1.01733001e-08,  1.02979526e-08,
        1.04236512e-08,  1.05504028e-08,  1.06782144e-08,  1.08070932e-08,
        1.09370462e-08,  1.10680807e-08,  1.12002040e-08,  1.13334233e-08,
        1.14677461e-08,  1.16031797e-08,  1.17397318e-08,  1.18774097e-08,
        1.20162213e-08,  1.21561741e-08,  1.22972760e-08,  1.24395347e-08,
        1.25829581e-08,  1.27275543e-08,  1.28733310e-08,  1.30202966e-08,
        1.31684591e-08,  1.33178267e-08,  1.34684077e-08,  1.36202104e-08,
        1.37732432e-08,  1.39275147e-08,  1.40830334e-08,  1.42398079e-08,
        1.43978468e-08,  1.45571590e-08,  1.47177532e-08,  1.48796384e-08,
        1.50428236e-08,  1.52073177e-08,  1.53731299e-08,  1.55402694e-08,
        1.57087454e-08,  1.58785673e-08,  1.60497444e-08,  1.62222864e-08,
        1.63962026e-08,  1.65715029e-08,  1.67481968e-08,  1.69262941e-08,
        1.71058048e-08,  1.72867388e-08,  1.74691061e-08,  1.76529168e-08,
        1.78381811e-08,  1.80249093e-08,  1.82131117e-08,  1.84027987e-08,
        1.85939809e-08,  1.87866688e-08,  1.89808731e-08,  1.91766046e-08,
        1.93738741e-08,  1.95726926e-08,  1.97730710e-08,  1.99750205e-08,
        2.01785523e-08,  2.03836776e-08,  2.05904078e-08,  2.07987544e-08,
        2.10087289e-08,  2.12203430e-08,  2.14336083e-08,  2.16485366e-08,
        2.18651400e-08,  2.20834304e-08,  2.23034198e-08,  2.25251205e-08,
        2.27485448e-08,  2.29737051e-08,  2.32006137e-08,  2.34292834e-08,
        2.36597267e-08,  2.38919564e-08,  2.41259854e-08,  2.43618267e-08,
        2.45994933e-08,  2.48389984e-08,  2.50803553e-08,  2.53235774e-08,
        2.55686780e-08,  2.58156709e-08,  2.60645697e-08,  2.63153881e-08,
        2.65681401e-08,  2.68228397e-08,  2.70795010e-08,  2.73381382e-08,
        2.75987656e-08,  2.78613978e-08,  2.81260491e-08,  2.83927344e-08,
        2.86614684e-08,  2.89322659e-08,  2.92051420e-08,  2.94801118e-08,
        2.97571905e-08,  3.00363936e-08,  3.03177363e-08,  3.06012345e-08,
        3.08869036e-08,  3.11747597e-08,  3.14648186e-08,  3.17570963e-08,
        3.20516092e-08,  3.23483735e-08,  3.26474057e-08,  3.29487223e-08,
        3.32523400e-08,  3.35582756e-08,  3.38665462e-08,  3.41771687e-08,
        3.44901605e-08,  3.48055387e-08,  3.51233210e-08,  3.54435249e-08,
        3.57661681e-08,  3.60912686e-08,  3.64188443e-08,  3.67489135e-08,
        3.70814943e-08,  3.74166052e-08,  3.77542648e-08,  3.80944918e-08,
        3.84373051e-08,  3.87827236e-08,  3.91307664e-08,  3.94814528e-08,
        3.98348024e-08,  4.01908344e-08,  4.05495688e-08,  4.09110253e-08,
        4.12752237e-08,  4.16421842e-08,  4.20119268e-08,  4.23844718e-08,
        4.27598392e-08,  4.31380491e-08,  4.35191214e-08,  4.39030758e-08,
        4.42899313e-08,  4.46797062e-08,  4.50724175e-08,  4.54680808e-08,
        4.58667087e-08,  4.62683106e-08,  4.66728910e-08,  4.70804472e-08,
        4.74909674e-08,  4.79044264e-08,  4.83207816e-08,  4.87399666e-08,
        4.91618828e-08,  4.95863888e-08,  5.00132863e-08,  5.04423023e-08,
        5.08730650e-08,  5.13050743e-08,  5.17376635e-08,  5.21699507e-08,
        5.26007782e-08,  5.30286365e-08,  5.34515702e-08,  5.38670618e-08,
        5.42718898e-08,  5.46619559e-08,  5.50320771e-08,  5.53757362e-08,
        5.56847857e-08,  5.59490990e-08,  5.61561622e-08,  5.62906017e-08,
        5.63336417e-08,  5.62624866e-08,  5.60496272e-08,  5.56620673e-08,
        5.50604730e-08,  5.41982498e-08,  5.30205541e-08,  5.14632534e-08,
        4.94518520e-08,  4.69004071e-08,  4.37104649e-08,  3.97700551e-08,
        3.49527873e-08,  2.91171022e-08,  2.21057356e-08,  1.37454619e-08,
        3.84718556e-09, -7.79354417e-09, -2.13955195e-08, -3.71902873e-08,
       -5.54199187e-08, -7.63340722e-08, -1.00186299e-07, -1.27229559e-07,
       -1.57710927e-07, -1.91865512e-07, -2.29909624e-07, -2.72033264e-07,
       -3.18392063e-07, -3.69098811e-07, -4.24214779e-07, -4.83741079e-07,
       -5.47610318e-07, -6.15678870e-07, -6.87720097e-07, -7.63418857e-07,
       -8.42367670e-07, -9.24064861e-07, -1.00791501e-06, -1.09323196e-06,
       -1.17924460e-06, -1.26510547e-06, -1.34990237e-06, -1.43267265e-06,
       -1.51242012e-06, -1.58813425e-06, -1.65881102e-06, -1.72347509e-06,
       -1.78120244e-06, -1.83114275e-06, -1.87254090e-06, -1.90475662e-06,
       -1.92728165e-06, -1.93975372e-06, -1.94196679e-06, -1.93387707e-06,
       -1.91560467e-06, -1.88743065e-06, -1.84978969e-06, -1.80325863e-06,
       -1.74854126e-06, -1.68645010e-06, -1.61788564e-06, -1.54381408e-06,
       -1.46524414e-06, -1.38320391e-06, -1.29871836e-06, -1.21278837e-06,
       -1.12637165e-06, -1.04036624e-06, -9.55596688e-07, -8.72803367e-07,
       -7.92634761e-07, -7.15642827e-07, -6.42281209e-07, -5.72906086e-07,
       -5.07779329e-07, -4.47073627e-07, -3.90879187e-07, -3.39211634e-07,
       -2.92020715e-07, -2.49199477e-07, -2.10593568e-07, -1.76010401e-07,
       -1.45227939e-07, -1.18002905e-07, -9.40782927e-08, -7.31900574e-08,
       -5.50729529e-08, -3.94654792e-08, -2.61139571e-08, -1.47757656e-08,
       -5.22179408e-09,  2.76181692e-09,  9.37257170e-09,  1.47910654e-08,
        1.91808963e-08,  2.26889607e-08,  2.54460510e-08,  2.75676852e-08,
        2.91551004e-08,  3.02963543e-08,  3.10674841e-08,  3.15336834e-08,
        3.17504623e-08,  3.17647662e-08,  3.16160342e-08,  3.13371827e-08,
        3.09555079e-08,  3.04935019e-08,  2.99695815e-08,  2.93987333e-08,
        2.87930767e-08,  2.81623525e-08,  2.75143417e-08,  2.68552211e-08,
        2.61898643e-08,  2.55220920e-08,  2.48548811e-08,  2.41905350e-08,
        2.35308249e-08,  2.28771024e-08,  2.22303912e-08,  2.15914606e-08,
        2.09608829e-08,  2.03390795e-08,  1.97263569e-08,  1.91229341e-08,
        1.85289646e-08,  1.79445528e-08,  1.73697666e-08,  1.68046468e-08,
        1.62492150e-08,  1.57034779e-08,  1.51674326e-08,  1.46410683e-08,
        1.41243696e-08,  1.36173173e-08,  1.31198901e-08,  1.26320649e-08,
        1.21538179e-08,  1.16851250e-08,  1.12259615e-08,  1.07763031e-08,
        1.03361255e-08,  9.90540492e-09,  9.48411767e-09,  9.07224065e-09,
        8.66975113e-09,  8.27662688e-09,  7.89284607e-09,  7.51838733e-09,
        7.15322965e-09,  6.79735230e-09,  6.45073467e-09,  6.11335595e-09,
        5.78519472e-09,  5.46622814e-09,  5.15643078e-09,  4.85577271e-09,
        4.56421666e-09,  4.28171376e-09,  4.00819728e-09,  3.74357378e-09,
        3.48771083e-09,  3.24042051e-09,  3.00143797e-09,  2.77039460e-09,
        2.54678623e-09,  2.32993759e-09,  2.11896630e-09,  1.91275182e-09,
        1.70991809e-09,  1.50884187e-09,  1.30770268e-09,  1.10459314e-09,
        8.97709269e-10,  6.85638692e-10,  4.67756408e-10,  2.44723566e-10,
        1.90604269e-11, -2.04269124e-10, -4.17368047e-10, -6.09169281e-10,
       -7.65662612e-10, -8.70843536e-10, -9.08671690e-10, -8.66323528e-10,
       -7.38973074e-10, -5.36220718e-10, -2.90101918e-10, -6.43413994e-11,
        3.58183757e-11, -1.45730066e-10, -8.23380341e-10, -2.27352997e-09,
       -4.83262396e-09, -8.88759248e-09, -1.48571153e-08, -2.31629072e-08,
       -3.41914019e-08, -4.82477565e-08, -6.55058560e-08, -8.59596915e-08,
       -1.09382764e-07, -1.35302637e-07, -1.62997112e-07, -1.91516515e-07,
       -2.19733445e-07, -2.46417347e-07, -2.70327201e-07, -2.90312191e-07,
       -3.05408303e-07, -3.14918812e-07, -3.18468703e-07, -3.16026857e-07,
       -3.07894580e-07, -2.94663735e-07, -2.77151673e-07, -2.56322445e-07,
       -2.33204444e-07, -2.08813598e-07, -1.84089112e-07, -1.59845968e-07,
       -1.36745647e-07, -1.15284160e-07, -9.57947932e-08, -7.84620225e-08,
       -6.33427957e-08, -5.03916192e-08, -3.94864727e-08, -3.04533096e-08,
       -2.30876510e-08, -1.71724595e-08, -1.24920241e-08, -8.84199453e-09,
       -6.03596678e-09, -3.90917204e-09, -2.31987408e-09, -1.14906794e-09,
       -2.99015157e-10,  3.08931407e-10,  7.36851959e-10,  1.03286311e-09,
        1.23361214e-09,  1.36654399e-09,  1.45187856e-09,  1.50427720e-09,
        1.53420651e-09,  1.54902522e-09,  1.55382992e-09,  1.55209865e-09,
        1.54617052e-09,  1.53759611e-09,  1.52738869e-09,  1.51620106e-09,
        1.50444788e-09,  1.49238881e-09,  1.48018413e-09,  1.46793135e-09,
        1.45568886e-09,  1.44349106e-09,  1.43135782e-09,  1.41930035e-09,
        1.40732476e-09,  1.39543420e-09,  1.38363013e-09,  1.37191306e-09,
        1.36028297e-09,  1.34873955e-09,  1.33728234e-09,  1.32591080e-09,
        1.31462434e-09,  1.30342237e-09,  1.29230428e-09,  1.28126945e-09,
        1.27031727e-09,  1.25944715e-09,  1.24865847e-09,  1.23795065e-09,
        1.22732309e-09,  1.21677520e-09,  1.20630639e-09,  1.19591609e-09,
        1.18560372e-09,  1.17536871e-09,  1.16521049e-09,  1.15512850e-09,
        1.14512218e-09,  1.13519097e-09,  1.12533433e-09,  1.11555171e-09,
        1.10584257e-09,  1.09620636e-09,  1.08664256e-09,  1.07715064e-09,
        1.06773006e-09,  1.05838031e-09,  1.04910088e-09,  1.03989123e-09,
        1.03075087e-09,  1.02167929e-09,  1.01267599e-09,  1.00374046e-09,
        9.94872217e-10,  9.86070762e-10,  9.77335609e-10,  9.68666275e-10,
        9.60062280e-10,  9.51523146e-10,  9.43048401e-10,  9.34637574e-10,
        9.26290200e-10,  9.18005817e-10,  9.09783965e-10,  9.01624188e-10,
        8.93526035e-10,  8.85489057e-10,  8.77512809e-10,  8.69596848e-10,
        8.61740736e-10,  8.53944038e-10,  8.46206322e-10,  8.38527158e-10,
        8.30906122e-10,  8.23342791e-10,  8.15836746e-10,  8.08387572e-10,
        8.00994855e-10,  7.93658185e-10,  7.86377157e-10,  7.79151367e-10,
        7.71980414e-10,  7.64863902e-10,  7.57801435e-10,  7.50792623e-10,
        7.43837076e-10,  7.36934411e-10,  7.30084244e-10,  7.23286196e-10,
        7.16539889e-10,  7.09844951e-10,  7.03201010e-10,  6.96607699e-10,
        6.90064651e-10,  6.83571504e-10,  6.77127899e-10,  6.70733478e-10,
        6.64387888e-10,  6.58090776e-10,  6.51841793e-10,  6.45640594e-10,
        6.39486835e-10,  6.33380175e-10,  6.27320275e-10,  6.21306799e-10,
        6.15339415e-10,  6.09417792e-10,  6.03541602e-10,  5.97710518e-10,
        5.91924219e-10,  5.86182383e-10,  5.80484692e-10,  5.74830831e-10,
        5.69220486e-10,  5.63653347e-10,  5.58129104e-10,  5.52647453e-10,
        5.47208088e-10,  5.41810709e-10,  5.36455017e-10,  5.31140714e-10,
        5.25867507e-10,  5.20635104e-10,  5.15443213e-10,  5.10291548e-10,
        5.05179824e-10,  5.00107756e-10,  4.95075064e-10,  4.90081470e-10,
        4.85126696e-10,  4.80210467e-10,  4.75332512e-10,  4.70492560e-10,
        4.65690343e-10,  4.60925595e-10,  4.56198052e-10,  4.51507452e-10,
        4.46853535e-10,  4.42236043e-10,  4.37654720e-10,  4.33109313e-10,
        4.28599569e-10,  4.24125239e-10,  4.19686075e-10,  4.15281830e-10,
        4.10912262e-10,  4.06577127e-10,  4.02276185e-10,  3.98009199e-10,
        3.93775932e-10,  3.89576148e-10,  3.85409616e-10,  3.81276105e-10,
        3.77175385e-10,  3.73107230e-10,  3.69071413e-10,  3.65067712e-10,
        3.61095904e-10,  3.57155770e-10,  3.53247091e-10,  3.49369650e-10,
        3.45523233e-10,  3.41707626e-10,  3.37922619e-10,  3.34168001e-10,
        3.30443564e-10,  3.26749102e-10,  3.23084411e-10,  3.19449286e-10,
        3.15843528e-10,  3.12266935e-10,  3.08719311e-10,  3.05200457e-10,
        3.01710180e-10,  2.98248286e-10,  2.94814583e-10,  2.91408880e-10,
        2.88030990e-10,  2.84680725e-10,  2.81357899e-10,  2.78062328e-10,
        2.74793829e-10,  2.71552223e-10,  2.68337328e-10,  2.65148966e-10,
        2.61986962e-10,  2.58851140e-10,  2.55741325e-10,  2.52657347e-10,
        2.49599033e-10,  2.46566215e-10,  2.43558725e-10,  2.40576395e-10,
        2.37619060e-10,  2.34686558e-10,  2.31778724e-10,  2.28895398e-10,
        2.26036421e-10,  2.23201634e-10,  2.20390879e-10,  2.17604001e-10,
        2.14840846e-10,  2.12101261e-10,  2.09385093e-10,  2.06692193e-10,
        2.04022410e-10,  2.01375598e-10,  1.98751609e-10,  1.96150298e-10,
        1.93571521e-10,  1.91015135e-10,  1.88480999e-10,  1.85968971e-10,
        1.83478913e-10,  1.81010687e-10,  1.78564156e-10,  1.76139185e-10,
        1.73735638e-10,  1.71353384e-10,  1.68992289e-10,  1.66652223e-10,
        1.64333057e-10,  1.62034662e-10,  1.59756911e-10,  1.57499676e-10,
        1.55262835e-10,  1.53046261e-10,  1.50849833e-10,  1.48673429e-10,
        1.46516928e-10,  1.44380211e-10,  1.42263159e-10,  1.40165656e-10,
        1.38087584e-10,  1.36028829e-10,  1.33989276e-10,  1.31968813e-10,
        1.29967328e-10,  1.27984709e-10,  1.26020848e-10,  1.24075634e-10,
        1.22148961e-10,  1.20240722e-10,  1.18350810e-10,  1.16479121e-10,
        1.14625552e-10,  1.12789999e-10,  1.10972361e-10,  1.09172538e-10,
        1.07390429e-10,  1.05625936e-10,  1.03878961e-10,  1.02149407e-10,
        1.00437179e-10,  9.87421811e-11,  9.70643199e-11,  9.54035022e-11,
        9.37596362e-11,  9.21326307e-11,  9.05223956e-11,  8.89288416e-11,
        8.73518805e-11,  8.57914249e-11,  8.42473883e-11,  8.27196851e-11,
        8.12082308e-11,  7.97129415e-11,  7.82337344e-11,  7.67705276e-11,
        7.53232399e-11,  7.38917912e-11,  7.24761022e-11,  7.10760944e-11,
        6.96916903e-11,  6.83228131e-11,  6.69693870e-11,  6.56313370e-11,
        6.43085890e-11,  6.30010696e-11,  6.17087065e-11,  6.04314279e-11,
        5.91691632e-11,  5.79218424e-11,  5.66893964e-11,  5.54717569e-11,
        5.42688564e-11,  5.30806283e-11,  5.19070067e-11,  5.07479266e-11,
        4.96033238e-11,  4.84731349e-11,  4.73572972e-11,  4.62557489e-11,
        4.51684290e-11,  4.40952772e-11,  4.30362341e-11,  4.19912410e-11,
        4.09602400e-11,  3.99431739e-11,  3.89399864e-11,  3.79506220e-11,
        3.69750257e-11,  3.60131436e-11,  3.50649223e-11,  3.41303093e-11,
        3.32092529e-11,  3.23017019e-11,  3.14076061e-11,  3.05269160e-11,
        2.96595827e-11,  2.88055582e-11,  2.79647952e-11,  2.71372471e-11,
        2.63228680e-11,  2.55216129e-11,  2.47334372e-11,  2.39582974e-11,
        2.31961505e-11,  2.24469543e-11,  2.17106672e-11,  2.09872484e-11,
        2.02766580e-11,  1.95788564e-11,  1.88938051e-11,  1.82214660e-11,
        1.75618020e-11,  1.69147764e-11,  1.62803534e-11,  1.56584980e-11,
        1.50491755e-11,  1.44523522e-11,  1.38679952e-11,  1.32960719e-11,
        1.27365508e-11,  1.21894008e-11,  1.16545915e-11,  1.11320934e-11,
        1.06218776e-11,  1.01239156e-11,  9.63818001e-12,  9.16464383e-12,
        8.70328085e-12,  8.25406549e-12,  7.81697287e-12,  7.39197877e-12,
        6.97905963e-12,  6.57819259e-12,  6.18935542e-12,  5.81252658e-12,
        5.44768520e-12,  5.09481106e-12,  4.75388460e-12,  4.42488693e-12,
        4.10779983e-12,  3.80260572e-12,  3.50928770e-12,  3.22782951e-12,
        2.95821556e-12,  2.70043091e-12,  2.45446127e-12,  2.22029302e-12,
        1.99791317e-12,  1.78730942e-12,  1.58847008e-12,  1.40138415e-12,
        1.22604125e-12,  1.06243167e-12,  9.10546342e-13,  7.70376855e-13,
        6.41915440e-13,  5.25154979e-13,  4.20089001e-13,  3.26711686e-13,
        2.45017860e-13,  1.75002996e-13,  1.16663214e-13,  6.99952827e-14,
        3.49966152e-14,  1.16652727e-14, -0.00000000e+00,  0.00000000e+00])], 2: []}
v = [-4.07528191e-175 -2.68069564e-174 -1.75550995e-173 -1.14452431e-172
 -7.42869760e-172 -4.80027675e-171 -3.08806056e-170 -1.97774947e-169
 -1.26102205e-168 -8.00460713e-168 -5.05851798e-167 -3.18253003e-166
 -1.99336881e-165 -1.24299318e-164 -7.71641835e-164 -4.76901537e-163
 -2.93432096e-162 -1.79743190e-161 -1.09613289e-160 -6.65487515e-160
 -4.02237494e-159 -2.42042218e-158 -1.44999209e-157 -8.64780881e-157
 -5.13466911e-156 -3.03518229e-155 -1.78617100e-154 -1.04647107e-153
 -6.10375863e-153 -3.54432399e-152 -2.04896912e-151 -1.17924311e-150
 -6.75674017e-150 -3.85422466e-149 -2.18878331e-148 -1.23746934e-147
 -6.96517550e-147 -3.90297361e-146 -2.17733424e-145 -1.20926234e-144
 -6.68623885e-144 -3.68052000e-143 -2.01698382e-142 -1.10042787e-141
 -5.97704722e-141 -3.23204744e-140 -1.73994173e-139 -9.32518844e-139
 -4.97561153e-138 -2.64302487e-137 -1.39772577e-136 -7.35882759e-136
 -3.85710286e-135 -2.01270326e-134 -1.04559673e-133 -5.40772524e-133
 -2.78439570e-132 -1.42729330e-131 -7.28385746e-131 -3.70062931e-130
 -1.87178372e-129 -9.42544112e-129 -4.72512867e-128 -2.35825916e-127
 -1.17175106e-126 -5.79622343e-126 -2.85443933e-125 -1.39946632e-124
 -6.83077567e-124 -3.31927725e-123 -1.60576864e-122 -7.73371836e-122
 -3.70817027e-121 -1.77009640e-120 -8.41201632e-120 -3.97987315e-119
 -1.87458134e-118 -8.79033215e-118 -4.10366800e-117 -1.90723886e-116
 -8.82478006e-116 -4.06507563e-115 -1.86422920e-114 -8.51130041e-114
 -3.86864134e-113 -1.75060012e-112 -7.88644672e-112 -3.53705433e-111
 -1.57931232e-110 -7.02037406e-110 -3.10683664e-109 -1.36880795e-108
 -6.00388766e-108 -2.62173342e-107 -1.13975220e-106 -4.93285428e-106
 -2.12545575e-105 -9.11741633e-105 -3.89365476e-104 -1.65542318e-103
 -7.00691029e-103 -2.95263674e-102 -1.23868084e-101 -5.17338445e-101
 -2.15107733e-100 -8.90437068e-100 -3.66958012e-099 -1.50555094e-098
 -6.14950938e-098 -2.50064142e-097 -1.01234445e-096 -4.08010304e-096
 -1.63711765e-095 -6.53965122e-095 -2.60072971e-094 -1.02967884e-093
 -4.05858168e-093 -1.59262207e-092 -6.22181519e-092 -2.41984428e-091
 -9.36965647e-091 -3.61181796e-090 -1.38609812e-089 -5.29575677e-089
 -2.01431795e-088 -7.62770613e-088 -2.87558241e-087 -1.07925388e-086
 -4.03262053e-086 -1.50008901e-085 -5.55536553e-085 -2.04820860e-084
 -7.51798868e-084 -2.74723041e-083 -9.99434736e-083 -3.61975961e-082
 -1.30518164e-081 -4.68519983e-081 -1.67436916e-080 -5.95717354e-080
 -2.11006203e-079 -7.44074000e-079 -2.61217923e-078 -9.12968412e-078
 -3.17668730e-077 -1.10042163e-076 -3.79498187e-076 -1.30294544e-075
 -4.45357416e-075 -1.51550399e-074 -5.13418385e-074 -1.73161637e-073
 -5.81430605e-073 -1.94361404e-072 -6.46826947e-072 -2.14304908e-071
 -7.06874094e-071 -2.32122880e-070 -7.58856696e-070 -2.46983265e-069
 -8.00278631e-069 -2.58155183e-068 -8.29060864e-068 -2.65068375e-067
 -8.43714190e-067 -2.67361412e-066 -8.43466884e-066 -2.64913007e-065
 -8.28332047e-065 -2.57852640e-064 -7.99106449e-064 -2.46549216e-063
 -7.57301038e-063 -2.31579128e-062 -7.05011519e-062 -2.13677576e-061
 -6.44744459e-061 -1.93678862e-060 -5.79218958e-060 -1.72452402e-059
 -5.11165650e-059 -1.50841212e-058 -4.43143415e-058 -1.29608810e-057
 -3.77390257e-057 -1.09398856e-056 -3.15719067e-056 -9.07099189e-056
 -2.59462550e-055 -7.38857222e-055 -2.09465402e-054 -5.91193991e-054
 -1.66116840e-053 -4.64689912e-053 -1.29413256e-052 -3.58806434e-052
 -9.90393119e-052 -2.72157899e-051 -7.44560870e-051 -2.02789474e-050
 -5.49865595e-050 -1.48434078e-049 -3.98911567e-049 -1.06729770e-048
 -2.84289263e-048 -7.53878356e-048 -1.99025182e-047 -5.23095181e-047
 -1.36873491e-046 -3.56552846e-046 -9.24686263e-046 -2.38743106e-045
 -6.13667624e-045 -1.57036829e-044 -4.00069792e-044 -1.01469598e-043
 -2.56213527e-043 -6.44071535e-043 -1.61187772e-042 -4.01602138e-042
 -9.96152607e-042 -2.45992390e-041 -6.04760480e-041 -1.48016820e-040
 -3.60665561e-040 -8.74911681e-040 -2.11295229e-039 -5.08020343e-039
 -1.21601365e-038 -2.89775548e-038 -6.87465576e-038 -1.62370121e-037
 -3.81792336e-037 -8.93746254e-037 -2.08289415e-036 -4.83265843e-036
 -1.11627433e-035 -2.56697543e-035 -5.87676630e-035 -1.33943322e-034
 -3.03927255e-034 -6.86568961e-034 -1.54406159e-033 -3.45709258e-033
 -7.70589941e-033 -1.71002161e-032 -3.77785945e-032 -8.30913721e-032
 -1.81941596e-031 -3.96619450e-031 -8.60759749e-031 -1.85975540e-030
 -4.00032839e-030 -8.56646008e-030 -1.82630405e-029 -3.87624042e-029
 -8.19057262e-029 -1.72299398e-028 -3.60843754e-028 -7.52351099e-028
 -1.56166495e-027 -3.22716450e-027 -6.63926922e-027 -1.35983242e-026
 -2.77278656e-026 -5.62876898e-026 -1.13756532e-025 -2.28878607e-025
 -4.58458463e-025 -9.14241062e-025 -1.81504496e-024 -3.58740153e-024
 -7.05892433e-024 -1.38281155e-023 -2.69682899e-023 -5.23612197e-023
 -1.01212007e-022 -1.94769188e-022 -3.73142234e-022 -7.11695954e-022
 -1.35138945e-021 -2.55465634e-021 -4.80784417e-021 -9.00812114e-021
 -1.68028902e-020 -3.12032402e-020 -5.76874494e-020 -1.06176625e-019
 -1.94555015e-019 -3.54912979e-019 -6.44565816e-019 -1.16540960e-018
 -2.09776025e-018 -3.75923129e-018 -6.70668917e-018 -1.19119605e-017
 -2.10631951e-017 -3.70792712e-017 -6.49836447e-017 -1.13381677e-016
 -1.96946209e-016 -3.40579348e-016 -5.86347301e-016 -1.00498016e-015
 -1.71484938e-015 -2.91313364e-015 -4.92675282e-015 -8.29520407e-015
 -1.39046260e-014 -2.32037130e-014 -3.85497525e-014 -6.37604890e-014
 -1.04989924e-013 -1.72111361e-013 -2.80890720e-013 -4.56384811e-013
 -7.38228670e-013 -1.18882128e-012 -1.90593536e-012 -3.04204548e-012
 -4.83380551e-012 -7.64677971e-012 -1.20429788e-011 -1.88823133e-011
 -2.94742264e-011 -4.58031731e-011 -7.08622035e-011 -1.09143952e-010
 -1.67359602e-010 -2.55486249e-010 -3.88284775e-010 -5.87488175e-010
 -8.84940015e-010 -1.32707196e-009 -1.98125807e-009 -2.94478479e-009
 -4.35744595e-009 -6.41913329e-009 -9.41427139e-009 -1.37455768e-008
 -1.99804453e-008 -2.89143405e-008 -4.16569392e-008 -5.97485482e-008
 -8.53165517e-008 -1.21284462e-007 -1.71649671e-007 -2.41850351e-007
 -3.39247302e-007 -4.73753052e-007 -6.58648298e-007 -9.11635154e-007
 -1.25618756e-006 -1.72327208e-006 -2.35352681e-006 -3.20000299e-006
 -4.33159211e-006 -5.83728181e-006 -7.83140534e-006 -1.04600722e-005
 -1.39089900e-005 -1.84129107e-005 -2.42669522e-005 -3.18400658e-005
 -4.15909285e-005 -5.40865415e-005 -7.00238110e-005 -9.02543641e-005
 -1.15812814e-004 -1.47948632e-004 -1.88161701e-004 -2.38241515e-004
 -3.00309859e-004 -3.76866621e-004 -4.70838203e-004 -5.85627754e-004
 -7.25166182e-004 -8.93962644e-004 -1.09715285e-003 -1.34054327e-003
 -1.63064894e-003 -1.97472237e-003 -2.38077063e-003 -2.85755765e-003
 -3.41458857e-003 -4.06207277e-003 -4.81086260e-003 -5.67236466e-003
 -6.65842127e-003 -7.78115973e-003 -9.05280840e-003 -1.04854787e-002
 -1.20909140e-002 -1.38802069e-002 -1.58634879e-002 -1.80495908e-002
 -2.04456996e-002 -2.30569855e-002 -2.58862423e-002 -2.89335309e-002
 -3.21958425e-002 -3.56667953e-002 -3.93363737e-002 -4.31907244e-002
 -4.72120210e-002 -5.13784066e-002 -5.56640251e-002 -6.00391478e-002
 -6.44704003e-002 -6.89210922e-002 -7.33516473e-002 -7.77201316e-002
 -8.19828704e-002 -8.60951423e-002 -9.00119381e-002 -9.36887649e-002
 -9.70824774e-002 -1.00152115e-001 -1.02859719e-001 -1.05171115e-001
 -1.07056628e-001 -1.08491715e-001 -1.09457501e-001 -1.09941186e-001
 -1.09936333e-001 -1.09443004e-001 -1.08467768e-001 -1.07023547e-001
 -1.05129333e-001 -1.02809777e-001 -1.00094648e-001 -9.70182051e-002
 -9.36184724e-002 -8.99364625e-002 -8.60153554e-002 -8.18996623e-002
 -7.76343944e-002 -7.32642596e-002 -6.88329046e-002 -6.43822223e-002
 -5.99517365e-002 -5.55780758e-002 -5.12945450e-002 -4.71307981e-002
 -4.31126126e-002 -3.92617656e-002 -3.55960039e-002 -3.21291031e-002
 -2.88710045e-002 -2.58280205e-002 -2.30030957e-002 -2.03961120e-002
 -1.80042247e-002 -1.58222192e-002 -1.38428753e-002 -1.20573301e-002
 -1.04554308e-002 -9.02606901e-003 -7.75749141e-003 -6.63758190e-003
 -5.65411215e-003 -4.79495880e-003 -4.04828685e-003 -3.40269961e-003
 -2.84735674e-003 -2.37206228e-003 -1.96732554e-003 -1.62439749e-003
 -1.33528608e-003 -1.09275367e-003 -8.90299564e-004 -7.22130991e-004
 -5.83125109e-004 -4.68784709e-004 -3.75189839e-004 -2.98947300e-004
 -2.37139631e-004 -1.87274902e-004 -1.47238354e-004 -1.15246638e-004
 -8.98052060e-005 -6.96691798e-005 -5.38078721e-005 -4.13729867e-005
 -3.16704231e-005 -2.41355274e-005 -1.83115732e-005 -1.38312190e-005
 -1.04006671e-005 -7.78624148e-006 -5.80310565e-006 -4.30585125e-006
 -3.18070582e-006 -2.33912764e-006 -1.71257766e-006 -1.24828158e-006
 -9.05817671e-007 -6.54387433e-007 -4.70646733e-007 -3.36993157e-007
 -2.40222151e-007 -1.70479027e-007 -1.20446671e-007 -8.47197339e-008
 -5.93253499e-008 -4.13582351e-008 -2.87044823e-008 -1.98336982e-008
 -1.36434664e-008 -9.34362560e-009 -6.37066227e-009 -4.32475264e-009
 -2.92375560e-009 -1.96985971e-009 -1.32570454e-009 -8.97722907e-010
 -6.25282491e-010 -4.75074158e-010 -4.41292559e-010 -5.53796436e-010
 -8.99145505e-010 -1.66407598e-009 -3.21909035e-009 -6.27387779e-009
 -1.21602985e-008 -2.33391518e-008 -4.42941130e-008 -8.30857821e-008
 -1.54014401e-007 -2.82116234e-007 -5.10645722e-007 -9.13342680e-007
 -1.61424489e-006 -2.81920345e-006 -4.86524430e-006 -8.29667521e-006
 -1.39805648e-005 -2.32791184e-005 -3.83027122e-005 -6.22749963e-005
 -1.00050457e-004 -1.58834789e-004 -2.49168631e-004 -3.86244481e-004
 -5.91633002e-004 -8.95496062e-004 -1.33935639e-003 -1.97947404e-003
 -2.89084398e-003 -4.17177310e-003 -5.94891673e-003 -8.38255254e-003
 -1.16717470e-002 -1.60589308e-002 -2.18332594e-002 -2.93320020e-002
 -3.89391101e-002 -5.10800746e-002 -6.62122289e-002 -8.48098074e-002
 -1.07343346e-001 -1.34253423e-001 -1.65919255e-001 -2.02623306e-001
 -2.44513694e-001 -2.91566861e-001 -3.43553455e-001 -4.00010751e-001
 -4.60224984e-001 -5.23226707e-001 -5.87801649e-001 -6.52518577e-001
 -7.15774373e-001 -7.75855056e-001 -8.31009958e-001 -8.79534837e-001
 -9.19858546e-001 -9.50627195e-001 -9.70779518e-001 -9.79607631e-001
 -9.76798308e-001 -9.62451430e-001 -9.37074091e-001 -9.01550840e-001
 -8.57092507e-001 -8.05167727e-001 -7.47422563e-001 -6.85594356e-001
 -6.21426039e-001 -5.56586726e-001 -4.92603425e-001 -4.30807438e-001
 -3.72297521e-001 -3.17920314e-001 -2.68267214e-001 -2.23685639e-001
 -1.84301890e-001 -1.50052302e-001 -1.20719303e-001 -9.59692187e-002
 -7.53890697e-002 -5.85202258e-002 -4.48874348e-002 -3.40223858e-002
 -2.54815550e-002 -1.88585490e-002 -1.37915095e-002 -9.96635883e-003
 -7.11676162e-003 -5.02168541e-003 -3.50136810e-003 -2.41238835e-003
 -1.64239593e-003 -1.10491706e-003 -7.34518410e-004 -4.82499508e-004
 -3.13193145e-004 -2.00885600e-004 -1.27322908e-004 -7.97416973e-005
 -4.93498215e-005 -3.01791415e-005 -1.82368305e-005 -1.08896275e-005
 -6.42536602e-006 -3.74631167e-006 -2.15839597e-006 -1.22879525e-006
 -6.91272225e-007 -3.84273005e-007 -2.11082306e-007 -1.14573708e-007
 -6.14524626e-008 -3.25697780e-008 -1.70573472e-008 -8.82733003e-009
 -4.51407140e-009 -2.28101776e-009 -1.13896426e-009 -5.61969452e-010
 -2.73991131e-010 -1.32002296e-010 -6.28416604e-011 -2.95620809e-011
 -1.37417972e-011 -6.31209102e-012 -2.86499689e-012 -1.28497963e-012
 -5.69494472e-013 -2.49404318e-013 -1.07929362e-013 -4.61526276e-014
 -1.95017884e-014 -8.14279746e-015 -3.35964979e-015 -1.36973190e-015
 -5.51821117e-016 -2.19675815e-016 -8.64146468e-017 -3.35902826e-017
 -1.29021219e-017 -4.89699665e-018 -1.83662148e-018 -6.80660727e-019
 -2.49265925e-019 -9.02020312e-020 -3.22545439e-020 -1.13968984e-020
 -3.97927208e-021 -1.37290908e-021 -4.68059540e-022 -1.57681815e-022
 -5.24908137e-023 -1.72665744e-023 -5.61242107e-024 -1.80266694e-024
 -5.72139490e-025 -1.79435984e-025 -5.56081363e-026 -1.70289678e-026
 -5.15299228e-027 -1.54081978e-027 -4.55266172e-028 -1.32922990e-028
 -3.83491735e-029 -1.09328427e-029 -3.07986282e-030 -8.57335547e-031
 -2.35825885e-031 -6.40993020e-032 -1.72161609e-032 -4.56920357e-033
 -1.19830091e-033 -3.10536355e-034 -7.95207010e-035 -2.01219068e-035
 -5.03128883e-036 -1.24311284e-036 -3.03503034e-037 -7.32211772e-038
 -1.74554706e-038 -4.11194786e-039 -9.57160620e-040 -2.20162440e-040
 -5.00406360e-041 -1.12388945e-041 -2.49428202e-042 -5.47001731e-043
 -1.18536754e-043 -2.53827424e-044 -5.37087740e-045 -1.12298284e-045
 -2.32018271e-046 -4.73688058e-047 -9.55617007e-048 -1.90500662e-048
 -3.75258287e-049 -7.30441230e-050 -1.40495188e-050 -2.67029232e-051
 -5.01507401e-052 -9.30715766e-053 -1.70678171e-053 -3.09285865e-054
 -5.53813259e-055 -9.79913658e-056 -1.71330016e-056 -2.96005845e-057
 -5.05345382e-058 -8.52506109e-059 -1.42111061e-059 -2.34088161e-060
 -3.81023886e-061 -6.12838636e-062 -9.74005160e-063 -1.52966934e-063
 -2.37385972e-064 -3.64027106e-065 -5.51611842e-066 -8.25951645e-067
 -1.22207215e-067 -1.78673547e-068 -2.58133787e-069 -3.68511149e-070
 -5.19849457e-071 -7.24645738e-072 -9.98148305e-073 -1.35858117e-073
 -1.82724714e-074 -2.42845564e-075 -3.18921827e-076 -4.13865759e-077
 -5.30708366e-078 -6.72470992e-079 -8.42000523e-080 -1.04177121e-080
 -1.27366005e-081 -1.53870684e-082 -1.83687426e-083 -2.16682659e-084
 -2.52574829e-085 -2.90922401e-086 -3.31120023e-087 -3.72404490e-088
 -4.13871534e-089 -4.54503665e-090 -4.93208335e-091 -5.28864735e-092
 -5.60376604e-093 -5.86727664e-094 -6.07035822e-095 -6.20602126e-096
 -6.26950687e-097 -6.25856389e-098 -6.17358144e-099 -6.01756594e-100
 -5.79596452e-101 -5.51634936e-102 -5.18798834e-103 -4.82133607e-104
 -4.42748402e-105 -4.01761007e-106 -3.60246484e-107 -3.19192664e-108
 -2.79464878e-109 -2.41781326e-110 -2.06699515e-111 -1.74613310e-112
 -1.45759348e-113 -1.20231059e-114 -9.79982034e-116 -7.89297521e-117
 -6.28180640e-118 -4.94025699e-119 -3.83915564e-120 -2.94810590e-121
 -2.23702907e-122 -1.67734098e-123 -1.24277432e-124 -9.09880529e-126
 -6.58260287e-127 -4.70578545e-128 -3.32420482e-129 -2.32040937e-130
 -1.60052562e-131 -1.09089220e-132 -7.34720614e-134 -4.88971784e-135
 -3.21563360e-136 -2.08963533e-137 -1.34182425e-138 -8.51416318e-140
 -5.33838052e-141 -3.30748883e-142 -2.02492420e-143 -1.22501480e-144
 -7.32315131e-146 -4.32598029e-147 -2.52533001e-148 -1.45697059e-149
 -8.31075316e-151 -4.69212252e-152 -2.63095624e-153 -1.48027176e-154
 -8.60921978e-156 -5.57408408e-157 -4.55093377e-158 -5.04293530e-159
 -7.02305967e-160 -1.08838242e-160 -1.74964130e-161 -2.83840300e-162
 -4.60390581e-163 -7.44426094e-164 -1.19883511e-164 -1.92228137e-165
 -3.06871519e-166 -4.87715981e-167 -7.71693361e-168 -1.21559499e-168
 -1.90633445e-169 -2.97629014e-170 -4.62612518e-171 -7.15855613e-172
 -1.10280678e-172 -1.69137284e-173 -2.58252906e-174 -3.92569918e-175
 -5.94093434e-176 -8.95072934e-177 -1.34254247e-177 -2.00476549e-178
 -2.98033482e-179 -4.41095344e-180 -6.49928866e-181 -9.53377976e-182
 -1.39229204e-182 -2.02423766e-183 -2.92993913e-184 -4.22203307e-185
 -6.05690274e-186 -8.65058554e-187 -1.23000350e-187 -1.74113772e-188
 -2.45372472e-189 -3.44258354e-190 -4.80849394e-191 -6.68651149e-192
 -9.25669711e-193 -1.27578781e-193 -1.75051879e-194 -2.39122831e-195
 -3.25193043e-196 -4.40278406e-197 -5.93443613e-198 -7.96338056e-199
 -1.06385250e-199 -1.41491809e-200 -1.87347162e-201 -2.46961284e-202
 -3.24098161e-203 -4.23438355e-204 -5.50769342e-205 -7.13206442e-206
 -9.19446985e-207 -1.18005993e-207 -1.50781262e-208 -1.91803539e-209
 -2.42902395e-210 -3.06247755e-211 -3.84396979e-212 -4.80344646e-213
 -5.97574256e-214 -7.40110797e-215 -9.12572835e-216 -1.12022244e-216
 -1.36901100e-217 -1.66561853e-218 -2.01748394e-219 -2.43282328e-220
 -2.92063292e-221 -3.49067428e-222 -4.15343685e-223 -4.92007625e-224
 -5.80232421e-225 -6.81236777e-226 -7.96269564e-227 -9.26591010e-228
 -1.07345041e-228 -1.23806037e-229 -1.42156787e-230 -1.62502224e-231
 -1.84934082e-232 -2.09527262e-233 -2.36336096e-234 -2.65390586e-235
 -2.96692730e-236 -3.30213049e-237 -3.65887434e-238 -4.03614439e-239
 -4.43253150e-240 -4.84621751e-241 -5.27496898e-242 -5.71613996e-243
 -6.16668457e-244 -6.62317988e-245 -7.08185944e-246 -7.53865713e-247
 -7.98926112e-248 -8.42917706e-249 -8.85379931e-250 -9.25848882e-251
 -9.63865588e-252 -9.98984571e-253 -1.03078246e-253 -1.05886648e-254
 -1.08288244e-255 -1.10252225e-256 -1.11753040e-257 -1.12770958e-258
 -1.13292491e-259 -1.13310700e-260 -1.12825340e-261 -1.11842874e-262
 -1.10376323e-263 -1.08444981e-264 -1.06073997e-265 -1.03293821e-266
 -1.00139563e-267 -9.66502482e-269 -9.28680214e-270 -8.88372994e-271
 -8.46039108e-272 -8.02142387e-273 -7.57143903e-274 -7.11494143e-275
 -6.65625827e-276 -6.19947534e-277 -5.74838231e-278 -5.30642815e-279
 -4.87668685e-280 -4.46183375e-281 -4.06413230e-282 -3.68543050e-283
 -3.32716662e-284 -2.99038297e-285 -2.67574675e-286 -2.38357675e-287
 -2.11387454e-288 -1.86635912e-289 -1.64050348e-290 -1.43557218e-291
 -1.25065881e-292 -1.08472237e-293 -9.36621841e-295 -8.05148342e-296
 -6.89054321e-297 -5.87079552e-298 -4.97973675e-299 -4.20515251e-300
 -3.53527379e-301 -2.95890002e-302 -2.46549125e-303 -2.04523199e-304
 -1.68906990e-305 -1.38873252e-306 -1.13672530e-307 -9.26314324e-309
 -7.51496861e-310 -6.06962554e-311 -4.88048027e-312 -3.90687180e-313
 -3.11359196e-314 -2.47035955e-315 -1.95130239e-316 -1.53445772e-317
 -1.20130086e-318 -9.36303805e-320 -7.26276499e-321 -5.63234836e-322]
symrep = 0 - 0.98*np.exp(-(x-3.1935599999999997)**2/(2*0.3666666666666667**2))- 0.11*np.exp(-(x--3.04344)**2/(2*0.6**2))
    