energies = {0: [-0.11258827413384435], 1: [-0.013959150535827317], 2: []}
wfns = {0: [array([ 0.00000000e+00,  1.55406072e-07,  3.10868247e-07,  4.66442651e-07,
        6.22185447e-07,  7.78152862e-07,  9.34401201e-07,  1.09098687e-06,
        1.24796641e-06,  1.40539648e-06,  1.56333392e-06,  1.72183574e-06,
        1.88095918e-06,  2.04076166e-06,  2.20130090e-06,  2.36263484e-06,
        2.52482172e-06,  2.68792010e-06,  2.85198886e-06,  3.01708723e-06,
        3.18327482e-06,  3.35061162e-06,  3.51915803e-06,  3.68897492e-06,
        3.86012358e-06,  4.03266580e-06,  4.20666388e-06,  4.38218062e-06,
        4.55927940e-06,  4.73802414e-06,  4.91847939e-06,  5.10071028e-06,
        5.28478260e-06,  5.47076280e-06,  5.65871804e-06,  5.84871615e-06,
        6.04082574e-06,  6.23511616e-06,  6.43165755e-06,  6.63052086e-06,
        6.83177790e-06,  7.03550130e-06,  7.24176463e-06,  7.45064234e-06,
        7.66220985e-06,  7.87654353e-06,  8.09372075e-06,  8.31381994e-06,
        8.53692053e-06,  8.76310309e-06,  8.99244925e-06,  9.22504183e-06,
        9.46096478e-06,  9.70030328e-06,  9.94314374e-06,  1.01895738e-05,
        1.04396825e-05,  1.06935600e-05,  1.09512981e-05,  1.12129898e-05,
        1.14787295e-05,  1.17486132e-05,  1.20227384e-05,  1.23012039e-05,
        1.25841104e-05,  1.28715599e-05,  1.31636562e-05,  1.34605048e-05,
        1.37622129e-05,  1.40688893e-05,  1.43806448e-05,  1.46975919e-05,
        1.50198451e-05,  1.53475207e-05,  1.56807369e-05,  1.60196141e-05,
        1.63642747e-05,  1.67148430e-05,  1.70714456e-05,  1.74342113e-05,
        1.78032709e-05,  1.81787578e-05,  1.85608076e-05,  1.89495580e-05,
        1.93451495e-05,  1.97477250e-05,  2.01574296e-05,  2.05744114e-05,
        2.09988208e-05,  2.14308111e-05,  2.18705383e-05,  2.23181611e-05,
        2.27738410e-05,  2.32377427e-05,  2.37100335e-05,  2.41908840e-05,
        2.46804678e-05,  2.51789616e-05,  2.56865454e-05,  2.62034024e-05,
        2.67297192e-05,  2.72656859e-05,  2.78114959e-05,  2.83673462e-05,
        2.89334376e-05,  2.95099744e-05,  3.00971647e-05,  3.06952206e-05,
        3.13043579e-05,  3.19247965e-05,  3.25567605e-05,  3.32004779e-05,
        3.38561812e-05,  3.45241071e-05,  3.52044968e-05,  3.58975957e-05,
        3.66036543e-05,  3.73229273e-05,  3.80556744e-05,  3.88021602e-05,
        3.95626542e-05,  4.03374309e-05,  4.11267700e-05,  4.19309565e-05,
        4.27502807e-05,  4.35850384e-05,  4.44355309e-05,  4.53020653e-05,
        4.61849545e-05,  4.70845171e-05,  4.80010779e-05,  4.89349679e-05,
        4.98865240e-05,  5.08560900e-05,  5.18440158e-05,  5.28506581e-05,
        5.38763802e-05,  5.49215525e-05,  5.59865523e-05,  5.70717641e-05,
        5.81775797e-05,  5.93043982e-05,  6.04526265e-05,  6.16226792e-05,
        6.28149785e-05,  6.40299550e-05,  6.52680472e-05,  6.65297022e-05,
        6.78153754e-05,  6.91255310e-05,  7.04606419e-05,  7.18211902e-05,
        7.32076670e-05,  7.46205729e-05,  7.60604179e-05,  7.75277219e-05,
        7.90230145e-05,  8.05468357e-05,  8.20997354e-05,  8.36822744e-05,
        8.52950239e-05,  8.69385662e-05,  8.86134947e-05,  9.03204139e-05,
        9.20599402e-05,  9.38327015e-05,  9.56393378e-05,  9.74805013e-05,
        9.93568567e-05,  1.01269081e-04,  1.03217866e-04,  1.05203914e-04,
        1.07227941e-04,  1.09290680e-04,  1.11392874e-04,  1.13535283e-04,
        1.15718680e-04,  1.17943853e-04,  1.20211605e-04,  1.22522756e-04,
        1.24878139e-04,  1.27278605e-04,  1.29725020e-04,  1.32218268e-04,
        1.34759249e-04,  1.37348880e-04,  1.39988096e-04,  1.42677850e-04,
        1.45419113e-04,  1.48212874e-04,  1.51060142e-04,  1.53961946e-04,
        1.56919331e-04,  1.59933367e-04,  1.63005142e-04,  1.66135763e-04,
        1.69326363e-04,  1.72578091e-04,  1.75892123e-04,  1.79269654e-04,
        1.82711905e-04,  1.86220117e-04,  1.89795558e-04,  1.93439517e-04,
        1.97153311e-04,  2.00938281e-04,  2.04795792e-04,  2.08727237e-04,
        2.12734036e-04,  2.16817636e-04,  2.20979510e-04,  2.25221160e-04,
        2.29544119e-04,  2.33949947e-04,  2.38440234e-04,  2.43016602e-04,
        2.47680702e-04,  2.52434219e-04,  2.57278868e-04,  2.62216399e-04,
        2.67248594e-04,  2.72377269e-04,  2.77604277e-04,  2.82931504e-04,
        2.88360874e-04,  2.93894346e-04,  2.99533919e-04,  3.05281628e-04,
        3.11139548e-04,  3.17109794e-04,  3.23194521e-04,  3.29395927e-04,
        3.35716249e-04,  3.42157770e-04,  3.48722815e-04,  3.55413754e-04,
        3.62233003e-04,  3.69183024e-04,  3.76266325e-04,  3.83485464e-04,
        3.90843047e-04,  3.98341730e-04,  4.05984220e-04,  4.13773277e-04,
        4.21711712e-04,  4.29802391e-04,  4.38048236e-04,  4.46452222e-04,
        4.55017385e-04,  4.63746815e-04,  4.72643665e-04,  4.81711147e-04,
        4.90952533e-04,  5.00371161e-04,  5.09970430e-04,  5.19753806e-04,
        5.29724821e-04,  5.39887074e-04,  5.50244235e-04,  5.60800043e-04,
        5.71558307e-04,  5.82522913e-04,  5.93697818e-04,  6.05087057e-04,
        6.16694742e-04,  6.28525062e-04,  6.40582290e-04,  6.52870777e-04,
        6.65394960e-04,  6.78159361e-04,  6.91168588e-04,  7.04427337e-04,
        7.17940395e-04,  7.31712640e-04,  7.45749044e-04,  7.60054675e-04,
        7.74634696e-04,  7.89494373e-04,  8.04639069e-04,  8.20074252e-04,
        8.35805493e-04,  8.51838473e-04,  8.68178980e-04,  8.84832912e-04,
        9.01806282e-04,  9.19105218e-04,  9.36735964e-04,  9.54704886e-04,
        9.73018471e-04,  9.91683330e-04,  1.01070620e-03,  1.03009395e-03,
        1.04985358e-03,  1.06999223e-03,  1.09051715e-03,  1.11143577e-03,
        1.13275564e-03,  1.15448445e-03,  1.17663004e-03,  1.19920041e-03,
        1.22220371e-03,  1.24564825e-03,  1.26954248e-03,  1.29389504e-03,
        1.31871471e-03,  1.34401046e-03,  1.36979142e-03,  1.39606689e-03,
        1.42284636e-03,  1.45013950e-03,  1.47795616e-03,  1.50630638e-03,
        1.53520041e-03,  1.56464866e-03,  1.59466177e-03,  1.62525058e-03,
        1.65642612e-03,  1.68819966e-03,  1.72058266e-03,  1.75358682e-03,
        1.78722404e-03,  1.82150648e-03,  1.85644650e-03,  1.89205672e-03,
        1.92835000e-03,  1.96533944e-03,  2.00303839e-03,  2.04146045e-03,
        2.08061951e-03,  2.12052969e-03,  2.16120540e-03,  2.20266133e-03,
        2.24491244e-03,  2.28797397e-03,  2.33186148e-03,  2.37659081e-03,
        2.42217809e-03,  2.46863979e-03,  2.51599267e-03,  2.56425382e-03,
        2.61344067e-03,  2.66357096e-03,  2.71466278e-03,  2.76673458e-03,
        2.81980514e-03,  2.87389360e-03,  2.92901950e-03,  2.98520271e-03,
        3.04246351e-03,  3.10082255e-03,  3.16030088e-03,  3.22091996e-03,
        3.28270165e-03,  3.34566823e-03,  3.40984239e-03,  3.47524729e-03,
        3.54190649e-03,  3.60984402e-03,  3.67908436e-03,  3.74965246e-03,
        3.82157374e-03,  3.89487411e-03,  3.96957995e-03,  4.04571816e-03,
        4.12331614e-03,  4.20240180e-03,  4.28300360e-03,  4.36515050e-03,
        4.44887203e-03,  4.53419826e-03,  4.62115984e-03,  4.70978797e-03,
        4.80011445e-03,  4.89217165e-03,  4.98599257e-03,  5.08161078e-03,
        5.17906050e-03,  5.27837657e-03,  5.37959445e-03,  5.48275028e-03,
        5.58788083e-03,  5.69502353e-03,  5.80421651e-03,  5.91549854e-03,
        6.02890913e-03,  6.14448846e-03,  6.26227740e-03,  6.38231757e-03,
        6.50465129e-03,  6.62932160e-03,  6.75637230e-03,  6.88584791e-03,
        7.01779370e-03,  7.15225568e-03,  7.28928064e-03,  7.42891610e-03,
        7.57121035e-03,  7.71621245e-03,  7.86397222e-03,  8.01454023e-03,
        8.16796782e-03,  8.32430709e-03,  8.48361089e-03,  8.64593282e-03,
        8.81132724e-03,  8.97984922e-03,  9.15155457e-03,  9.32649982e-03,
        9.50474218e-03,  9.68633957e-03,  9.87135057e-03,  1.00598344e-02,
        1.02518509e-02,  1.04474606e-02,  1.06467244e-02,  1.08497040e-02,
        1.10564614e-02,  1.12670593e-02,  1.14815606e-02,  1.17000287e-02,
        1.19225273e-02,  1.21491206e-02,  1.23798728e-02,  1.26148485e-02,
        1.28541122e-02,  1.30977286e-02,  1.33457624e-02,  1.35982782e-02,
        1.38553404e-02,  1.41170133e-02,  1.43833606e-02,  1.46544459e-02,
        1.49303321e-02,  1.52110815e-02,  1.54967556e-02,  1.57874151e-02,
        1.60831198e-02,  1.63839284e-02,  1.66898983e-02,  1.70010856e-02,
        1.73175449e-02,  1.76393291e-02,  1.79664894e-02,  1.82990751e-02,
        1.86371332e-02,  1.89807086e-02,  1.93298437e-02,  1.96845783e-02,
        2.00449495e-02,  2.04109912e-02,  2.07827345e-02,  2.11602067e-02,
        2.15434320e-02,  2.19324306e-02,  2.23272191e-02,  2.27278096e-02,
        2.31342101e-02,  2.35464243e-02,  2.39644508e-02,  2.43882837e-02,
        2.48179119e-02,  2.52533189e-02,  2.56944831e-02,  2.61413771e-02,
        2.65939677e-02,  2.70522158e-02,  2.75160763e-02,  2.79854978e-02,
        2.84604225e-02,  2.89407863e-02,  2.94265183e-02,  2.99175409e-02,
        3.04137699e-02,  3.09151141e-02,  3.14214753e-02,  3.19327487e-02,
        3.24488222e-02,  3.29695770e-02,  3.34948872e-02,  3.40246201e-02,
        3.45586362e-02,  3.50967893e-02,  3.56389264e-02,  3.61848884e-02,
        3.67345097e-02,  3.72876184e-02,  3.78440371e-02,  3.84035825e-02,
        3.89660660e-02,  3.95312939e-02,  4.00990679e-02,  4.06691852e-02,
        4.12414389e-02,  4.18156187e-02,  4.23915109e-02,  4.29688993e-02,
        4.35475653e-02,  4.41272887e-02,  4.47078480e-02,  4.52890210e-02,
        4.58705855e-02,  4.64523198e-02,  4.70340032e-02,  4.76154167e-02,
        4.81963437e-02,  4.87765704e-02,  4.93558868e-02,  4.99340868e-02,
        5.05109696e-02,  5.10863396e-02,  5.16600074e-02,  5.22317905e-02,
        5.28015137e-02,  5.33690099e-02,  5.39341207e-02,  5.44966966e-02,
        5.50565982e-02,  5.56136961e-02,  5.61678719e-02,  5.67190182e-02,
        5.72670395e-02,  5.78118522e-02,  5.83533852e-02,  5.88915800e-02,
        5.94263912e-02,  5.99577863e-02,  6.04857465e-02,  6.10102661e-02,
        6.15313529e-02,  6.20490279e-02,  6.25633257e-02,  6.30742936e-02,
        6.35819921e-02,  6.40864940e-02,  6.45878841e-02,  6.50862590e-02,
        6.55817264e-02,  6.60744040e-02,  6.65644197e-02,  6.70519097e-02,
        6.75370186e-02,  6.80198977e-02,  6.85007040e-02,  6.89795995e-02,
        6.94567493e-02,  6.99323208e-02,  7.04064819e-02,  7.08793996e-02,
        7.13512383e-02,  7.18221586e-02,  7.22923146e-02,  7.27618531e-02,
        7.32309111e-02,  7.36996138e-02,  7.41680730e-02,  7.46363847e-02,
        7.51046271e-02,  7.55728584e-02,  7.60411149e-02,  7.65094084e-02,
        7.69777246e-02,  7.74460204e-02,  7.79142220e-02,  7.83822230e-02,
        7.88498820e-02,  7.93170211e-02,  7.97834236e-02,  8.02488326e-02,
        8.07129491e-02,  8.11754308e-02,  8.16358905e-02,  8.20938955e-02,
        8.25489659e-02,  8.30005748e-02,  8.34481472e-02,  8.38910603e-02,
        8.43286435e-02,  8.47601786e-02,  8.51849012e-02,  8.56020010e-02,
        8.60106242e-02,  8.64098744e-02,  8.67988157e-02,  8.71764747e-02,
        8.75418436e-02,  8.78938840e-02,  8.82315300e-02,  8.85536927e-02,
        8.88592648e-02,  8.91471251e-02,  8.94161437e-02,  8.96651877e-02,
        8.98931267e-02,  9.00988385e-02,  9.02812158e-02,  9.04391717e-02,
        9.05716467e-02,  9.06776147e-02,  9.07560896e-02,  9.08061314e-02,
        9.08268528e-02,  9.08174247e-02,  9.07770824e-02,  9.07051309e-02,
        9.06009504e-02,  9.04640005e-02,  9.02938251e-02,  9.00900556e-02,
        8.98524150e-02,  8.95807196e-02,  8.92748820e-02,  8.89349122e-02,
        8.85609181e-02,  8.81531064e-02,  8.77117814e-02,  8.72373442e-02,
        8.67302908e-02,  8.61912098e-02,  8.56207792e-02,  8.50197626e-02,
        8.43890056e-02,  8.37294307e-02,  8.30420323e-02,  8.23278714e-02,
        8.15880696e-02,  8.08238030e-02,  8.00362961e-02,  7.92268151e-02,
        7.83966615e-02,  7.75471654e-02,  7.66796789e-02,  7.57955695e-02,
        7.48962140e-02,  7.39829919e-02,  7.30572798e-02,  7.21204453e-02,
        7.11738416e-02,  7.02188027e-02,  6.92566383e-02,  6.82886294e-02,
        6.73160244e-02,  6.63400357e-02,  6.53618361e-02,  6.43825561e-02,
        6.34032817e-02,  6.24250522e-02,  6.14488589e-02,  6.04756432e-02,
        5.95062966e-02,  5.85416594e-02,  5.75825210e-02,  5.66296198e-02,
        5.56836435e-02,  5.47452297e-02,  5.38149669e-02,  5.28933957e-02,
        5.19810094e-02,  5.10782560e-02,  5.01855396e-02,  4.93032219e-02,
        4.84316238e-02,  4.75710277e-02,  4.67216788e-02,  4.58837873e-02,
        4.50575302e-02,  4.42430532e-02,  4.34404728e-02,  4.26498777e-02,
        4.18713313e-02,  4.11048729e-02,  4.03505199e-02,  3.96082692e-02,
        3.88780989e-02,  3.81599702e-02,  3.74538283e-02,  3.67596045e-02,
        3.60772170e-02,  3.54065726e-02,  3.47475676e-02,  3.41000892e-02,
        3.34640163e-02,  3.28392208e-02,  3.22255683e-02,  3.16229191e-02,
        3.10311287e-02,  3.04500491e-02,  2.98795288e-02,  2.93194140e-02,
        2.87695488e-02,  2.82297758e-02,  2.76999366e-02,  2.71798722e-02,
        2.66694234e-02,  2.61684311e-02,  2.56767366e-02,  2.51941819e-02,
        2.47206099e-02,  2.42558647e-02,  2.37997916e-02,  2.33522374e-02,
        2.29130506e-02,  2.24820814e-02,  2.20591818e-02,  2.16442056e-02,
        2.12370089e-02,  2.08374495e-02,  2.04453874e-02,  2.00606848e-02,
        1.96832061e-02,  1.93128176e-02,  1.89493879e-02,  1.85927880e-02,
        1.82428907e-02,  1.78995713e-02,  1.75627070e-02,  1.72321774e-02,
        1.69078639e-02,  1.65896502e-02,  1.62774223e-02,  1.59710678e-02,
        1.56704767e-02,  1.53755408e-02,  1.50861541e-02,  1.48022122e-02,
        1.45236130e-02,  1.42502560e-02,  1.39820428e-02,  1.37188766e-02,
        1.34606626e-02,  1.32073076e-02,  1.29587202e-02,  1.27148109e-02,
        1.24754915e-02,  1.22406757e-02,  1.20102789e-02,  1.17842177e-02,
        1.15624108e-02,  1.13447779e-02,  1.11312406e-02,  1.09217218e-02,
        1.07161458e-02,  1.05144385e-02,  1.03165270e-02,  1.01223399e-02,
        9.93180710e-03,  9.74485981e-03,  9.56143054e-03,  9.38145308e-03,
        9.20486245e-03,  9.03159491e-03,  8.86158791e-03,  8.69478006e-03,
        8.53111116e-03,  8.37052211e-03,  8.21295494e-03,  8.05835278e-03,
        7.90665979e-03,  7.75782123e-03,  7.61178335e-03,  7.46849345e-03,
        7.32789978e-03,  7.18995159e-03,  7.05459908e-03,  6.92179338e-03,
        6.79148656e-03,  6.66363157e-03,  6.53818224e-03,  6.41509330e-03,
        6.29432030e-03,  6.17581965e-03,  6.05954856e-03,  5.94546505e-03,
        5.83352795e-03,  5.72369684e-03,  5.61593207e-03,  5.51019474e-03,
        5.40644667e-03,  5.30465040e-03,  5.20476920e-03,  5.10676699e-03,
        5.01060841e-03,  4.91625873e-03,  4.82368389e-03,  4.73285047e-03,
        4.64372569e-03,  4.55627736e-03,  4.47047391e-03,  4.38628437e-03,
        4.30367835e-03,  4.22262601e-03,  4.14309811e-03,  4.06506593e-03,
        3.98850130e-03,  3.91337658e-03,  3.83966465e-03,  3.76733889e-03,
        3.69637320e-03,  3.62674195e-03,  3.55842001e-03,  3.49138272e-03,
        3.42560587e-03,  3.36106571e-03,  3.29773895e-03,  3.23560272e-03,
        3.17463459e-03,  3.11481255e-03,  3.05611500e-03,  2.99852076e-03,
        2.94200903e-03,  2.88655941e-03,  2.83215188e-03,  2.77876680e-03,
        2.72638490e-03,  2.67498726e-03,  2.62455533e-03,  2.57507091e-03,
        2.52651613e-03,  2.47887345e-03,  2.43212569e-03,  2.38625596e-03,
        2.34124770e-03,  2.29708467e-03,  2.25375092e-03,  2.21123081e-03,
        2.16950899e-03,  2.12857039e-03,  2.08840024e-03,  2.04898403e-03,
        2.01030754e-03,  1.97235680e-03,  1.93511810e-03,  1.89857802e-03,
        1.86272335e-03,  1.82754115e-03,  1.79301872e-03,  1.75914359e-03,
        1.72590355e-03,  1.69328658e-03,  1.66128091e-03,  1.62987499e-03,
        1.59905748e-03,  1.56881725e-03,  1.53914339e-03,  1.51002519e-03,
        1.48145212e-03,  1.45341388e-03,  1.42590035e-03,  1.39890158e-03,
        1.37240785e-03,  1.34640957e-03,  1.32089736e-03,  1.29586202e-03,
        1.27129451e-03,  1.24718595e-03,  1.22352764e-03,  1.20031105e-03,
        1.17752778e-03,  1.15516962e-03,  1.13322850e-03,  1.11169649e-03,
        1.09056581e-03,  1.06982885e-03,  1.04947811e-03,  1.02950625e-03,
        1.00990605e-03,  9.90670450e-04,  9.71792494e-04,  9.53265369e-04,
        9.35082387e-04,  9.17236984e-04,  8.99722718e-04,  8.82533265e-04,
        8.65662419e-04,  8.49104091e-04,  8.32852302e-04,  8.16901185e-04,
        8.01244981e-04,  7.85878039e-04,  7.70794811e-04,  7.55989852e-04,
        7.41457816e-04,  7.27193457e-04,  7.13191626e-04,  6.99447268e-04,
        6.85955421e-04,  6.72711214e-04,  6.59709866e-04,  6.46946683e-04,
        6.34417058e-04,  6.22116466e-04,  6.10040468e-04,  5.98184704e-04,
        5.86544893e-04,  5.75116834e-04,  5.63896401e-04,  5.52879542e-04,
        5.42062282e-04,  5.31440714e-04,  5.21011004e-04,  5.10769387e-04,
        5.00712165e-04,  4.90835708e-04,  4.81136450e-04,  4.71610890e-04,
        4.62255588e-04,  4.53067167e-04,  4.44042310e-04,  4.35177760e-04,
        4.26470315e-04,  4.17916832e-04,  4.09514223e-04,  4.01259455e-04,
        3.93149548e-04,  3.85181573e-04,  3.77352655e-04,  3.69659967e-04,
        3.62100732e-04,  3.54672221e-04,  3.47371751e-04,  3.40196688e-04,
        3.33144441e-04,  3.26212464e-04,  3.19398255e-04,  3.12699353e-04,
        3.06113340e-04,  2.99637839e-04,  2.93270512e-04,  2.87009060e-04,
        2.80851222e-04,  2.74794776e-04,  2.68837535e-04,  2.62977348e-04,
        2.57212100e-04,  2.51539709e-04,  2.45958128e-04,  2.40465342e-04,
        2.35059367e-04,  2.29738252e-04,  2.24500076e-04,  2.19342948e-04,
        2.14265006e-04,  2.09264417e-04,  2.04339376e-04,  1.99488104e-04,
        1.94708850e-04,  1.89999889e-04,  1.85359521e-04,  1.80786071e-04,
        1.76277887e-04,  1.71833342e-04,  1.67450831e-04,  1.63128772e-04,
        1.58865606e-04,  1.54659792e-04,  1.50509813e-04,  1.46414170e-04,
        1.42371385e-04,  1.38379998e-04,  1.34438569e-04,  1.30545674e-04,
        1.26699907e-04,  1.22899881e-04,  1.19144224e-04,  1.15431580e-04,
        1.11760608e-04,  1.08129984e-04,  1.04538396e-04,  1.00984548e-04,
        9.74671568e-05,  9.39849529e-05,  9.05366789e-05,  8.71210900e-05,
        8.37369532e-05,  8.03830466e-05,  7.70581595e-05,  7.37610916e-05,
        7.04906525e-05,  6.72456616e-05,  6.40249474e-05,  6.08273472e-05,
        5.76517066e-05,  5.44968790e-05,  5.13617257e-05,  4.82451147e-05,
        4.51459210e-05,  4.20630255e-05,  3.89953155e-05,  3.59416834e-05,
        3.29010267e-05,  2.98722478e-05,  2.68542533e-05,  2.38459535e-05,
        2.08462625e-05,  1.78540973e-05,  1.48683777e-05,  1.18880258e-05,
        8.91196560e-06,  5.93912280e-06,  2.96842411e-06, -1.20292769e-09])], 1: [array([ 0.00000000e+00,  4.20587023e-05,  8.41192872e-05,  1.26183637e-04,
        1.68253635e-04,  2.10331163e-04,  2.52418106e-04,  2.94516347e-04,
        3.36627770e-04,  3.78754260e-04,  4.20897703e-04,  4.63059985e-04,
        5.05242992e-04,  5.47448614e-04,  5.89678739e-04,  6.31935258e-04,
        6.74220061e-04,  7.16535042e-04,  7.58882093e-04,  8.01263112e-04,
        8.43679994e-04,  8.86134639e-04,  9.28628946e-04,  9.71164817e-04,
        1.01374416e-03,  1.05636887e-03,  1.09904087e-03,  1.14176205e-03,
        1.18453435e-03,  1.22735966e-03,  1.27023990e-03,  1.31317700e-03,
        1.35617288e-03,  1.39922945e-03,  1.44234866e-03,  1.48553242e-03,
        1.52878268e-03,  1.57210136e-03,  1.61549040e-03,  1.65895176e-03,
        1.70248736e-03,  1.74609917e-03,  1.78978913e-03,  1.83355920e-03,
        1.87741134e-03,  1.92134751e-03,  1.96536968e-03,  2.00947982e-03,
        2.05367989e-03,  2.09797189e-03,  2.14235779e-03,  2.18683958e-03,
        2.23141925e-03,  2.27609880e-03,  2.32088022e-03,  2.36576552e-03,
        2.41075672e-03,  2.45585581e-03,  2.50106483e-03,  2.54638579e-03,
        2.59182072e-03,  2.63737166e-03,  2.68304065e-03,  2.72882973e-03,
        2.77474095e-03,  2.82077636e-03,  2.86693802e-03,  2.91322801e-03,
        2.95964839e-03,  3.00620124e-03,  3.05288865e-03,  3.09971270e-03,
        3.14667549e-03,  3.19377912e-03,  3.24102570e-03,  3.28841734e-03,
        3.33595618e-03,  3.38364432e-03,  3.43148392e-03,  3.47947710e-03,
        3.52762602e-03,  3.57593283e-03,  3.62439970e-03,  3.67302880e-03,
        3.72182229e-03,  3.77078237e-03,  3.81991122e-03,  3.86921105e-03,
        3.91868406e-03,  3.96833247e-03,  4.01815850e-03,  4.06816437e-03,
        4.11835233e-03,  4.16872463e-03,  4.21928351e-03,  4.27003124e-03,
        4.32097009e-03,  4.37210235e-03,  4.42343030e-03,  4.47495623e-03,
        4.52668246e-03,  4.57861130e-03,  4.63074507e-03,  4.68308611e-03,
        4.73563676e-03,  4.78839937e-03,  4.84137630e-03,  4.89456993e-03,
        4.94798264e-03,  5.00161681e-03,  5.05547485e-03,  5.10955916e-03,
        5.16387218e-03,  5.21841632e-03,  5.27319404e-03,  5.32820777e-03,
        5.38345999e-03,  5.43895317e-03,  5.49468980e-03,  5.55067235e-03,
        5.60690335e-03,  5.66338531e-03,  5.72012076e-03,  5.77711223e-03,
        5.83436228e-03,  5.89187347e-03,  5.94964837e-03,  6.00768957e-03,
        6.06599967e-03,  6.12458128e-03,  6.18343702e-03,  6.24256952e-03,
        6.30198143e-03,  6.36167542e-03,  6.42165414e-03,  6.48192029e-03,
        6.54247657e-03,  6.60332567e-03,  6.66447034e-03,  6.72591330e-03,
        6.78765731e-03,  6.84970512e-03,  6.91205952e-03,  6.97472329e-03,
        7.03769925e-03,  7.10099021e-03,  7.16459900e-03,  7.22852846e-03,
        7.29278147e-03,  7.35736090e-03,  7.42226963e-03,  7.48751058e-03,
        7.55308666e-03,  7.61900081e-03,  7.68525598e-03,  7.75185513e-03,
        7.81880124e-03,  7.88609732e-03,  7.95374637e-03,  8.02175142e-03,
        8.09011551e-03,  8.15884171e-03,  8.22793309e-03,  8.29739275e-03,
        8.36722378e-03,  8.43742933e-03,  8.50801252e-03,  8.57897653e-03,
        8.65032452e-03,  8.72205968e-03,  8.79418524e-03,  8.86670442e-03,
        8.93962046e-03,  9.01293663e-03,  9.08665621e-03,  9.16078250e-03,
        9.23531881e-03,  9.31026849e-03,  9.38563488e-03,  9.46142137e-03,
        9.53763134e-03,  9.61426820e-03,  9.69133539e-03,  9.76883635e-03,
        9.84677455e-03,  9.92515349e-03,  1.00039767e-02,  1.00832476e-02,
        1.01629699e-02,  1.02431470e-02,  1.03237826e-02,  1.04048803e-02,
        1.04864437e-02,  1.05684765e-02,  1.06509823e-02,  1.07339648e-02,
        1.08174278e-02,  1.09013749e-02,  1.09858100e-02,  1.10707368e-02,
        1.11561591e-02,  1.12420807e-02,  1.13285055e-02,  1.14154374e-02,
        1.15028802e-02,  1.15908379e-02,  1.16793144e-02,  1.17683136e-02,
        1.18578396e-02,  1.19478963e-02,  1.20384878e-02,  1.21296181e-02,
        1.22212913e-02,  1.23135115e-02,  1.24062829e-02,  1.24996095e-02,
        1.25934957e-02,  1.26879455e-02,  1.27829632e-02,  1.28785530e-02,
        1.29747193e-02,  1.30714663e-02,  1.31687984e-02,  1.32667199e-02,
        1.33652352e-02,  1.34643487e-02,  1.35640649e-02,  1.36643882e-02,
        1.37653231e-02,  1.38668741e-02,  1.39690458e-02,  1.40718427e-02,
        1.41752694e-02,  1.42793306e-02,  1.43840310e-02,  1.44893752e-02,
        1.45953678e-02,  1.47020138e-02,  1.48093178e-02,  1.49172847e-02,
        1.50259192e-02,  1.51352263e-02,  1.52452108e-02,  1.53558777e-02,
        1.54672319e-02,  1.55792784e-02,  1.56920222e-02,  1.58054684e-02,
        1.59196220e-02,  1.60344881e-02,  1.61500719e-02,  1.62663786e-02,
        1.63834134e-02,  1.65011814e-02,  1.66196881e-02,  1.67389386e-02,
        1.68589383e-02,  1.69796926e-02,  1.71012069e-02,  1.72234867e-02,
        1.73465373e-02,  1.74703644e-02,  1.75949734e-02,  1.77203699e-02,
        1.78465596e-02,  1.79735481e-02,  1.81013411e-02,  1.82299442e-02,
        1.83593633e-02,  1.84896042e-02,  1.86206726e-02,  1.87525745e-02,
        1.88853157e-02,  1.90189022e-02,  1.91533400e-02,  1.92886350e-02,
        1.94247934e-02,  1.95618212e-02,  1.96997246e-02,  1.98385097e-02,
        1.99781828e-02,  2.01187501e-02,  2.02602178e-02,  2.04025924e-02,
        2.05458802e-02,  2.06900876e-02,  2.08352211e-02,  2.09812871e-02,
        2.11282922e-02,  2.12762431e-02,  2.14251462e-02,  2.15750082e-02,
        2.17258360e-02,  2.18776362e-02,  2.20304156e-02,  2.21841810e-02,
        2.23389394e-02,  2.24946976e-02,  2.26514627e-02,  2.28092417e-02,
        2.29680415e-02,  2.31278694e-02,  2.32887324e-02,  2.34506379e-02,
        2.36135929e-02,  2.37776049e-02,  2.39426811e-02,  2.41088289e-02,
        2.42760559e-02,  2.44443693e-02,  2.46137769e-02,  2.47842862e-02,
        2.49559047e-02,  2.51286403e-02,  2.53025005e-02,  2.54774933e-02,
        2.56536263e-02,  2.58309076e-02,  2.60093450e-02,  2.61889465e-02,
        2.63697201e-02,  2.65516740e-02,  2.67348163e-02,  2.69191551e-02,
        2.71046987e-02,  2.72914554e-02,  2.74794336e-02,  2.76686416e-02,
        2.78590879e-02,  2.80507810e-02,  2.82437295e-02,  2.84379420e-02,
        2.86334271e-02,  2.88301937e-02,  2.90282503e-02,  2.92276060e-02,
        2.94282696e-02,  2.96302500e-02,  2.98335562e-02,  3.00381974e-02,
        3.02441824e-02,  3.04515207e-02,  3.06602212e-02,  3.08702934e-02,
        3.10817465e-02,  3.12945900e-02,  3.15088331e-02,  3.17244854e-02,
        3.19415564e-02,  3.21600558e-02,  3.23799930e-02,  3.26013777e-02,
        3.28242197e-02,  3.30485287e-02,  3.32743146e-02,  3.35015870e-02,
        3.37303559e-02,  3.39606313e-02,  3.41924229e-02,  3.44257409e-02,
        3.46605951e-02,  3.48969956e-02,  3.51349523e-02,  3.53744754e-02,
        3.56155749e-02,  3.58582607e-02,  3.61025430e-02,  3.63484318e-02,
        3.65959370e-02,  3.68450686e-02,  3.70958367e-02,  3.73482511e-02,
        3.76023215e-02,  3.78580579e-02,  3.81154700e-02,  3.83745672e-02,
        3.86353592e-02,  3.88978553e-02,  3.91620648e-02,  3.94279968e-02,
        3.96956602e-02,  3.99650637e-02,  4.02362159e-02,  4.05091251e-02,
        4.07837992e-02,  4.10602461e-02,  4.13384731e-02,  4.16184874e-02,
        4.19002956e-02,  4.21839040e-02,  4.24693184e-02,  4.27565442e-02,
        4.30455862e-02,  4.33364486e-02,  4.36291349e-02,  4.39236482e-02,
        4.42199906e-02,  4.45181635e-02,  4.48181674e-02,  4.51200020e-02,
        4.54236659e-02,  4.57291568e-02,  4.60364711e-02,  4.63456041e-02,
        4.66565498e-02,  4.69693008e-02,  4.72838483e-02,  4.76001817e-02,
        4.79182890e-02,  4.82381564e-02,  4.85597681e-02,  4.88831063e-02,
        4.92081512e-02,  4.95348806e-02,  4.98632701e-02,  5.01932927e-02,
        5.05249187e-02,  5.08581155e-02,  5.11928479e-02,  5.15290773e-02,
        5.18667618e-02,  5.22058562e-02,  5.25463116e-02,  5.28880755e-02,
        5.32310910e-02,  5.35752975e-02,  5.39206297e-02,  5.42670180e-02,
        5.46143878e-02,  5.49626598e-02,  5.53117493e-02,  5.56615664e-02,
        5.60120154e-02,  5.63629951e-02,  5.67143981e-02,  5.70661107e-02,
        5.74180129e-02,  5.77699778e-02,  5.81218719e-02,  5.84735544e-02,
        5.88248773e-02,  5.91756848e-02,  5.95258138e-02,  5.98750929e-02,
        6.02233427e-02,  6.05703755e-02,  6.09159950e-02,  6.12599965e-02,
        6.16021661e-02,  6.19422811e-02,  6.22801099e-02,  6.26154112e-02,
        6.29479348e-02,  6.32774208e-02,  6.36035999e-02,  6.39261933e-02,
        6.42449124e-02,  6.45594593e-02,  6.48695262e-02,  6.51747961e-02,
        6.54749423e-02,  6.57696288e-02,  6.60585102e-02,  6.63412321e-02,
        6.66174313e-02,  6.68867357e-02,  6.71487647e-02,  6.74031296e-02,
        6.76494339e-02,  6.78872734e-02,  6.81162370e-02,  6.83359066e-02,
        6.85458583e-02,  6.87456619e-02,  6.89348824e-02,  6.91130801e-02,
        6.92798113e-02,  6.94346287e-02,  6.95770825e-02,  6.97067211e-02,
        6.98230914e-02,  6.99257400e-02,  7.00142140e-02,  7.00880615e-02,
        7.01468329e-02,  7.01900816e-02,  7.02173649e-02,  7.02282451e-02,
        7.02222901e-02,  7.01990750e-02,  7.01581823e-02,  7.00992036e-02,
        7.00217403e-02,  6.99254045e-02,  6.98098202e-02,  6.96746242e-02,
        6.95194671e-02,  6.93440142e-02,  6.91479466e-02,  6.89309620e-02,
        6.86927757e-02,  6.84331213e-02,  6.81517517e-02,  6.78484399e-02,
        6.75229795e-02,  6.71751856e-02,  6.68048955e-02,  6.64119691e-02,
        6.59962897e-02,  6.55577639e-02,  6.50963228e-02,  6.46119216e-02,
        6.41045403e-02,  6.35741838e-02,  6.30208817e-02,  6.24446889e-02,
        6.18456849e-02,  6.12239741e-02,  6.05796856e-02,  5.99129727e-02,
        5.92240124e-02,  5.85130053e-02,  5.77801751e-02,  5.70257676e-02,
        5.62500501e-02,  5.54533110e-02,  5.46358588e-02,  5.37980208e-02,
        5.29401429e-02,  5.20625879e-02,  5.11657350e-02,  5.02499783e-02,
        4.93157258e-02,  4.83633982e-02,  4.73934277e-02,  4.64062569e-02,
        4.54023372e-02,  4.43821279e-02,  4.33460949e-02,  4.22947091e-02,
        4.12284457e-02,  4.01477826e-02,  3.90531994e-02,  3.79451762e-02,
        3.68241925e-02,  3.56907262e-02,  3.45452529e-02,  3.33882445e-02,
        3.22201687e-02,  3.10414884e-02,  2.98526609e-02,  2.86541375e-02,
        2.74463628e-02,  2.62297751e-02,  2.50048055e-02,  2.37718785e-02,
        2.25314117e-02,  2.12838161e-02,  2.00294969e-02,  1.87688533e-02,
        1.75022799e-02,  1.62301672e-02,  1.49529025e-02,  1.36708710e-02,
        1.23844570e-02,  1.10940455e-02,  9.80002335e-03,  8.50278077e-03,
        7.20271323e-03,  5.90022304e-03,  4.59572111e-03,  3.28962886e-03,
        1.98238003e-03,  6.74422594e-04, -6.33779397e-04, -1.94174396e-03,
       -3.24896939e-03, -4.55493257e-03, -5.85908732e-03, -7.16086297e-03,
       -8.45966296e-03, -9.75486374e-03, -1.10458138e-02, -1.23318328e-02,
       -1.36122113e-02, -1.48862104e-02, -1.61530617e-02, -1.74119681e-02,
       -1.86621038e-02, -1.99026159e-02, -2.11326254e-02, -2.23512291e-02,
       -2.35575015e-02, -2.47504974e-02, -2.59292543e-02, -2.70927957e-02,
       -2.82401344e-02, -2.93702761e-02, -3.04822235e-02, -3.15749803e-02,
       -3.26475554e-02, -3.36989680e-02, -3.47282518e-02, -3.57344601e-02,
       -3.67166702e-02, -3.76739888e-02, -3.86055565e-02, -3.95105525e-02,
       -4.03881991e-02, -4.12377665e-02, -4.20585764e-02, -4.28500064e-02,
       -4.36114933e-02, -4.43425362e-02, -4.50426999e-02, -4.57116166e-02,
       -4.63489886e-02, -4.69545893e-02, -4.75282646e-02, -4.80699333e-02,
       -4.85795874e-02, -4.90572916e-02, -4.95031824e-02, -4.99174670e-02,
       -5.03004216e-02, -5.06523888e-02, -5.09737756e-02, -5.12650503e-02,
       -5.15267390e-02, -5.17594227e-02, -5.19637329e-02, -5.21403480e-02,
       -5.22899891e-02, -5.24134156e-02, -5.25114210e-02, -5.25848283e-02,
       -5.26344860e-02, -5.26612631e-02, -5.26660452e-02, -5.26497303e-02,
       -5.26132243e-02, -5.25574376e-02, -5.24832807e-02, -5.23916612e-02,
       -5.22834800e-02, -5.21596283e-02, -5.20209848e-02, -5.18684128e-02,
       -5.17027581e-02, -5.15248463e-02, -5.13354816e-02, -5.11354444e-02,
       -5.09254905e-02, -5.07063494e-02, -5.04787239e-02, -5.02432886e-02,
       -5.00006901e-02, -4.97515461e-02, -4.94964458e-02, -4.92359493e-02,
       -4.89705881e-02, -4.87008653e-02, -4.84272561e-02, -4.81502083e-02,
       -4.78701429e-02, -4.75874548e-02, -4.73025135e-02, -4.70156644e-02,
       -4.67272290e-02, -4.64375066e-02, -4.61467745e-02, -4.58552896e-02,
       -4.55632891e-02, -4.52709916e-02, -4.49785979e-02, -4.46862925e-02,
       -4.43942438e-02, -4.41026059e-02, -4.38115186e-02, -4.35211093e-02,
       -4.32314931e-02, -4.29427740e-02, -4.26550456e-02, -4.23683918e-02,
       -4.20828876e-02, -4.17986000e-02, -4.15155884e-02, -4.12339050e-02,
       -4.09535959e-02, -4.06747015e-02, -4.03972566e-02, -4.01212914e-02,
       -3.98468317e-02, -3.95738991e-02, -3.93025120e-02, -3.90326853e-02,
       -3.87644310e-02, -3.84977585e-02, -3.82326748e-02, -3.79691850e-02,
       -3.77072920e-02, -3.74469973e-02, -3.71883008e-02, -3.69312010e-02,
       -3.66756954e-02, -3.64217804e-02, -3.61694514e-02, -3.59187031e-02,
       -3.56695295e-02, -3.54219241e-02, -3.51758797e-02, -3.49313887e-02,
       -3.46884431e-02, -3.44470348e-02, -3.42071550e-02, -3.39687950e-02,
       -3.37319458e-02, -3.34965982e-02, -3.32627429e-02, -3.30303704e-02,
       -3.27994713e-02, -3.25700361e-02, -3.23420550e-02, -3.21155185e-02,
       -3.18904169e-02, -3.16667405e-02, -3.14444796e-02, -3.12236247e-02,
       -3.10041660e-02, -3.07860939e-02, -3.05693989e-02, -3.03540714e-02,
       -3.01401019e-02, -2.99274810e-02, -2.97161991e-02, -2.95062469e-02,
       -2.92976151e-02, -2.90902943e-02, -2.88842754e-02, -2.86795492e-02,
       -2.84761065e-02, -2.82739383e-02, -2.80730354e-02, -2.78733890e-02,
       -2.76749901e-02, -2.74778299e-02, -2.72818995e-02, -2.70871902e-02,
       -2.68936932e-02, -2.67014000e-02, -2.65103018e-02, -2.63203903e-02,
       -2.61316567e-02, -2.59440928e-02, -2.57576901e-02, -2.55724403e-02,
       -2.53883351e-02, -2.52053662e-02, -2.50235255e-02, -2.48428048e-02,
       -2.46631961e-02, -2.44846912e-02, -2.43072823e-02, -2.41309613e-02,
       -2.39557204e-02, -2.37815517e-02, -2.36084475e-02, -2.34363999e-02,
       -2.32654014e-02, -2.30954441e-02, -2.29265206e-02, -2.27586233e-02,
       -2.25917446e-02, -2.24258771e-02, -2.22610134e-02, -2.20971460e-02,
       -2.19342677e-02, -2.17723711e-02, -2.16114490e-02, -2.14514943e-02,
       -2.12924997e-02, -2.11344581e-02, -2.09773625e-02, -2.08212058e-02,
       -2.06659810e-02, -2.05116812e-02, -2.03582995e-02, -2.02058290e-02,
       -2.00542629e-02, -1.99035944e-02, -1.97538168e-02, -1.96049234e-02,
       -1.94569074e-02, -1.93097623e-02, -1.91634815e-02, -1.90180584e-02,
       -1.88734866e-02, -1.87297595e-02, -1.85868707e-02, -1.84448139e-02,
       -1.83035826e-02, -1.81631706e-02, -1.80235715e-02, -1.78847792e-02,
       -1.77467873e-02, -1.76095898e-02, -1.74731805e-02, -1.73375533e-02,
       -1.72027020e-02, -1.70686208e-02, -1.69353035e-02, -1.68027442e-02,
       -1.66709370e-02, -1.65398760e-02, -1.64095552e-02, -1.62799690e-02,
       -1.61511114e-02, -1.60229767e-02, -1.58955592e-02, -1.57688532e-02,
       -1.56428530e-02, -1.55175529e-02, -1.53929473e-02, -1.52690308e-02,
       -1.51457976e-02, -1.50232424e-02, -1.49013596e-02, -1.47801438e-02,
       -1.46595895e-02, -1.45396914e-02, -1.44204440e-02, -1.43018421e-02,
       -1.41838803e-02, -1.40665534e-02, -1.39498561e-02, -1.38337831e-02,
       -1.37183294e-02, -1.36034896e-02, -1.34892588e-02, -1.33756317e-02,
       -1.32626032e-02, -1.31501684e-02, -1.30383222e-02, -1.29270596e-02,
       -1.28163756e-02, -1.27062652e-02, -1.25967235e-02, -1.24877457e-02,
       -1.23793268e-02, -1.22714620e-02, -1.21641464e-02, -1.20573753e-02,
       -1.19511438e-02, -1.18454473e-02, -1.17402810e-02, -1.16356402e-02,
       -1.15315201e-02, -1.14279162e-02, -1.13248238e-02, -1.12222383e-02,
       -1.11201551e-02, -1.10185696e-02, -1.09174772e-02, -1.08168736e-02,
       -1.07167541e-02, -1.06171142e-02, -1.05179496e-02, -1.04192557e-02,
       -1.03210282e-02, -1.02232627e-02, -1.01259547e-02, -1.00291000e-02,
       -9.93269413e-03, -9.83673286e-03, -9.74121187e-03, -9.64612689e-03,
       -9.55147366e-03, -9.45724794e-03, -9.36344552e-03, -9.27006219e-03,
       -9.17709379e-03, -9.08453614e-03, -8.99238510e-03, -8.90063656e-03,
       -8.80928639e-03, -8.71833053e-03, -8.62776488e-03, -8.53758540e-03,
       -8.44778806e-03, -8.35836883e-03, -8.26932372e-03, -8.18064872e-03,
       -8.09233989e-03, -8.00439326e-03, -7.91680490e-03, -7.82957088e-03,
       -7.74268731e-03, -7.65615030e-03, -7.56995596e-03, -7.48410045e-03,
       -7.39857991e-03, -7.31339053e-03, -7.22852849e-03, -7.14398999e-03,
       -7.05977125e-03, -6.97586850e-03, -6.89227798e-03, -6.80899594e-03,
       -6.72601868e-03, -6.64334246e-03, -6.56096359e-03, -6.47887838e-03,
       -6.39708316e-03, -6.31557427e-03, -6.23434805e-03, -6.15340088e-03,
       -6.07272912e-03, -5.99232918e-03, -5.91219745e-03, -5.83233034e-03,
       -5.75272427e-03, -5.67337570e-03, -5.59428106e-03, -5.51543681e-03,
       -5.43683942e-03, -5.35848539e-03, -5.28037119e-03, -5.20249334e-03,
       -5.12484835e-03, -5.04743273e-03, -4.97024304e-03, -4.89327581e-03,
       -4.81652760e-03, -4.73999497e-03, -4.66367449e-03, -4.58756276e-03,
       -4.51165636e-03, -4.43595190e-03, -4.36044599e-03, -4.28513524e-03,
       -4.21001630e-03, -4.13508579e-03, -4.06034036e-03, -3.98577667e-03,
       -3.91139137e-03, -3.83718115e-03, -3.76314267e-03, -3.68927263e-03,
       -3.61556772e-03, -3.54202464e-03, -3.46864009e-03, -3.39541080e-03,
       -3.32233348e-03, -3.24940486e-03, -3.17662169e-03, -3.10398069e-03,
       -3.03147863e-03, -2.95911225e-03, -2.88687832e-03, -2.81477361e-03,
       -2.74279488e-03, -2.67093891e-03, -2.59920249e-03, -2.52758241e-03,
       -2.45607546e-03, -2.38467845e-03, -2.31338817e-03, -2.24220143e-03,
       -2.17111505e-03, -2.10012585e-03, -2.02923065e-03, -1.95842627e-03,
       -1.88770956e-03, -1.81707733e-03, -1.74652643e-03, -1.67605371e-03,
       -1.60565600e-03, -1.53533017e-03, -1.46507305e-03, -1.39488150e-03,
       -1.32475240e-03, -1.25468258e-03, -1.18466892e-03, -1.11470829e-03,
       -1.04479755e-03, -9.74933576e-04, -9.05113238e-04, -8.35333412e-04,
       -7.65590974e-04, -6.95882803e-04, -6.26205779e-04, -5.56556784e-04,
       -4.86932699e-04, -4.17330409e-04, -3.47746799e-04, -2.78178753e-04,
       -2.08623158e-04, -1.39076901e-04, -6.95368683e-05,  5.16477773e-11])], 2: []}
KEDs = {0: [array([ 0.00000000e+00,  1.74409275e-17,  5.23479704e-17,  1.04771541e-16,
        1.74787349e-16,  2.62496511e-16,  3.68025696e-16,  4.91527307e-16,
        6.33179704e-16,  7.93187461e-16,  9.71781658e-16,  1.16922022e-15,
        1.38578829e-15,  1.62179862e-15,  1.87759207e-15,  2.15353805e-15,
        2.45003507e-15,  2.76751134e-15,  3.10642535e-15,  3.46726655e-15,
        3.85055608e-15,  4.25684747e-15,  4.68672748e-15,  5.14081695e-15,
        5.61977166e-15,  6.12428332e-15,  6.65508053e-15,  7.21292988e-15,
        7.79863700e-15,  8.41304776e-15,  9.05704949e-15,  9.73157225e-15,
        1.04375902e-14,  1.11761229e-14,  1.19482370e-14,  1.27550476e-14,
        1.35977197e-14,  1.44774706e-14,  1.53955705e-14,  1.63533456e-14,
        1.73521789e-14,  1.83935129e-14,  1.94788517e-14,  2.06097625e-14,
        2.17878787e-14,  2.30149016e-14,  2.42926034e-14,  2.56228292e-14,
        2.70075002e-14,  2.84486161e-14,  2.99482582e-14,  3.15085921e-14,
        3.31318714e-14,  3.48204404e-14,  3.65767376e-14,  3.84032995e-14,
        4.03027640e-14,  4.22778743e-14,  4.43314828e-14,  4.64665553e-14,
        4.86861753e-14,  5.09935484e-14,  5.33920067e-14,  5.58850142e-14,
        5.84761713e-14,  6.11692199e-14,  6.39680495e-14,  6.68767020e-14,
        6.98993782e-14,  7.30404433e-14,  7.63044336e-14,  7.96960630e-14,
        8.32202295e-14,  8.68820229e-14,  9.06867313e-14,  9.46398496e-14,
        9.87470867e-14,  1.03014374e-13,  1.07447875e-13,  1.12053992e-13,
        1.16839378e-13,  1.21810942e-13,  1.26975866e-13,  1.32341607e-13,
        1.37915917e-13,  1.43706844e-13,  1.49722752e-13,  1.55972328e-13,
        1.62464600e-13,  1.69208942e-13,  1.76215096e-13,  1.83493178e-13,
        1.91053700e-13,  1.98907581e-13,  2.07066164e-13,  2.15541230e-13,
        2.24345019e-13,  2.33490247e-13,  2.42990120e-13,  2.52858357e-13,
        2.63109212e-13,  2.73757487e-13,  2.84818560e-13,  2.96308407e-13,
        3.08243621e-13,  3.20641438e-13,  3.33519763e-13,  3.46897195e-13,
        3.60793053e-13,  3.75227406e-13,  3.90221100e-13,  4.05795788e-13,
        4.21973964e-13,  4.38778991e-13,  4.56235140e-13,  4.74367619e-13,
        4.93202617e-13,  5.12767334e-13,  5.33090026e-13,  5.54200042e-13,
        5.76127869e-13,  5.98905176e-13,  6.22564856e-13,  6.47141080e-13,
        6.72669339e-13,  6.99186501e-13,  7.26730863e-13,  7.55342204e-13,
        7.85061843e-13,  8.15932702e-13,  8.47999364e-13,  8.81308139e-13,
        9.15907132e-13,  9.51846310e-13,  9.89177576e-13,  1.02795484e-12,
        1.06823411e-12,  1.11007356e-12,  1.15353360e-12,  1.19867701e-12,
        1.24556897e-12,  1.29427722e-12,  1.34487209e-12,  1.39742665e-12,
        1.45201680e-12,  1.50872138e-12,  1.56762228e-12,  1.62880457e-12,
        1.69235660e-12,  1.75837016e-12,  1.82694058e-12,  1.89816689e-12,
        1.97215196e-12,  2.04900263e-12,  2.12882989e-12,  2.21174903e-12,
        2.29787979e-12,  2.38734657e-12,  2.48027858e-12,  2.57681001e-12,
        2.67708030e-12,  2.78123424e-12,  2.88942225e-12,  3.00180058e-12,
        3.11853152e-12,  3.23978365e-12,  3.36573209e-12,  3.49655872e-12,
        3.63245250e-12,  3.77360967e-12,  3.92023408e-12,  4.07253751e-12,
        4.23073989e-12,  4.39506971e-12,  4.56576429e-12,  4.74307013e-12,
        4.92724332e-12,  5.11854982e-12,  5.31726593e-12,  5.52367862e-12,
        5.73808599e-12,  5.96079769e-12,  6.19213536e-12,  6.43243309e-12,
        6.68203792e-12,  6.94131032e-12,  7.21062474e-12,  7.49037012e-12,
        7.78095045e-12,  8.08278540e-12,  8.39631087e-12,  8.72197965e-12,
        9.06026207e-12,  9.41164667e-12,  9.77664092e-12,  1.01557719e-11,
        1.05495873e-11,  1.09586557e-11,  1.13835679e-11,  1.18249375e-11,
        1.22834021e-11,  1.27596237e-11,  1.32542901e-11,  1.37681156e-11,
        1.43018424e-11,  1.48562411e-11,  1.54321126e-11,  1.60302884e-11,
        1.66516324e-11,  1.72970420e-11,  1.79674492e-11,  1.86638223e-11,
        1.93871670e-11,  2.01385278e-11,  2.09189900e-11,  2.17296806e-11,
        2.25717704e-11,  2.34464756e-11,  2.43550594e-11,  2.52988340e-11,
        2.62791624e-11,  2.72974603e-11,  2.83551984e-11,  2.94539043e-11,
        3.05951646e-11,  3.17806276e-11,  3.30120053e-11,  3.42910761e-11,
        3.56196871e-11,  3.69997572e-11,  3.84332794e-11,  3.99223241e-11,
        4.14690416e-11,  4.30756657e-11,  4.47445167e-11,  4.64780048e-11,
        4.82786334e-11,  5.01490030e-11,  5.20918147e-11,  5.41098743e-11,
        5.62060964e-11,  5.83835082e-11,  6.06452543e-11,  6.29946011e-11,
        6.54349416e-11,  6.79698000e-11,  7.06028372e-11,  7.33378557e-11,
        7.61788055e-11,  7.91297895e-11,  8.21950693e-11,  8.53790719e-11,
        8.86863956e-11,  9.21218168e-11,  9.56902968e-11,  9.93969892e-11,
        1.03247247e-10,  1.07246631e-10,  1.11400918e-10,  1.15716105e-10,
        1.20198427e-10,  1.24854355e-10,  1.29690613e-10,  1.34714188e-10,
        1.39932332e-10,  1.45352583e-10,  1.50982769e-10,  1.56831019e-10,
        1.62905781e-10,  1.69215827e-10,  1.75770270e-10,  1.82578577e-10,
        1.89650579e-10,  1.96996490e-10,  2.04626918e-10,  2.12552885e-10,
        2.20785835e-10,  2.29337660e-10,  2.38220709e-10,  2.47447811e-10,
        2.57032292e-10,  2.66987994e-10,  2.77329295e-10,  2.88071129e-10,
        2.99229010e-10,  3.10819051e-10,  3.22857991e-10,  3.35363216e-10,
        3.48352786e-10,  3.61845461e-10,  3.75860725e-10,  3.90418820e-10,
        4.05540770e-10,  4.21248413e-10,  4.37564435e-10,  4.54512398e-10,
        4.72116777e-10,  4.90402997e-10,  5.09397466e-10,  5.29127613e-10,
        5.49621933e-10,  5.70910023e-10,  5.93022624e-10,  6.15991671e-10,
        6.39850333e-10,  6.64633064e-10,  6.90375654e-10,  7.17115277e-10,
        7.44890547e-10,  7.73741573e-10,  8.03710017e-10,  8.34839153e-10,
        8.67173933e-10,  9.00761048e-10,  9.35648994e-10,  9.71888149e-10,
        1.00953084e-09,  1.04863141e-09,  1.08924632e-09,  1.13143421e-09,
        1.17525598e-09,  1.22077490e-09,  1.26805668e-09,  1.31716957e-09,
        1.36818447e-09,  1.42117501e-09,  1.47621767e-09,  1.53339189e-09,
        1.59278018e-09,  1.65446822e-09,  1.71854504e-09,  1.78510307e-09,
        1.85423832e-09,  1.92605050e-09,  2.00064319e-09,  2.07812394e-09,
        2.15860446e-09,  2.24220074e-09,  2.32903327e-09,  2.41922716e-09,
        2.51291233e-09,  2.61022369e-09,  2.71130135e-09,  2.81629079e-09,
        2.92534306e-09,  3.03861501e-09,  3.15626947e-09,  3.27847552e-09,
        3.40540870e-09,  3.53725122e-09,  3.67419224e-09,  3.81642812e-09,
        3.96416267e-09,  4.11760743e-09,  4.27698193e-09,  4.44251400e-09,
        4.61444006e-09,  4.79300538e-09,  4.97846446e-09,  5.17108130e-09,
        5.37112973e-09,  5.57889378e-09,  5.79466797e-09,  6.01875771e-09,
        6.25147959e-09,  6.49316184e-09,  6.74414459e-09,  7.00478035e-09,
        7.27543430e-09,  7.55648472e-09,  7.84832339e-09,  8.15135592e-09,
        8.46600223e-09,  8.79269684e-09,  9.13188935e-09,  9.48404476e-09,
        9.84964388e-09,  1.02291837e-08,  1.06231778e-08,  1.10321566e-08,
        1.14566677e-08,  1.18972764e-08,  1.23545659e-08,  1.28291373e-08,
        1.33216103e-08,  1.38326231e-08,  1.43628328e-08,  1.49129153e-08,
        1.54835655e-08,  1.60754976e-08,  1.66894446e-08,  1.73261585e-08,
        1.79864101e-08,  1.86709888e-08,  1.93807022e-08,  2.01163758e-08,
        2.08788520e-08,  2.16689903e-08,  2.24876656e-08,  2.33357680e-08,
        2.42142013e-08,  2.51238819e-08,  2.60657373e-08,  2.70407046e-08,
        2.80497289e-08,  2.90937606e-08,  3.01737539e-08,  3.12906637e-08,
        3.24454431e-08,  3.36390404e-08,  3.48723954e-08,  3.61464358e-08,
        3.74620734e-08,  3.88201995e-08,  4.02216799e-08,  4.16673503e-08,
        4.31580100e-08,  4.46944165e-08,  4.62772786e-08,  4.79072497e-08,
        4.95849203e-08,  5.13108100e-08,  5.30853592e-08,  5.49089202e-08,
        5.67817476e-08,  5.87039883e-08,  6.06756711e-08,  6.26966953e-08,
        6.47668197e-08,  6.68856498e-08,  6.90526253e-08,  7.12670074e-08,
        7.35278645e-08,  7.58340585e-08,  7.81842303e-08,  8.05767848e-08,
        8.30098757e-08,  8.54813901e-08,  8.79889326e-08,  9.05298100e-08,
        9.31010150e-08,  9.56992104e-08,  9.83207137e-08,  1.00961482e-07,
        1.03617095e-07,  1.06282746e-07,  1.08953219e-07,  1.11622886e-07,
        1.14285687e-07,  1.16935125e-07,  1.19564252e-07,  1.22165664e-07,
        1.24731497e-07,  1.27253417e-07,  1.29722625e-07,  1.32129853e-07,
        1.34465371e-07,  1.36718991e-07,  1.38880080e-07,  1.40937568e-07,
        1.42879971e-07,  1.44695407e-07,  1.46371625e-07,  1.47896032e-07,
        1.49255725e-07,  1.50437536e-07,  1.51428069e-07,  1.52213753e-07,
        1.52780894e-07,  1.53115733e-07,  1.53204512e-07,  1.53033541e-07,
        1.52589278e-07,  1.51858398e-07,  1.50827888e-07,  1.49485129e-07,
        1.47817991e-07,  1.45814933e-07,  1.43465097e-07,  1.40758417e-07,
        1.37685725e-07,  1.34238857e-07,  1.30410761e-07,  1.26195614e-07,
        1.21588922e-07,  1.16587637e-07,  1.11190257e-07,  1.05396936e-07,
        9.92095781e-08,  9.26319347e-08,  8.56696933e-08,  7.83305590e-08,
        7.06243275e-08,  6.25629500e-08,  5.41605867e-08,  4.54336501e-08,
        3.64008349e-08,  2.70831354e-08,  1.75038488e-08,  7.68856257e-09,
       -2.33487258e-09, -1.25363872e-08, -2.28837542e-08, -3.33426670e-08,
       -4.38768363e-08, -5.44481044e-08, -6.50165772e-08, -7.55407756e-08,
       -8.59778036e-08, -9.62835348e-08, -1.06412816e-07, -1.16319689e-07,
       -1.25957625e-07, -1.35279778e-07, -1.44239253e-07, -1.52789385e-07,
       -1.60884032e-07, -1.68477878e-07, -1.75526754e-07, -1.81987953e-07,
       -1.87820570e-07, -1.92985835e-07, -1.97447459e-07, -2.01171977e-07,
       -2.04129104e-07, -2.06292079e-07, -2.07638019e-07, -2.08148262e-07,
       -2.07808719e-07, -2.06610209e-07, -2.04548797e-07, -2.01626116e-07,
       -1.97849695e-07, -1.93233258e-07, -1.87797029e-07, -1.81568014e-07,
       -1.74580274e-07, -1.66875176e-07, -1.58501634e-07, -1.49516329e-07,
       -1.39983901e-07, -1.29977126e-07, -1.19577064e-07, -1.08873176e-07,
       -9.79634156e-08, -8.69542785e-08, -7.59608207e-08, -6.51066302e-08,
       -5.45237547e-08, -4.43525773e-08, -3.47416364e-08, -2.58473843e-08,
       -1.78338785e-08, -1.08723991e-08, -5.14098650e-09, -8.23892718e-10,
        1.88906175e-09,  2.80323112e-09,  1.71999532e-09, -1.56227444e-09,
       -7.24712944e-09, -1.55388304e-08, -2.66410026e-08, -4.07551553e-08,
       -5.80790626e-08, -7.88050044e-08, -1.03117869e-07, -1.31193120e-07,
       -1.63194634e-07, -1.99272414e-07, -2.39560200e-07, -2.84172982e-07,
       -3.33204440e-07, -3.86724335e-07, -4.44775880e-07, -5.07373121e-07,
       -5.74498368e-07, -6.46099710e-07, -7.22088671e-07, -8.02338049e-07,
       -8.86679984e-07, -9.74904326e-07, -1.06675734e-06, -1.16194079e-06,
       -1.26011157e-06, -1.36088167e-06, -1.46381890e-06, -1.56844805e-06,
       -1.67425278e-06, -1.78067814e-06, -1.88713376e-06, -1.99299774e-06,
       -2.09762121e-06, -2.20033356e-06, -2.30044824e-06, -2.39726921e-06,
       -2.49009776e-06, -2.57823986e-06, -2.66101379e-06, -2.73775792e-06,
       -2.80783865e-06, -2.87065825e-06, -2.92566253e-06, -2.97234820e-06,
       -3.01026978e-06, -3.03904582e-06, -3.05836455e-06, -3.06798852e-06,
       -3.06775843e-06, -3.05759584e-06, -3.03750481e-06, -3.00757241e-06,
       -2.96796804e-06, -2.91894161e-06, -2.86082057e-06, -2.79400583e-06,
       -2.71896680e-06, -2.63623530e-06, -2.54639889e-06, -2.45009340e-06,
       -2.34799495e-06, -2.24081160e-06, -2.12927482e-06, -2.01413076e-06,
       -1.89613174e-06, -1.77602786e-06, -1.65455900e-06, -1.53244726e-06,
       -1.41039004e-06, -1.28905373e-06, -1.16906815e-06, -1.05102176e-06,
       -9.35457775e-07, -8.22870976e-07, -7.13705479e-07, -6.08353244e-07,
       -5.07153396e-07, -4.10392264e-07, -3.18304106e-07, -2.31072449e-07,
       -1.48831958e-07, -7.16707907e-08,  3.66672344e-10,  6.72767744e-08,
        1.29093294e-07,  1.85883989e-07,  2.37747041e-07,  2.84807464e-07,
        3.27213531e-07,  3.65133277e-07,  3.98751107e-07,  4.28264560e-07,
        4.53881254e-07,  4.75816029e-07,  4.94288312e-07,  5.09519719e-07,
        5.21731885e-07,  5.31144542e-07,  5.37973831e-07,  5.42430840e-07,
        5.44720369e-07,  5.45039907e-07,  5.43578802e-07,  5.40517612e-07,
        5.36027635e-07,  5.30270580e-07,  5.23398381e-07,  5.15553132e-07,
        5.06867122e-07,  4.97462971e-07,  4.87453838e-07,  4.76943693e-07,
        4.66027642e-07,  4.54792300e-07,  4.43316185e-07,  4.31670146e-07,
        4.19917797e-07,  4.08115965e-07,  3.96315133e-07,  3.84559891e-07,
        3.72889368e-07,  3.61337659e-07,  3.49934235e-07,  3.38704340e-07,
        3.27669366e-07,  3.16847213e-07,  3.06252621e-07,  2.95897491e-07,
        2.85791179e-07,  2.75940770e-07,  2.66351332e-07,  2.57026152e-07,
        2.47966950e-07,  2.39174078e-07,  2.30646695e-07,  2.22382934e-07,
        2.14380047e-07,  2.06634539e-07,  1.99142286e-07,  1.91898641e-07,
        1.84898532e-07,  1.78136539e-07,  1.71606978e-07,  1.65303957e-07,
        1.59221440e-07,  1.53353293e-07,  1.47693328e-07,  1.42235343e-07,
        1.36973150e-07,  1.31900602e-07,  1.27011621e-07,  1.22300212e-07,
        1.17760480e-07,  1.13386646e-07,  1.09173052e-07,  1.05114174e-07,
        1.01204624e-07,  9.74391600e-08,  9.38126826e-08,  9.03202416e-08,
        8.69570344e-08,  8.37184069e-08,  8.05998522e-08,  7.75970091e-08,
        7.47056603e-08,  7.19217297e-08,  6.92412798e-08,  6.66605087e-08,
        6.41757466e-08,  6.17834527e-08,  5.94802116e-08,  5.72627294e-08,
        5.51278306e-08,  5.30724542e-08,  5.10936500e-08,  4.91885754e-08,
        4.73544912e-08,  4.55887587e-08,  4.38888362e-08,  4.22522754e-08,
        4.06767181e-08,  3.91598934e-08,  3.76996144e-08,  3.62937751e-08,
        3.49403475e-08,  3.36373790e-08,  3.23829893e-08,  3.11753682e-08,
        3.00127726e-08,  2.88935244e-08,  2.78160077e-08,  2.67786669e-08,
        2.57800043e-08,  2.48185781e-08,  2.38930000e-08,  2.30019335e-08,
        2.21440918e-08,  2.13182363e-08,  2.05231744e-08,  1.97577579e-08,
        1.90208814e-08,  1.83114809e-08,  1.76285319e-08,  1.69710481e-08,
        1.63380799e-08,  1.57287134e-08,  1.51420684e-08,  1.45772978e-08,
        1.40335859e-08,  1.35101475e-08,  1.30062267e-08,  1.25210957e-08,
        1.20540539e-08,  1.16044268e-08,  1.11715650e-08,  1.07548435e-08,
        1.03536604e-08,  9.96743632e-09,  9.59561347e-09,  9.23765488e-09,
        8.89304359e-09,  8.56128191e-09,  8.24189071e-09,  7.93440874e-09,
        7.63839194e-09,  7.35341279e-09,  7.07905975e-09,  6.81493657e-09,
        6.56066183e-09,  6.31586831e-09,  6.08020246e-09,  5.85332396e-09,
        5.63490514e-09,  5.42463056e-09,  5.22219654e-09,  5.02731074e-09,
        4.83969171e-09,  4.65906847e-09,  4.48518019e-09,  4.31777573e-09,
        4.15661333e-09,  4.00146023e-09,  3.85209238e-09,  3.70829404e-09,
        3.56985756e-09,  3.43658300e-09,  3.30827789e-09,  3.18475693e-09,
        3.06584173e-09,  2.95136056e-09,  2.84114809e-09,  2.73504514e-09,
        2.63289849e-09,  2.53456061e-09,  2.43988949e-09,  2.34874840e-09,
        2.26100572e-09,  2.17653473e-09,  2.09521343e-09,  2.01692440e-09,
        1.94155455e-09,  1.86899505e-09,  1.79914110e-09,  1.73189182e-09,
        1.66715009e-09,  1.60482241e-09,  1.54481877e-09,  1.48705251e-09,
        1.43144021e-09,  1.37790154e-09,  1.32635920e-09,  1.27673874e-09,
        1.22896850e-09,  1.18297949e-09,  1.13870530e-09,  1.09608199e-09,
        1.05504800e-09,  1.01554406e-09,  9.77513131e-10,  9.40900286e-10,
        9.05652648e-10,  8.71719314e-10,  8.39051276e-10,  8.07601357e-10,
        7.77324137e-10,  7.48175889e-10,  7.20114517e-10,  6.93099497e-10,
        6.67091813e-10,  6.42053904e-10,  6.17949613e-10,  5.94744126e-10,
        5.72403932e-10,  5.50896766e-10,  5.30191569e-10,  5.10258438e-10,
        4.91068585e-10,  4.72594297e-10,  4.54808894e-10,  4.37686691e-10,
        4.21202958e-10,  4.05333891e-10,  3.90056572e-10,  3.75348938e-10,
        3.61189747e-10,  3.47558551e-10,  3.34435665e-10,  3.21802136e-10,
        3.09639718e-10,  2.97930848e-10,  2.86658616e-10,  2.75806741e-10,
        2.65359553e-10,  2.55301962e-10,  2.45619445e-10,  2.36298017e-10,
        2.27324217e-10,  2.18685085e-10,  2.10368145e-10,  2.02361384e-10,
        1.94653241e-10,  1.87232582e-10,  1.80088692e-10,  1.73211252e-10,
        1.66590330e-10,  1.60216365e-10,  1.54080152e-10,  1.48172828e-10,
        1.42485863e-10,  1.37011043e-10,  1.31740461e-10,  1.26666506e-10,
        1.21781850e-10,  1.17079439e-10,  1.12552481e-10,  1.08194439e-10,
        1.03999019e-10,  9.99601613e-11,  9.60720339e-11,  9.23290214e-11,
        8.87257180e-11,  8.52569200e-11,  8.19176177e-11,  7.87029885e-11,
        7.56083899e-11,  7.26293527e-11,  6.97615746e-11,  6.70009141e-11,
        6.43433841e-11,  6.17851466e-11,  5.93225072e-11,  5.69519093e-11,
        5.46699293e-11,  5.24732716e-11,  5.03587638e-11,  4.83233521e-11,
        4.63640970e-11,  4.44781690e-11,  4.26628445e-11,  4.09155017e-11,
        3.92336172e-11,  3.76147620e-11,  3.60565982e-11,  3.45568755e-11,
        3.31134280e-11,  3.17241711e-11,  3.03870984e-11,  2.91002790e-11,
        2.78618545e-11,  2.66700362e-11,  2.55231031e-11,  2.44193987e-11,
        2.33573291e-11,  2.23353603e-11,  2.13520167e-11,  2.04058778e-11,
        1.94955775e-11,  1.86198010e-11,  1.77772835e-11,  1.69668083e-11,
        1.61872050e-11,  1.54373475e-11,  1.47161530e-11,  1.40225799e-11,
        1.33556266e-11,  1.27143299e-11,  1.20977636e-11,  1.15050373e-11,
        1.09352949e-11,  1.03877137e-11,  9.86150284e-12,  9.35590237e-12,
        8.87018210e-12,  8.40364057e-12,  7.95560400e-12,  7.52542534e-12,
        7.11248333e-12,  6.71618161e-12,  6.33594783e-12,  5.97123288e-12,
        5.62151002e-12,  5.28627420e-12,  4.96504128e-12,  4.65734732e-12,
        4.36274796e-12,  4.08081774e-12,  3.81114951e-12,  3.55335381e-12,
        3.30705833e-12,  3.07190738e-12,  2.84756135e-12,  2.63369624e-12,
        2.43000320e-12,  2.23618806e-12,  2.05197089e-12,  1.87708567e-12,
        1.71127983e-12,  1.55431390e-12,  1.40596120e-12,  1.26600748e-12,
        1.13425063e-12,  1.01050035e-12,  8.94577930e-13,  7.86315958e-13,
        6.85558080e-13,  5.92158783e-13,  5.05983182e-13,  4.26906821e-13,
        3.54815500e-13,  2.89605105e-13,  2.31181460e-13,  1.79460190e-13,
        1.34366600e-13,  9.58355654e-14,  6.38114407e-14,  3.82479768e-14,
        1.91082553e-14,  6.36463474e-15,  0.00000000e+00, -0.00000000e+00])], 1: [array([ 0.00000000e+00,  1.58354739e-13,  4.75092569e-13,  9.50270197e-13,
        1.58397270e-12,  2.37631353e-12,  3.32743455e-12,  4.43750605e-12,
        5.70672676e-12,  7.13532394e-12,  8.72355334e-12,  1.04716993e-11,
        1.23800749e-11,  1.44490217e-11,  1.66789101e-11,  1.90701395e-11,
        2.16231379e-11,  2.43383623e-11,  2.72162990e-11,  3.02574631e-11,
        3.34623993e-11,  3.68316812e-11,  4.03659121e-11,  4.40657247e-11,
        4.79317815e-11,  5.19647747e-11,  5.61654262e-11,  6.05344883e-11,
        6.50727430e-11,  6.97810029e-11,  7.46601110e-11,  7.97109408e-11,
        8.49343966e-11,  9.03314136e-11,  9.59029580e-11,  1.01650027e-10,
        1.07573651e-10,  1.13674889e-10,  1.19954833e-10,  1.26414609e-10,
        1.33055373e-10,  1.39878313e-10,  1.46884652e-10,  1.54075643e-10,
        1.61452574e-10,  1.69016766e-10,  1.76769573e-10,  1.84712383e-10,
        1.92846619e-10,  2.01173736e-10,  2.09695225e-10,  2.18412613e-10,
        2.27327459e-10,  2.36441361e-10,  2.45755949e-10,  2.55272891e-10,
        2.64993891e-10,  2.74920690e-10,  2.85055065e-10,  2.95398831e-10,
        3.05953838e-10,  3.16721978e-10,  3.27705178e-10,  3.38905403e-10,
        3.50324661e-10,  3.61964994e-10,  3.73828488e-10,  3.85917266e-10,
        3.98233492e-10,  4.10779372e-10,  4.23557151e-10,  4.36569118e-10,
        4.49817602e-10,  4.63304975e-10,  4.77033652e-10,  4.91006091e-10,
        5.05224792e-10,  5.19692303e-10,  5.34411214e-10,  5.49384158e-10,
        5.64613818e-10,  5.80102920e-10,  5.95854237e-10,  6.11870588e-10,
        6.28154843e-10,  6.44709916e-10,  6.61538770e-10,  6.78644420e-10,
        6.96029928e-10,  7.13698406e-10,  7.31653017e-10,  7.49896977e-10,
        7.68433551e-10,  7.87266059e-10,  8.06397871e-10,  8.25832414e-10,
        8.45573167e-10,  8.65623664e-10,  8.85987495e-10,  9.06668306e-10,
        9.27669800e-10,  9.48995736e-10,  9.70649933e-10,  9.92636267e-10,
        1.01495868e-09,  1.03762115e-09,  1.06062776e-09,  1.08398262e-09,
        1.10768990e-09,  1.13175385e-09,  1.15617879e-09,  1.18096908e-09,
        1.20612917e-09,  1.23166355e-09,  1.25757680e-09,  1.28387356e-09,
        1.31055853e-09,  1.33763650e-09,  1.36511231e-09,  1.39299089e-09,
        1.42127721e-09,  1.44997635e-09,  1.47909345e-09,  1.50863372e-09,
        1.53860244e-09,  1.56900498e-09,  1.59984680e-09,  1.63113339e-09,
        1.66287038e-09,  1.69506344e-09,  1.72771833e-09,  1.76084091e-09,
        1.79443710e-09,  1.82851291e-09,  1.86307445e-09,  1.89812791e-09,
        1.93367955e-09,  1.96973576e-09,  2.00630297e-09,  2.04338775e-09,
        2.08099672e-09,  2.11913662e-09,  2.15781429e-09,  2.19703664e-09,
        2.23681069e-09,  2.27714358e-09,  2.31804251e-09,  2.35951481e-09,
        2.40156791e-09,  2.44420934e-09,  2.48744673e-09,  2.53128782e-09,
        2.57574046e-09,  2.62081261e-09,  2.66651234e-09,  2.71284783e-09,
        2.75982737e-09,  2.80745939e-09,  2.85575240e-09,  2.90471505e-09,
        2.95435611e-09,  3.00468446e-09,  3.05570913e-09,  3.10743923e-09,
        3.15988404e-09,  3.21305294e-09,  3.26695545e-09,  3.32160123e-09,
        3.37700005e-09,  3.43316184e-09,  3.49009664e-09,  3.54781466e-09,
        3.60632623e-09,  3.66564182e-09,  3.72577206e-09,  3.78672770e-09,
        3.84851967e-09,  3.91115901e-09,  3.97465696e-09,  4.03902488e-09,
        4.10427429e-09,  4.17041687e-09,  4.23746447e-09,  4.30542909e-09,
        4.37432290e-09,  4.44415824e-09,  4.51494760e-09,  4.58670366e-09,
        4.65943926e-09,  4.73316744e-09,  4.80790139e-09,  4.88365449e-09,
        4.96044030e-09,  5.03827257e-09,  5.11716524e-09,  5.19713242e-09,
        5.27818845e-09,  5.36034782e-09,  5.44362526e-09,  5.52803566e-09,
        5.61359414e-09,  5.70031602e-09,  5.78821683e-09,  5.87731231e-09,
        5.96761839e-09,  6.05915126e-09,  6.15192731e-09,  6.24596313e-09,
        6.34127557e-09,  6.43788170e-09,  6.53579880e-09,  6.63504441e-09,
        6.73563630e-09,  6.83759247e-09,  6.94093119e-09,  7.04567095e-09,
        7.15183051e-09,  7.25942887e-09,  7.36848529e-09,  7.47901930e-09,
        7.59105070e-09,  7.70459954e-09,  7.81968614e-09,  7.93633112e-09,
        8.05455535e-09,  8.17438001e-09,  8.29582654e-09,  8.41891670e-09,
        8.54367251e-09,  8.67011632e-09,  8.79827076e-09,  8.92815878e-09,
        9.05980362e-09,  9.19322887e-09,  9.32845841e-09,  9.46551645e-09,
        9.60442753e-09,  9.74521651e-09,  9.88790861e-09,  1.00325294e-08,
        1.01791047e-08,  1.03276608e-08,  1.04782243e-08,  1.06308222e-08,
        1.07854817e-08,  1.09422306e-08,  1.11010970e-08,  1.12621092e-08,
        1.14252960e-08,  1.15906869e-08,  1.17583112e-08,  1.19281990e-08,
        1.21003809e-08,  1.22748874e-08,  1.24517501e-08,  1.26310004e-08,
        1.28126704e-08,  1.29967928e-08,  1.31834005e-08,  1.33725268e-08,
        1.35642056e-08,  1.37584714e-08,  1.39553587e-08,  1.41549030e-08,
        1.43571398e-08,  1.45621055e-08,  1.47698366e-08,  1.49803705e-08,
        1.51937448e-08,  1.54099976e-08,  1.56291678e-08,  1.58512945e-08,
        1.60764175e-08,  1.63045771e-08,  1.65358142e-08,  1.67701701e-08,
        1.70076869e-08,  1.72484069e-08,  1.74923734e-08,  1.77396299e-08,
        1.79902208e-08,  1.82441908e-08,  1.85015855e-08,  1.87624509e-08,
        1.90268337e-08,  1.92947811e-08,  1.95663412e-08,  1.98415626e-08,
        2.01204943e-08,  2.04031865e-08,  2.06896895e-08,  2.09800547e-08,
        2.12743340e-08,  2.15725800e-08,  2.18748459e-08,  2.21811859e-08,
        2.24916545e-08,  2.28063074e-08,  2.31252006e-08,  2.34483911e-08,
        2.37759365e-08,  2.41078952e-08,  2.44443265e-08,  2.47852902e-08,
        2.51308470e-08,  2.54810585e-08,  2.58359867e-08,  2.61956949e-08,
        2.65602467e-08,  2.69297069e-08,  2.73041407e-08,  2.76836144e-08,
        2.80681948e-08,  2.84579499e-08,  2.88529479e-08,  2.92532584e-08,
        2.96589512e-08,  3.00700972e-08,  3.04867680e-08,  3.09090358e-08,
        3.13369735e-08,  3.17706547e-08,  3.22101538e-08,  3.26555456e-08,
        3.31069055e-08,  3.35643096e-08,  3.40278344e-08,  3.44975566e-08,
        3.49735536e-08,  3.54559029e-08,  3.59446822e-08,  3.64399693e-08,
        3.69418422e-08,  3.74503784e-08,  3.79656556e-08,  3.84877507e-08,
        3.90167403e-08,  3.95527002e-08,  4.00957052e-08,  4.06458290e-08,
        4.12031439e-08,  4.17677204e-08,  4.23396273e-08,  4.29189307e-08,
        4.35056943e-08,  4.40999786e-08,  4.47018405e-08,  4.53113332e-08,
        4.59285049e-08,  4.65533991e-08,  4.71860534e-08,  4.78264988e-08,
        4.84747593e-08,  4.91308507e-08,  4.97947801e-08,  5.04665444e-08,
        5.11461298e-08,  5.18335102e-08,  5.25286462e-08,  5.32314837e-08,
        5.39419525e-08,  5.46599644e-08,  5.53854119e-08,  5.61181660e-08,
        5.68580747e-08,  5.76049602e-08,  5.83586172e-08,  5.91188099e-08,
        5.98852699e-08,  6.06576928e-08,  6.14357355e-08,  6.22190130e-08,
        6.30070944e-08,  6.37994998e-08,  6.45956959e-08,  6.53950918e-08,
        6.61970349e-08,  6.70008056e-08,  6.78056122e-08,  6.86105861e-08,
        6.94147754e-08,  7.02171392e-08,  7.10165414e-08,  7.18117432e-08,
        7.26013970e-08,  7.33840381e-08,  7.41580773e-08,  7.49217925e-08,
        7.56733201e-08,  7.64106459e-08,  7.71315957e-08,  7.78338253e-08,
        7.85148106e-08,  7.91718366e-08,  7.98019864e-08,  8.04021299e-08,
        8.09689117e-08,  8.14987392e-08,  8.19877697e-08,  8.24318979e-08,
        8.28267422e-08,  8.31676316e-08,  8.34495919e-08,  8.36673314e-08,
        8.38152272e-08,  8.38873109e-08,  8.38772539e-08,  8.37783536e-08,
        8.35835188e-08,  8.32852557e-08,  8.28756542e-08,  8.23463740e-08,
        8.16886317e-08,  8.08931881e-08,  7.99503364e-08,  7.88498905e-08,
        7.75811755e-08,  7.61330176e-08,  7.44937367e-08,  7.26511393e-08,
        7.05925138e-08,  6.83046268e-08,  6.57737216e-08,  6.29855191e-08,
        5.99252209e-08,  5.65775146e-08,  5.29265824e-08,  4.89561124e-08,
        4.46493135e-08,  3.99889336e-08,  3.49572818e-08,  2.95362540e-08,
        2.37073640e-08,  1.74517780e-08,  1.07503549e-08,  3.58369040e-09,
       -4.06783184e-09, -1.22239851e-08, -2.09046377e-08, -3.01296857e-08,
       -3.99189790e-08, -5.02922413e-08, -6.12689840e-08, -7.28684126e-08,
       -8.51093274e-08, -9.80100168e-08, -1.11588145e-07, -1.25860632e-07,
       -1.40843528e-07, -1.56551880e-07, -1.72999597e-07, -1.90199301e-07,
       -2.08162185e-07, -2.26897850e-07, -2.46414157e-07, -2.66717059e-07,
       -2.87810439e-07, -3.09695942e-07, -3.32372810e-07, -3.55837715e-07,
       -3.80084589e-07, -4.05104467e-07, -4.30885318e-07, -4.57411898e-07,
       -4.84665597e-07, -5.12624301e-07, -5.41262258e-07, -5.70549963e-07,
       -6.00454049e-07, -6.30937196e-07, -6.61958058e-07, -6.93471204e-07,
       -7.25427086e-07, -7.57772024e-07, -7.90448215e-07, -8.23393770e-07,
       -8.56542773e-07, -8.89825378e-07, -9.23167922e-07, -9.56493080e-07,
       -9.89720047e-07, -1.02276475e-06, -1.05554010e-06, -1.08795626e-06,
       -1.11992096e-06, -1.15133988e-06, -1.18211694e-06, -1.21215479e-06,
       -1.24135521e-06, -1.26961956e-06, -1.29684928e-06, -1.32294639e-06,
       -1.34781404e-06, -1.37135702e-06, -1.39348233e-06, -1.41409974e-06,
       -1.43312239e-06, -1.45046729e-06, -1.46605595e-06, -1.47981491e-06,
       -1.49167626e-06, -1.50157820e-06, -1.50946550e-06, -1.51528999e-06,
       -1.51901100e-06, -1.52059571e-06, -1.52001958e-06, -1.51726655e-06,
       -1.51232941e-06, -1.50520989e-06, -1.49591886e-06, -1.48447642e-06,
       -1.47091185e-06, -1.45526362e-06, -1.43757926e-06, -1.41791516e-06,
       -1.39633634e-06, -1.37291614e-06, -1.34773581e-06, -1.32088413e-06,
       -1.29245684e-06, -1.26255616e-06, -1.23129014e-06, -1.19877200e-06,
       -1.16511949e-06, -1.13045408e-06, -1.09490028e-06, -1.05858480e-06,
       -1.02163577e-06, -9.84181927e-07, -9.46351774e-07, -9.08272804e-07,
       -8.70070671e-07, -8.31868422e-07, -7.93785730e-07, -7.55938181e-07,
       -7.18436584e-07, -6.81386341e-07, -6.44886863e-07, -6.09031051e-07,
       -5.73904844e-07, -5.39586830e-07, -5.06147946e-07, -4.73651246e-07,
       -4.42151761e-07, -4.11696445e-07, -3.82324204e-07, -3.54066025e-07,
       -3.26945186e-07, -3.00977563e-07, -2.76172025e-07, -2.52530917e-07,
       -2.30050623e-07, -2.08722215e-07, -1.88532171e-07, -1.69463168e-07,
       -1.51494929e-07, -1.34605130e-07, -1.18770348e-07, -1.03967036e-07,
       -9.01725334e-08, -7.73660710e-08, -6.55297797e-08, -5.46496773e-08,
       -4.47166215e-08, -3.57272119e-08, -2.76846253e-08, -2.05993662e-08,
       -1.44899164e-08, -9.38326477e-09, -5.31530221e-09, -2.33106319e-09,
       -4.84799587e-10,  1.60128073e-10, -4.68445303e-10, -2.45097925e-09,
       -5.87550332e-09, -1.08366730e-08, -1.74346042e-08, -2.57734872e-08,
       -3.59599883e-08, -4.81014459e-08, -6.23038809e-08, -7.86698375e-08,
       -9.72960830e-08, -1.18271195e-07, -1.41673074e-07, -1.67566418e-07,
       -1.96000206e-07, -2.27005242e-07, -2.60591799e-07, -2.96747429e-07,
       -3.35434987e-07, -3.76590916e-07, -4.20123857e-07, -4.65913620e-07,
       -5.13810567e-07, -5.63635443e-07, -6.15179684e-07, -6.68206219e-07,
       -7.22450790e-07, -7.77623779e-07, -8.33412534e-07, -8.89484180e-07,
       -9.45488872e-07, -1.00106345e-06, -1.05583542e-06, -1.10942729e-06,
       -1.16146097e-06, -1.21156246e-06, -1.25936648e-06, -1.30452107e-06,
       -1.34669210e-06, -1.38556750e-06, -1.42086126e-06, -1.45231699e-06,
       -1.47971108e-06, -1.50285535e-06, -1.52159917e-06, -1.53583098e-06,
       -1.54547919e-06, -1.55051259e-06, -1.55093996e-06, -1.54680933e-06,
       -1.53820651e-06, -1.52525319e-06, -1.50810460e-06, -1.48694672e-06,
       -1.46199318e-06, -1.43348191e-06, -1.40167156e-06, -1.36683784e-06,
       -1.32926975e-06, -1.28926587e-06, -1.24713069e-06, -1.20317108e-06,
       -1.15769295e-06, -1.11099810e-06, -1.06338138e-06, -1.01512806e-06,
       -9.66511611e-07, -9.17791660e-07, -8.69212408e-07, -8.21001280e-07,
       -7.73367924e-07, -7.26503502e-07, -6.80580271e-07, -6.35751425e-07,
       -5.92151185e-07, -5.49895106e-07, -5.09080570e-07, -4.69787458e-07,
       -4.32078948e-07, -3.96002436e-07, -3.61590541e-07, -3.28862181e-07,
       -2.97823689e-07, -2.68469953e-07, -2.40785565e-07, -2.14745956e-07,
       -1.90318517e-07, -1.67463671e-07, -1.46135913e-07, -1.26284792e-07,
       -1.07855834e-07, -9.07914042e-08, -7.50315021e-08, -6.05144914e-08,
       -4.71777595e-08, -3.49583111e-08, -2.37932968e-08, -1.36204767e-08,
       -4.37862417e-09,  3.99212890e-09,  1.15500004e-08,  1.83513176e-08,
        2.44503225e-08,  2.98990214e-08,  3.47470717e-08,  3.90417049e-08,
        4.28276806e-08,  4.61472677e-08,  4.90402500e-08,  5.15439530e-08,
        5.36932883e-08,  5.55208127e-08,  5.70568005e-08,  5.83293248e-08,
        5.93643476e-08,  6.01858149e-08,  6.08157567e-08,  6.12743890e-08,
        6.15802173e-08,  6.17501400e-08,  6.17995513e-08,  6.17424416e-08,
        6.15914957e-08,  6.13581883e-08,  6.10528750e-08,  6.06848805e-08,
        6.02625815e-08,  5.97934864e-08,  5.92843093e-08,  5.87410408e-08,
        5.81690128e-08,  5.75729605e-08,  5.69570785e-08,  5.63250739e-08,
        5.56802147e-08,  5.50253743e-08,  5.43630726e-08,  5.36955133e-08,
        5.30246181e-08,  5.23520576e-08,  5.16792794e-08,  5.10075336e-08,
        5.03378956e-08,  4.96712866e-08,  4.90084923e-08,  4.83501793e-08,
        4.76969097e-08,  4.70491545e-08,  4.64073050e-08,  4.57716833e-08,
        4.51425514e-08,  4.45201192e-08,  4.39045517e-08,  4.32959752e-08,
        4.26944824e-08,  4.21001378e-08,  4.15129814e-08,  4.09330325e-08,
        4.03602926e-08,  3.97947486e-08,  3.92363747e-08,  3.86851345e-08,
        3.81409829e-08,  3.76038678e-08,  3.70737306e-08,  3.65505084e-08,
        3.60341338e-08,  3.55245368e-08,  3.50216445e-08,  3.45253822e-08,
        3.40356740e-08,  3.35524428e-08,  3.30756110e-08,  3.26051003e-08,
        3.21408326e-08,  3.16827298e-08,  3.12307138e-08,  3.07847073e-08,
        3.03446330e-08,  2.99104144e-08,  2.94819757e-08,  2.90592417e-08,
        2.86421379e-08,  2.82305907e-08,  2.78245271e-08,  2.74238752e-08,
        2.70285638e-08,  2.66385226e-08,  2.62536820e-08,  2.58739735e-08,
        2.54993292e-08,  2.51296824e-08,  2.47649670e-08,  2.44051178e-08,
        2.40500706e-08,  2.36997617e-08,  2.33541285e-08,  2.30131093e-08,
        2.26766430e-08,  2.23446694e-08,  2.20171291e-08,  2.16939635e-08,
        2.13751147e-08,  2.10605256e-08,  2.07501400e-08,  2.04439023e-08,
        2.01417576e-08,  1.98436520e-08,  1.95495319e-08,  1.92593447e-08,
        1.89730386e-08,  1.86905622e-08,  1.84118650e-08,  1.81368970e-08,
        1.78656091e-08,  1.75979527e-08,  1.73338798e-08,  1.70733433e-08,
        1.68162963e-08,  1.65626929e-08,  1.63124878e-08,  1.60656361e-08,
        1.58220936e-08,  1.55818167e-08,  1.53447623e-08,  1.51108882e-08,
        1.48801523e-08,  1.46525134e-08,  1.44279307e-08,  1.42063641e-08,
        1.39877737e-08,  1.37721206e-08,  1.35593660e-08,  1.33494720e-08,
        1.31424008e-08,  1.29381155e-08,  1.27365795e-08,  1.25377567e-08,
        1.23416115e-08,  1.21481087e-08,  1.19572138e-08,  1.17688926e-08,
        1.15831112e-08,  1.13998366e-08,  1.12190358e-08,  1.10406765e-08,
        1.08647268e-08,  1.06911551e-08,  1.05199304e-08,  1.03510220e-08,
        1.01843998e-08,  1.00200337e-08,  9.85789454e-09,  9.69795314e-09,
        9.54018090e-09,  9.38454957e-09,  9.23103130e-09,  9.07959859e-09,
        8.93022433e-09,  8.78288179e-09,  8.63754457e-09,  8.49418666e-09,
        8.35278240e-09,  8.21330646e-09,  8.07573387e-09,  7.94004001e-09,
        7.80620058e-09,  7.67419161e-09,  7.54398948e-09,  7.41557087e-09,
        7.28891278e-09,  7.16399255e-09,  7.04078781e-09,  6.91927650e-09,
        6.79943686e-09,  6.68124744e-09,  6.56468707e-09,  6.44973490e-09,
        6.33637033e-09,  6.22457308e-09,  6.11432312e-09,  6.00560072e-09,
        5.89838641e-09,  5.79266100e-09,  5.68840555e-09,  5.58560141e-09,
        5.48423016e-09,  5.38427366e-09,  5.28571401e-09,  5.18853356e-09,
        5.09271492e-09,  4.99824093e-09,  4.90509468e-09,  4.81325949e-09,
        4.72271891e-09,  4.63345674e-09,  4.54545700e-09,  4.45870393e-09,
        4.37318199e-09,  4.28887589e-09,  4.20577052e-09,  4.12385100e-09,
        4.04310267e-09,  3.96351107e-09,  3.88506195e-09,  3.80774126e-09,
        3.73153517e-09,  3.65643003e-09,  3.58241238e-09,  3.50946899e-09,
        3.43758679e-09,  3.36675291e-09,  3.29695466e-09,  3.22817956e-09,
        3.16041529e-09,  3.09364971e-09,  3.02787087e-09,  2.96306700e-09,
        2.89922650e-09,  2.83633793e-09,  2.77439003e-09,  2.71337171e-09,
        2.65327206e-09,  2.59408030e-09,  2.53578584e-09,  2.47837825e-09,
        2.42184724e-09,  2.36618270e-09,  2.31137466e-09,  2.25741330e-09,
        2.20428897e-09,  2.15199215e-09,  2.10051348e-09,  2.04984374e-09,
        1.99997387e-09,  1.95089493e-09,  1.90259814e-09,  1.85507485e-09,
        1.80831654e-09,  1.76231486e-09,  1.71706156e-09,  1.67254854e-09,
        1.62876784e-09,  1.58571161e-09,  1.54337214e-09,  1.50174186e-09,
        1.46081330e-09,  1.42057916e-09,  1.38103221e-09,  1.34216538e-09,
        1.30397171e-09,  1.26644437e-09,  1.22957663e-09,  1.19336189e-09,
        1.15779367e-09,  1.12286560e-09,  1.08857143e-09,  1.05490502e-09,
        1.02186034e-09,  9.89431479e-10,  9.57612622e-10,  9.26398076e-10,
        8.95782253e-10,  8.65759672e-10,  8.36324957e-10,  8.07472838e-10,
        7.79198151e-10,  7.51495832e-10,  7.24360921e-10,  6.97788562e-10,
        6.71773996e-10,  6.46312565e-10,  6.21399711e-10,  5.97030974e-10,
        5.73201991e-10,  5.49908496e-10,  5.27146317e-10,  5.04911381e-10,
        4.83199705e-10,  4.62007403e-10,  4.41330680e-10,  4.21165836e-10,
        4.01509258e-10,  3.82357428e-10,  3.63706918e-10,  3.45554388e-10,
        3.27896587e-10,  3.10730356e-10,  2.94052619e-10,  2.77860392e-10,
        2.62150775e-10,  2.46920955e-10,  2.32168207e-10,  2.17889888e-10,
        2.04083443e-10,  1.90746398e-10,  1.77876368e-10,  1.65471046e-10,
        1.53528214e-10,  1.42045731e-10,  1.31021542e-10,  1.20453674e-10,
        1.10340235e-10,  1.00679413e-10,  9.14694794e-11,  8.27087851e-11,
        7.43957616e-11,  6.65289205e-11,  5.91068534e-11,  5.21282313e-11,
        4.55918050e-11,  3.94964040e-11,  3.38409372e-11,  2.86243919e-11,
        2.38458343e-11,  1.95044087e-11,  1.55993379e-11,  1.21299227e-11,
        9.09554201e-12,  6.49565252e-12,  4.32978876e-12,  2.59756296e-12,
        1.29866498e-12,  4.32862281e-13, -0.00000000e+00,  0.00000000e+00])], 2: []}
v = [-2.92879535e-37 -4.00835835e-37 -5.48255588e-37 -7.49442991e-37
 -1.02384249e-36 -1.39786974e-36 -1.90738898e-36 -2.60106284e-36
 -3.54487912e-36 -4.82826421e-36 -6.57233411e-36 -8.94102377e-36
 -1.21560891e-35 -1.65173173e-35 -2.24297359e-35 -3.04402221e-35
 -4.12867296e-35 -5.59644398e-35 -7.58146000e-35 -1.02643758e-34
 -1.38883692e-34 -1.87805787e-34 -2.53808228e-34 -3.42800491e-34
 -4.62717776e-34 -6.24208879e-34 -8.41555398e-34 -1.13389930e-33
 -1.52688130e-33 -2.05482611e-33 -2.76365536e-33 -3.71476806e-33
 -4.99020666e-33 -6.69953053e-33 -8.98895528e-33 -1.20534974e-32
 -1.61531025e-32 -2.16340499e-32 -2.89573435e-32 -3.87363430e-32
 -5.17866153e-32 -6.91919304e-32 -9.23915764e-32 -1.23295810e-31
 -1.64438410e-31 -2.19178136e-31 -2.91964601e-31 -3.88688937e-31
 -5.17146001e-31 -6.87643230e-31 -9.13802164e-31 -1.21361295e-30
 -1.61082082e-30 -2.13674785e-30 -2.83268529e-30 -3.75303306e-30
 -4.96941723e-30 -6.57608690e-30 -8.69698328e-30 -1.14949937e-29
 -1.51840579e-29 -2.00449959e-29 -2.64461895e-29 -3.48705861e-29
 -4.59509400e-29 -6.05157699e-29 -7.96492583e-29 -1.04769270e-28
 -1.37728911e-28 -1.80948637e-28 -2.37588015e-28 -3.11768873e-28
 -4.08865048e-28 -5.35878373e-28 -7.01926251e-28 -9.18873546e-28
 -1.20215100e-27 -1.57181456e-27 -2.05391564e-27 -2.68227256e-27
 -3.50075905e-27 -4.56625905e-27 -5.95247912e-27 -7.75486471e-27
 -1.00969355e-26 -1.31384444e-26 -1.70858788e-26 -2.22059679e-26
 -2.88430447e-26 -3.74413508e-26 -4.85736707e-26 -6.29780704e-26
 -8.16050033e-26 -1.05677671e-25 -1.36769320e-25 -1.76902168e-25
 -2.28673918e-25 -2.95419473e-25 -3.81417500e-25 -4.92154117e-25
 -6.34659288e-25 -8.17935706e-25 -1.05350525e-24 -1.35610480e-24
 -1.74457165e-24 -2.24296955e-24 -2.88201977e-24 -3.70091868e-24
 -4.74964490e-24 -6.09188574e-24 -7.80874728e-24 -1.00034544e-23
 -1.28073015e-23 -1.63871822e-23 -2.09551099e-23 -2.67802490e-23
 -3.42041096e-23 -4.36597233e-23 -5.56958297e-23 -7.10073635e-23
 -9.04738574e-23 -1.15207788e-22 -1.46615396e-22 -1.86473158e-22
 -2.37023871e-22 -3.01097297e-22 -3.82261568e-22 -4.85013053e-22
 -6.15014319e-22 -7.79392170e-22 -9.87110699e-22 -1.24943794e-21
 -1.58052923e-21 -1.99815596e-21 -2.52461549e-21 -3.18786642e-21
 -4.02294408e-21 -5.07372457e-21 -6.39512134e-21 -8.05581902e-21
 -1.01416735e-20 -1.27599377e-20 -1.60445114e-20 -2.01624568e-20
 -2.53220820e-20 -3.17829631e-20 -3.98683596e-20 -4.99805878e-20
 -6.26200431e-20 -7.84087220e-20 -9.81192904e-20 -1.22710982e-19
 -1.53373905e-19 -1.91583688e-19 -2.39168837e-19 -2.98393711e-19
 -3.72060658e-19 -4.63635673e-19 -5.77402883e-19 -7.18654356e-19
 -8.93923154e-19 -1.11126931e-18 -1.38063051e-18 -1.71425182e-18
 -2.12721205e-18 -2.63806784e-18 -3.26964156e-18 -4.04998430e-18
 -5.01355225e-18 -6.20264265e-18 -7.66914566e-18 -9.47668013e-18
 -1.17031957e-17 -1.44441411e-17 -1.78163194e-17 -2.19625754e-17
 -2.70574928e-17 -3.33143120e-17 -4.09933259e-17 -5.04120632e-17
 -6.19576302e-17 -7.61016609e-17 -9.34184124e-17 -1.14606656e-16
 -1.40516139e-16 -1.72179556e-16 -2.10851149e-16 -2.58053271e-16
 -3.15632545e-16 -3.85827514e-16 -4.71350120e-16 -5.75483744e-16
 -7.02201105e-16 -8.56305960e-16 -1.04360328e-15 -1.27110350e-15
 -1.54726750e-15 -1.88230026e-15 -2.28850260e-15 -2.78069227e-15
 -3.37670762e-15 -4.09800985e-15 -4.97040236e-15 -6.02488979e-15
 -7.29870274e-15 -8.83651982e-15 -1.06919236e-14 -1.29291343e-14
 -1.56250730e-14 -1.88718153e-14 -2.27795063e-14 -2.74798240e-14
 -3.31300886e-14 -3.99181365e-14 -4.80680970e-14 -5.78472357e-14
 -6.95740526e-14 -8.36278637e-14 -1.00460125e-13 -1.20607811e-13
 -1.44709208e-13 -1.73522545e-13 -2.07947958e-13 -2.49053370e-13
 -2.98104955e-13 -3.56602987e-13 -4.26323987e-13 -5.09370244e-13
 -6.08227964e-13 -7.25835502e-13 -8.65663366e-13 -1.03180798e-12
 -1.22910146e-12 -1.46324011e-12 -1.74093466e-12 -2.07008584e-12
 -2.45998947e-12 -2.92157575e-12 -3.46768840e-12 -4.11340990e-12
 -4.87644043e-12 -5.77753876e-12 -6.84103515e-12 -8.09542747e-12
 -9.57407357e-12 -1.13159950e-11 -1.33668089e-11 -1.57798091e-11
 -1.86172169e-11 -2.19516305e-11 -2.58677002e-11 -3.04640658e-11
 -3.58555939e-11 -4.21759609e-11 -4.95806324e-11 -5.82502974e-11
 -6.83948251e-11 -8.02578182e-11 -9.41218523e-11 -1.10314498e-10
 -1.29215237e-10 -1.51263406e-10 -1.76967303e-10 -2.06914630e-10
 -2.41784455e-10 -2.82360903e-10 -3.29548818e-10 -3.84391669e-10
 -4.48091993e-10 -5.22034747e-10 -6.07813929e-10 -7.07262930e-10
 -8.22489105e-10 -9.55913119e-10 -1.11031370e-09 -1.28887853e-09
 -1.49526197e-09 -1.73365068e-09 -2.00883799e-09 -2.32630815e-09
 -2.69233180e-09 -3.11407401e-09 -3.59971642e-09 -4.15859530e-09
 -4.80135743e-09 -5.54013601e-09 -6.38874900e-09 -7.36292261e-09
 -8.48054290e-09 -9.76193891e-09 -1.12302009e-08 -1.29115379e-08
 -1.48356793e-08 -1.70363246e-08 -1.95516488e-08 -2.24248671e-08
 -2.57048680e-08 -2.94469208e-08 -3.37134665e-08 -3.85750005e-08
 -4.41110588e-08 -5.04113158e-08 -5.75768094e-08 -6.57213032e-08
 -7.49728030e-08 -8.54752422e-08 -9.73903534e-08 -1.10899747e-07
 -1.26207213e-07 -1.43541278e-07 -1.63158029e-07 -1.85344244e-07
 -2.10420848e-07 -2.38746734e-07 -2.70722980e-07 -3.06797499e-07
 -3.47470163e-07 -3.93298446e-07 -4.44903635e-07 -5.02977650e-07
 -5.68290546e-07 -6.41698738e-07 -7.24154025e-07 -8.16713478e-07
 -9.20550264e-07 -1.03696548e-06 -1.16740112e-06 -1.31345416e-06
 -1.47689202e-06 -1.65966937e-06 -1.86394642e-06 -2.09210886e-06
 -2.34678954e-06 -2.63089199e-06 -2.94761599e-06 -3.30048528e-06
 -3.69337755e-06 -4.13055701e-06 -4.61670949e-06 -5.15698042e-06
 -5.75701590e-06 -6.42300685e-06 -7.16173672e-06 -7.98063278e-06
 -8.88782130e-06 -9.89218684e-06 -1.10034359e-05 -1.22321651e-05
 -1.35899344e-05 -1.50893454e-05 -1.67441245e-05 -1.85692132e-05
 -2.05808625e-05 -2.27967349e-05 -2.52360126e-05 -2.79195127e-05
 -3.08698089e-05 -3.41113619e-05 -3.76706564e-05 -4.15763468e-05
 -4.58594112e-05 -5.05533143e-05 -5.56941784e-05 -6.13209650e-05
 -6.74756644e-05 -7.42034962e-05 -8.15531194e-05 -8.95768522e-05
 -9.83309027e-05 -1.07875610e-04 -1.18275697e-04 -1.29600529e-04
 -1.41924393e-04 -1.55326775e-04 -1.69892660e-04 -1.85712833e-04
 -2.02884199e-04 -2.21510107e-04 -2.41700683e-04 -2.63573181e-04
 -2.87252335e-04 -3.12870726e-04 -3.40569146e-04 -3.70496988e-04
 -4.02812624e-04 -4.37683802e-04 -4.75288040e-04 -5.15813029e-04
 -5.59457035e-04 -6.06429307e-04 -6.56950479e-04 -7.11252974e-04
 -7.69581409e-04 -8.32192984e-04 -8.99357877e-04 -9.71359619e-04
 -1.04849547e-03 -1.13107677e-03 -1.21942927e-03 -1.31389348e-03
 -1.41482495e-03 -1.52259456e-03 -1.63758875e-03 -1.76020978e-03
 -1.89087589e-03 -2.03002146e-03 -2.17809713e-03 -2.33556988e-03
 -2.50292307e-03 -2.68065637e-03 -2.86928574e-03 -3.06934329e-03
 -3.28137707e-03 -3.50595085e-03 -3.74364379e-03 -3.99505004e-03
 -4.26077832e-03 -4.54145133e-03 -4.83770520e-03 -5.15018874e-03
 -5.47956270e-03 -5.82649887e-03 -6.19167914e-03 -6.57579444e-03
 -6.97954360e-03 -7.40363212e-03 -7.84877080e-03 -8.31567435e-03
 -8.80505981e-03 -9.31764494e-03 -9.85414649e-03 -1.04152784e-02
 -1.10017497e-02 -1.16142627e-02 -1.22535109e-02 -1.29201766e-02
 -1.36149286e-02 -1.43384199e-02 -1.50912855e-02 -1.58741391e-02
 -1.66875715e-02 -1.75321472e-02 -1.84084019e-02 -1.93168397e-02
 -2.02579304e-02 -2.12321065e-02 -2.22397604e-02 -2.32812414e-02
 -2.43568529e-02 -2.54668496e-02 -2.66114344e-02 -2.77907557e-02
 -2.90049044e-02 -3.02539113e-02 -3.15377447e-02 -3.28563069e-02
 -3.42094327e-02 -3.55968860e-02 -3.70183583e-02 -3.84734661e-02
 -3.99617487e-02 -4.14826667e-02 -4.30356001e-02 -4.46198465e-02
 -4.62346202e-02 -4.78790507e-02 -4.95521820e-02 -5.12529718e-02
 -5.29802908e-02 -5.47329231e-02 -5.65095655e-02 -5.83088285e-02
 -6.01292365e-02 -6.19692285e-02 -6.38271600e-02 -6.57013036e-02
 -6.75898515e-02 -6.94909168e-02 -7.14025368e-02 -7.33226749e-02
 -7.52492239e-02 -7.71800093e-02 -7.91127929e-02 -8.10452765e-02
 -8.29751064e-02 -8.48998777e-02 -8.68171390e-02 -8.87243975e-02
 -9.06191243e-02 -9.24987600e-02 -9.43607204e-02 -9.62024026e-02
 -9.80211911e-02 -9.98144647e-02 -1.01579602e-01 -1.03313991e-01
 -1.05015031e-01 -1.06680145e-01 -1.08306786e-01 -1.09892440e-01
 -1.11434639e-01 -1.12930966e-01 -1.14379063e-01 -1.15776638e-01
 -1.17121474e-01 -1.18411438e-01 -1.19644484e-01 -1.20818667e-01
 -1.21932147e-01 -1.22983196e-01 -1.23970210e-01 -1.24891714e-01
 -1.25746369e-01 -1.26532983e-01 -1.27250514e-01 -1.27898082e-01
 -1.28474974e-01 -1.28980654e-01 -1.29414765e-01 -1.29777143e-01
 -1.30067820e-01 -1.30287031e-01 -1.30435224e-01 -1.30513063e-01
 -1.30521437e-01 -1.30461464e-01 -1.30334501e-01 -1.30142145e-01
 -1.29886243e-01 -1.29568894e-01 -1.29192455e-01 -1.28759545e-01
 -1.28273048e-01 -1.27736119e-01 -1.27152182e-01 -1.26524937e-01
 -1.25858355e-01 -1.25156682e-01 -1.24424439e-01 -1.23666414e-01
 -1.22887665e-01 -1.22093510e-01 -1.21289523e-01 -1.20481526e-01
 -1.19675580e-01 -1.18877970e-01 -1.18095194e-01 -1.17333948e-01
 -1.16601105e-01 -1.15903697e-01 -1.15248894e-01 -1.14643973e-01
 -1.14096299e-01 -1.13613285e-01 -1.13202370e-01 -1.12870975e-01
 -1.12626471e-01 -1.12476135e-01 -1.12427112e-01 -1.12486367e-01
 -1.12660641e-01 -1.12956401e-01 -1.13379792e-01 -1.13936585e-01
 -1.14632126e-01 -1.15471282e-01 -1.16458391e-01 -1.17597209e-01
 -1.18890856e-01 -1.20341769e-01 -1.21951653e-01 -1.23721432e-01
 -1.25651210e-01 -1.27740225e-01 -1.29986818e-01 -1.32388399e-01
 -1.34941421e-01 -1.37641354e-01 -1.40482678e-01 -1.43458866e-01
 -1.46562389e-01 -1.49784713e-01 -1.53116319e-01 -1.56546721e-01
 -1.60064492e-01 -1.63657303e-01 -1.67311968e-01 -1.71014495e-01
 -1.74750147e-01 -1.78503510e-01 -1.82258571e-01 -1.85998796e-01
 -1.89707223e-01 -1.93366555e-01 -1.96959261e-01 -2.00467679e-01
 -2.03874124e-01 -2.07161003e-01 -2.10310922e-01 -2.13306803e-01
 -2.16131999e-01 -2.18770401e-01 -2.21206557e-01 -2.23425768e-01
 -2.25414201e-01 -2.27158982e-01 -2.28648288e-01 -2.29871430e-01
 -2.30818934e-01 -2.31482605e-01 -2.31855588e-01 -2.31932416e-01
 -2.31709047e-01 -2.31182894e-01 -2.30352842e-01 -2.29219251e-01
 -2.27783951e-01 -2.26050225e-01 -2.24022783e-01 -2.21707721e-01
 -2.19112473e-01 -2.16245754e-01 -2.13117491e-01 -2.09738745e-01
 -2.06121632e-01 -2.02279231e-01 -1.98225487e-01 -1.93975110e-01
 -1.89543472e-01 -1.84946498e-01 -1.80200558e-01 -1.75322353e-01
 -1.70328813e-01 -1.65236979e-01 -1.60063901e-01 -1.54826536e-01
 -1.49541643e-01 -1.44225694e-01 -1.38894779e-01 -1.33564524e-01
 -1.28250015e-01 -1.22965725e-01 -1.17725453e-01 -1.12542266e-01
 -1.07428455e-01 -1.02395488e-01 -9.74539862e-02 -9.26136936e-02
 -8.78834623e-02 -8.32712430e-02 -7.87840826e-02 -7.44281288e-02
 -7.02086410e-02 -6.61300070e-02 -6.21957657e-02 -5.84086341e-02
 -5.47705392e-02 -5.12826538e-02 -4.79454351e-02 -4.47586671e-02
 -4.17215042e-02 -3.88325170e-02 -3.60897398e-02 -3.34907178e-02
 -3.10325552e-02 -2.87119631e-02 -2.65253069e-02 -2.44686519e-02
 -2.25378092e-02 -2.07283781e-02 -1.90357883e-02 -1.74553395e-02
 -1.59822380e-02 -1.46116322e-02 -1.33386449e-02 -1.21584031e-02
 -1.10660653e-02 -1.00568462e-02 -9.12603893e-03 -8.26903446e-03
 -7.48133880e-03 -6.75858764e-03 -6.09655879e-03 -5.49118236e-03
 -4.93854889e-03 -4.43491559e-03 -3.97671076e-03 -3.56053648e-03
 -3.18316997e-03 -2.84156340e-03 -2.53284256e-03 -2.25430449e-03
 -2.00341409e-03 -1.77779993e-03 -1.57524942e-03 -1.39370336e-03
 -1.23125004e-03 -1.08611895e-03 -9.56674335e-04 -8.41408397e-04
 -7.38934550e-04 -6.47980555e-04 -5.67381714e-04 -4.96074138e-04
 -4.33088147e-04 -3.77541834e-04 -3.28634835e-04 -2.85642321e-04
 -2.47909240e-04 -2.14844826e-04 -1.85917383e-04 -1.60649344e-04
 -1.38612630e-04 -1.19424284e-04 -1.02742392e-04 -8.82622844e-05
 -7.57130087e-05 -6.48540627e-05 -5.54723825e-05 -4.73795723e-05
 -4.04093638e-05 -3.44152930e-05 -2.92685829e-05 -2.48562177e-05
 -2.10791973e-05 -1.78509579e-05 -1.50959480e-05 -1.27483473e-05
 -1.07509168e-05 -9.05396884e-06 -7.61444849e-06 -6.39511393e-06
 -5.36380855e-06 -4.49281534e-06 -3.75828564e-06 -3.13973481e-06
 -2.61959814e-06 -2.18284047e-06 -1.81661381e-06 -1.50995784e-06
 -1.25353830e-06 -1.03941909e-06 -8.60864011e-07 -7.12164864e-07
 -5.88492460e-07 -4.85767932e-07 -4.00551717e-07 -3.29948008e-07
 -2.71522664e-07 -2.23232827e-07 -1.83366699e-07 -1.50492104e-07
 -1.23412635e-07 -1.01130350e-07 -8.28140862e-08 -6.77725994e-08
 -5.54318415e-08 -4.53157655e-08 -3.70301444e-08 -3.02489536e-08
 -2.47029313e-08 -2.01699850e-08 -1.64671598e-08 -1.34439271e-08
 -1.09765838e-08 -8.96358854e-09 -7.32168212e-09 -5.98266743e-09
 -4.89073980e-09 -4.00027758e-09 -3.27401631e-09 -2.68154212e-09
 -2.19805041e-09 -1.80332439e-09 -1.48089593e-09 -1.21735688e-09
 -1.00179471e-09 -8.25330636e-10 -6.80741896e-10 -5.62153420e-10
 -4.64786213e-10 -3.84752331e-10 -3.18887933e-10 -2.64617461e-10
 -2.19843225e-10 -1.82855694e-10 -1.52260660e-10 -1.26920117e-10
 -1.05904302e-10 -8.84527846e-11 -7.39429111e-11 -6.18642110e-11
 -5.17976328e-11 -4.33986968e-11 -3.63838170e-11 -3.05191921e-11
 -2.56117756e-11 -2.15019293e-11 -1.80574421e-11 -1.51686530e-11
 -1.27444709e-11 -1.07091221e-11 -8.99948709e-12 -7.56291818e-12
 -6.35544744e-12 -5.34031266e-12 -4.48674303e-12 -3.76895700e-12
 -3.16533365e-12 -2.65772644e-12 -2.23089389e-12 -1.87202639e-12
 -1.57035236e-12 -1.31680990e-12 -1.10377255e-12 -9.24820114e-13
 -7.74546689e-13 -6.48399802e-13 -5.42545408e-13 -4.53754495e-13
 -3.79307752e-13 -3.16915363e-13 -2.64649481e-13 -2.20887345e-13
 -1.84263340e-13 -1.53628585e-13 -1.28016849e-13 -1.06615804e-13
 -8.87427791e-14 -7.38242992e-14 -6.13788338e-14 -5.10022405e-14
 -4.23554909e-14 -3.51543209e-14 -2.91605071e-14 -2.41745150e-14
 -2.00293059e-14 -1.65851215e-14 -1.37250943e-14 -1.13515539e-14
 -9.38292081e-15 -7.75109498e-15 -6.39926240e-15 -5.28005274e-15
 -4.35399335e-15 -3.58821236e-15 -2.95535150e-15 -2.43265520e-15
 -2.00120785e-15 -1.64529545e-15 -1.35187181e-15 -1.11011232e-15
 -9.11041199e-16 -7.47220370e-16 -6.12489854e-16 -5.01751333e-16
 -4.10787813e-16 -3.36113452e-16 -2.74848594e-16 -2.24615844e-16
 -1.83453696e-16 -1.49744790e-16 -1.22156375e-16 -9.95909059e-17
 -8.11451087e-17 -6.60760555e-17 -5.37730858e-17 -4.37345724e-17
 -3.55487124e-17 -2.88776550e-17 -2.34443945e-17 -1.90219555e-17
 -1.54244732e-17 -1.24998429e-17 -1.01236658e-17 -8.19426626e-18
 -6.62859321e-18 -5.35885105e-18 -4.32973209e-18 -3.49614456e-18
 -2.82134864e-18 -2.27542826e-18 -1.83403895e-18 -1.47738258e-18
 -1.18936843e-18 -9.56927103e-19 -7.69449842e-19 -6.18330668e-19
 -4.96592631e-19 -3.98582995e-19 -3.19724762e-19 -2.56314273e-19
 -2.05356436e-19 -1.64430682e-19 -1.31581977e-19 -1.05232277e-19
 -8.41086264e-20 -6.71848145e-20 -5.36340650e-20 -4.27906927e-20
 -3.41190499e-20 -2.71883938e-20 -2.16525568e-20 -1.72335135e-20
 -1.37081069e-20 -1.08973311e-20 -8.65768580e-21 -6.87420540e-21
 -5.45484229e-21 -4.32594410e-21 -3.42861419e-21 -2.71578473e-21
 -2.14986445e-21 -1.70084925e-21 -1.34480581e-21 -1.06265513e-21
 -8.39197378e-22 -6.62330728e-22 -5.22425900e-22 -4.11825757e-22
 -3.24445176e-22 -2.55451318e-22 -2.01008297e-22 -1.58073413e-22
 -1.24234634e-22 -9.75810647e-23 -7.65997635e-23 -6.00936130e-23
 -4.71159782e-23 -3.69187612e-23 -2.89111280e-23 -2.26267388e-23
 -1.76977437e-23 -1.38341617e-23 -1.08075389e-23 -8.43800491e-24
 -6.58402925e-24 -5.13431772e-24 -4.00140709e-24 -3.11660488e-24
 -2.42599423e-24 -1.88728198e-24 -1.46731322e-24 -1.14011295e-24
 -8.85343777e-25 -6.87092183e-25 -5.32913947e-25 -4.13083812e-25
 -3.20006113e-25 -2.47752123e-25 -1.91697083e-25 -1.48235640e-25
 -1.14558884e-25 -8.84797574e-26 -6.82964427e-26 -5.26855179e-26
 -4.06184581e-26 -3.12964173e-26 -2.40993220e-26 -1.85461614e-26
 -1.42640304e-26 -1.09640116e-26 -8.42239737e-27 -6.46607859e-27
 -4.96118292e-27 -3.80424529e-27 -2.91535062e-27 -2.23281162e-27
 -1.70904062e-27 -1.30734948e-27 -9.99470591e-28 -7.63637684e-28
 -5.83100876e-28 -4.44978519e-28 -3.39369969e-28 -2.58670428e-28
 -1.97042162e-28 -1.50006665e-28 -1.14130300e-28 -8.67821434e-29
 -6.59475697e-29 -5.00848329e-29 -3.80147967e-29 -2.88362064e-29
 -2.18606258e-29 -1.65625066e-29 -1.25408954e-29 -9.49008366e-30
 -7.17712558e-30 -5.42462922e-30 -4.09759078e-30 -3.09332904e-30
 -2.33379477e-30 -1.75969831e-30 -1.32602827e-30 -9.98634021e-31
 -7.51621063e-31 -5.65367107e-31 -4.25011951e-31 -3.19308705e-31]
symrep = 0 - 0.13*np.exp(-(x-0.9271799999999999)**2/(2*1.6333333333333335**2))- 0.22*np.exp(-(x-4.536)**2/(2*1.0333333333333334**2))
    