energies = {0: [-0.12874347233881125], 1: [], 2: []}
wfns = {0: [array([ 0.00000000e+00,  8.84482437e-07,  1.76933000e-06,  2.65490798e-06,
        3.54158196e-06,  4.42971797e-06,  5.31968264e-06,  6.21184338e-06,
        7.10656848e-06,  8.00422731e-06,  8.90519043e-06,  9.80982977e-06,
        1.07185188e-05,  1.16316326e-05,  1.25495482e-05,  1.34726445e-05,
        1.44013025e-05,  1.53359056e-05,  1.62768397e-05,  1.72244932e-05,
        1.81792573e-05,  1.91415261e-05,  2.01116969e-05,  2.10901701e-05,
        2.20773498e-05,  2.30736434e-05,  2.40794622e-05,  2.50952215e-05,
        2.61213406e-05,  2.71582430e-05,  2.82063568e-05,  2.92661148e-05,
        3.03379543e-05,  3.14223180e-05,  3.25196533e-05,  3.36304133e-05,
        3.47550567e-05,  3.58940475e-05,  3.70478561e-05,  3.82169587e-05,
        3.94018379e-05,  4.06029830e-05,  4.18208898e-05,  4.30560609e-05,
        4.43090065e-05,  4.55802436e-05,  4.68702970e-05,  4.81796994e-05,
        4.95089913e-05,  5.08587214e-05,  5.22294469e-05,  5.36217337e-05,
        5.50361565e-05,  5.64732993e-05,  5.79337553e-05,  5.94181275e-05,
        6.09270285e-05,  6.24610813e-05,  6.40209193e-05,  6.56071862e-05,
        6.72205370e-05,  6.88616377e-05,  7.05311658e-05,  7.22298104e-05,
        7.39582728e-05,  7.57172666e-05,  7.75075179e-05,  7.93297657e-05,
        8.11847622e-05,  8.30732734e-05,  8.49960788e-05,  8.69539721e-05,
        8.89477616e-05,  9.09782704e-05,  9.30463367e-05,  9.51528142e-05,
        9.72985727e-05,  9.94844977e-05,  1.01711492e-04,  1.03980474e-04,
        1.06292382e-04,  1.08648169e-04,  1.11048808e-04,  1.13495290e-04,
        1.15988625e-04,  1.18529842e-04,  1.21119990e-04,  1.23760140e-04,
        1.26451379e-04,  1.29194820e-04,  1.31991595e-04,  1.34842859e-04,
        1.37749788e-04,  1.40713583e-04,  1.43735467e-04,  1.46816688e-04,
        1.49958517e-04,  1.53162252e-04,  1.56429215e-04,  1.59760756e-04,
        1.63158248e-04,  1.66623095e-04,  1.70156727e-04,  1.73760603e-04,
        1.77436211e-04,  1.81185067e-04,  1.85008720e-04,  1.88908748e-04,
        1.92886762e-04,  1.96944402e-04,  2.01083345e-04,  2.05305298e-04,
        2.09612006e-04,  2.14005245e-04,  2.18486829e-04,  2.23058609e-04,
        2.27722472e-04,  2.32480342e-04,  2.37334185e-04,  2.42286004e-04,
        2.47337843e-04,  2.52491787e-04,  2.57749965e-04,  2.63114547e-04,
        2.68587748e-04,  2.74171826e-04,  2.79869087e-04,  2.85681884e-04,
        2.91612616e-04,  2.97663730e-04,  3.03837726e-04,  3.10137151e-04,
        3.16564607e-04,  3.23122747e-04,  3.29814277e-04,  3.36641961e-04,
        3.43608617e-04,  3.50717122e-04,  3.57970408e-04,  3.65371472e-04,
        3.72923367e-04,  3.80629212e-04,  3.88492188e-04,  3.96515541e-04,
        4.04702583e-04,  4.13056693e-04,  4.21581321e-04,  4.30279985e-04,
        4.39156277e-04,  4.48213861e-04,  4.57456476e-04,  4.66887937e-04,
        4.76512138e-04,  4.86333053e-04,  4.96354734e-04,  5.06581320e-04,
        5.17017033e-04,  5.27666179e-04,  5.38533156e-04,  5.49622449e-04,
        5.60938636e-04,  5.72486390e-04,  5.84270476e-04,  5.96295760e-04,
        6.08567206e-04,  6.21089880e-04,  6.33868951e-04,  6.46909695e-04,
        6.60217495e-04,  6.73797845e-04,  6.87656352e-04,  7.01798735e-04,
        7.16230835e-04,  7.30958607e-04,  7.45988133e-04,  7.61325617e-04,
        7.76977389e-04,  7.92949913e-04,  8.09249781e-04,  8.25883722e-04,
        8.42858603e-04,  8.60181432e-04,  8.77859360e-04,  8.95899684e-04,
        9.14309852e-04,  9.33097465e-04,  9.52270277e-04,  9.71836204e-04,
        9.91803323e-04,  1.01217988e-03,  1.03297428e-03,  1.05419511e-03,
        1.07585113e-03,  1.09795128e-03,  1.12050469e-03,  1.14352067e-03,
        1.16700871e-03,  1.19097851e-03,  1.21543997e-03,  1.24040319e-03,
        1.26587846e-03,  1.29187632e-03,  1.31840749e-03,  1.34548292e-03,
        1.37311379e-03,  1.40131150e-03,  1.43008771e-03,  1.45945428e-03,
        1.48942334e-03,  1.52000726e-03,  1.55121867e-03,  1.58307045e-03,
        1.61557575e-03,  1.64874799e-03,  1.68260087e-03,  1.71714835e-03,
        1.75240471e-03,  1.78838448e-03,  1.82510254e-03,  1.86257403e-03,
        1.90081443e-03,  1.93983952e-03,  1.97966541e-03,  2.02030855e-03,
        2.06178570e-03,  2.10411400e-03,  2.14731091e-03,  2.19139428e-03,
        2.23638229e-03,  2.28229352e-03,  2.32914692e-03,  2.37696184e-03,
        2.42575801e-03,  2.47555558e-03,  2.52637510e-03,  2.57823756e-03,
        2.63116436e-03,  2.68517735e-03,  2.74029883e-03,  2.79655156e-03,
        2.85395875e-03,  2.91254411e-03,  2.97233182e-03,  3.03334656e-03,
        3.09561352e-03,  3.15915840e-03,  3.22400744e-03,  3.29018740e-03,
        3.35772561e-03,  3.42664995e-03,  3.49698886e-03,  3.56877139e-03,
        3.64202716e-03,  3.71678642e-03,  3.79308003e-03,  3.87093948e-03,
        3.95039692e-03,  4.03148513e-03,  4.11423760e-03,  4.19868848e-03,
        4.28487264e-03,  4.37282564e-03,  4.46258380e-03,  4.55418417e-03,
        4.64766455e-03,  4.74306352e-03,  4.84042048e-03,  4.93977559e-03,
        5.04116988e-03,  5.14464518e-03,  5.25024422e-03,  5.35801056e-03,
        5.46798869e-03,  5.58022400e-03,  5.69476280e-03,  5.81165236e-03,
        5.93094092e-03,  6.05267771e-03,  6.17691295e-03,  6.30369792e-03,
        6.43308492e-03,  6.56512733e-03,  6.69987963e-03,  6.83739741e-03,
        6.97773740e-03,  7.12095749e-03,  7.26711675e-03,  7.41627545e-03,
        7.56849512e-03,  7.72383851e-03,  7.88236968e-03,  8.04415398e-03,
        8.20925811e-03,  8.37775012e-03,  8.54969943e-03,  8.72517691e-03,
        8.90425485e-03,  9.08700702e-03,  9.27350868e-03,  9.46383664e-03,
        9.65806923e-03,  9.85628642e-03,  1.00585698e-02,  1.02650025e-02,
        1.04756695e-02,  1.06906574e-02,  1.09100546e-02,  1.11339512e-02,
        1.13624392e-02,  1.15956124e-02,  1.18335666e-02,  1.20763993e-02,
        1.23242102e-02,  1.25771008e-02,  1.28351747e-02,  1.30985377e-02,
        1.33672975e-02,  1.36415640e-02,  1.39214494e-02,  1.42070679e-02,
        1.44985363e-02,  1.47959733e-02,  1.50995002e-02,  1.54092407e-02,
        1.57253207e-02,  1.60478687e-02,  1.63770158e-02,  1.67128955e-02,
        1.70556439e-02,  1.74053998e-02,  1.77623046e-02,  1.81265024e-02,
        1.84981403e-02,  1.88773678e-02,  1.92643375e-02,  1.96592048e-02,
        2.00621281e-02,  2.04732688e-02,  2.08927911e-02,  2.13208625e-02,
        2.17576534e-02,  2.22033376e-02,  2.26580918e-02,  2.31220961e-02,
        2.35955338e-02,  2.40785917e-02,  2.45714596e-02,  2.50743311e-02,
        2.55874029e-02,  2.61108754e-02,  2.66449525e-02,  2.71898416e-02,
        2.77457537e-02,  2.83129035e-02,  2.88915093e-02,  2.94817934e-02,
        3.00839814e-02,  3.06983032e-02,  3.13249921e-02,  3.19642855e-02,
        3.26164248e-02,  3.32816549e-02,  3.39602252e-02,  3.46523888e-02,
        3.53584026e-02,  3.60785278e-02,  3.68130294e-02,  3.75621766e-02,
        3.83262422e-02,  3.91055032e-02,  3.99002401e-02,  4.07107375e-02,
        4.15372832e-02,  4.23801686e-02,  4.32396883e-02,  4.41161395e-02,
        4.50098221e-02,  4.59210380e-02,  4.68500903e-02,  4.77972830e-02,
        4.87629200e-02,  4.97473037e-02,  5.07507341e-02,  5.17735074e-02,
        5.28159138e-02,  5.38782355e-02,  5.49607444e-02,  5.60636991e-02,
        5.71873414e-02,  5.83318926e-02,  5.94975487e-02,  6.06844759e-02,
        6.18928040e-02,  6.31226207e-02,  6.43739638e-02,  6.56468133e-02,
        6.69410822e-02,  6.82566070e-02,  6.95931368e-02,  7.09503218e-02,
        7.23277009e-02,  7.37246884e-02,  7.51405603e-02,  7.65744400e-02,
        7.80252833e-02,  7.94918633e-02,  8.09727556e-02,  8.24663236e-02,
        8.39707040e-02,  8.54837939e-02,  8.70032389e-02,  8.85264225e-02,
        9.00504588e-02,  9.15721862e-02,  9.30881660e-02,  9.45946827e-02,
        9.60877501e-02,  9.75631198e-02,  9.90162961e-02,  1.00442555e-01,
        1.01836969e-01,  1.03194435e-01,  1.04509711e-01,  1.05777456e-01,
        1.06992273e-01,  1.08148759e-01,  1.09241557e-01,  1.10265412e-01,
        1.11215230e-01,  1.12086133e-01,  1.12873520e-01,  1.13573127e-01,
        1.14181076e-01,  1.14693933e-01,  1.15108750e-01,  1.15423109e-01,
        1.15635154e-01,  1.15743619e-01,  1.15747848e-01,  1.15647801e-01,
        1.15444057e-01,  1.15137805e-01,  1.14730825e-01,  1.14225469e-01,
        1.13624619e-01,  1.12931652e-01,  1.12150396e-01,  1.11285071e-01,
        1.10340244e-01,  1.09320764e-01,  1.08231708e-01,  1.07078320e-01,
        1.05865955e-01,  1.04600018e-01,  1.03285920e-01,  1.01929021e-01,
        1.00534584e-01,  9.91077432e-02,  9.76534575e-02,  9.61764878e-02,
        9.46813685e-02,  9.31723885e-02,  9.16535762e-02,  9.01286891e-02,
        8.86012085e-02,  8.70743371e-02,  8.55510016e-02,  8.40338572e-02,
        8.25252956e-02,  8.10274545e-02,  7.95422298e-02,  7.80712885e-02,
        7.66160825e-02,  7.51778638e-02,  7.37576991e-02,  7.23564851e-02,
        7.09749632e-02,  6.96137345e-02,  6.82732730e-02,  6.69539394e-02,
        6.56559936e-02,  6.43796062e-02,  6.31248697e-02,  6.18918081e-02,
        6.06803863e-02,  5.94905181e-02,  5.83220739e-02,  5.71748872e-02,
        5.60487604e-02,  5.49434703e-02,  5.38587724e-02,  5.27944049e-02,
        5.17500925e-02,  5.07255488e-02,  4.97204794e-02,  4.87345840e-02,
        4.77675579e-02,  4.68190939e-02,  4.58888834e-02,  4.49766178e-02,
        4.40819892e-02,  4.32046908e-02,  4.23444182e-02,  4.15008694e-02,
        4.06737453e-02,  3.98627503e-02,  3.90675919e-02,  3.82879816e-02,
        3.75236347e-02,  3.67742702e-02,  3.60396113e-02,  3.53193854e-02,
        3.46133237e-02,  3.39211618e-02,  3.32426393e-02,  3.25774999e-02,
        3.19254915e-02,  3.12863659e-02,  3.06598792e-02,  3.00457913e-02,
        2.94438662e-02,  2.88538720e-02,  2.82755804e-02,  2.77087673e-02,
        2.71532122e-02,  2.66086984e-02,  2.60750133e-02,  2.55519475e-02,
        2.50392956e-02,  2.45368557e-02,  2.40444296e-02,  2.35618224e-02,
        2.30888430e-02,  2.26253034e-02,  2.21710192e-02,  2.17258093e-02,
        2.12894960e-02,  2.08619046e-02,  2.04428639e-02,  2.00322056e-02,
        1.96297647e-02,  1.92353792e-02,  1.88488902e-02,  1.84701416e-02,
        1.80989805e-02,  1.77352565e-02,  1.73788225e-02,  1.70295338e-02,
        1.66872486e-02,  1.63518280e-02,  1.60231354e-02,  1.57010371e-02,
        1.53854019e-02,  1.50761010e-02,  1.47730082e-02,  1.44759998e-02,
        1.41849544e-02,  1.38997530e-02,  1.36202789e-02,  1.33464177e-02,
        1.30780572e-02,  1.28150874e-02,  1.25574006e-02,  1.23048909e-02,
        1.20574549e-02,  1.18149909e-02,  1.15773993e-02,  1.13445825e-02,
        1.11164449e-02,  1.08928926e-02,  1.06738337e-02,  1.04591782e-02,
        1.02488376e-02,  1.00427255e-02,  9.84075687e-03,  9.64284871e-03,
        9.44891947e-03,  9.25888927e-03,  9.07267983e-03,  8.89021443e-03,
        8.71141787e-03,  8.53621647e-03,  8.36453801e-03,  8.19631172e-03,
        8.03146823e-03,  7.86993959e-03,  7.71165917e-03,  7.55656171e-03,
        7.40458323e-03,  7.25566106e-03,  7.10973375e-03,  6.96674111e-03,
        6.82662416e-03,  6.68932507e-03,  6.55478721e-03,  6.42295505e-03,
        6.29377421e-03,  6.16719138e-03,  6.04315431e-03,  5.92161183e-03,
        5.80251377e-03,  5.68581099e-03,  5.57145531e-03,  5.45939955e-03,
        5.34959745e-03,  5.24200369e-03,  5.13657386e-03,  5.03326446e-03,
        4.93203283e-03,  4.83283719e-03,  4.73563660e-03,  4.64039093e-03,
        4.54706088e-03,  4.45560791e-03,  4.36599427e-03,  4.27818298e-03,
        4.19213778e-03,  4.10782316e-03,  4.02520431e-03,  3.94424713e-03,
        3.86491819e-03,  3.78718476e-03,  3.71101474e-03,  3.63637668e-03,
        3.56323979e-03,  3.49157386e-03,  3.42134931e-03,  3.35253715e-03,
        3.28510898e-03,  3.21903696e-03,  3.15429382e-03,  3.09085282e-03,
        3.02868778e-03,  2.96777304e-03,  2.90808345e-03,  2.84959437e-03,
        2.79228165e-03,  2.73612164e-03,  2.68109115e-03,  2.62716746e-03,
        2.57432831e-03,  2.52255189e-03,  2.47181683e-03,  2.42210218e-03,
        2.37338742e-03,  2.32565244e-03,  2.27887753e-03,  2.23304338e-03,
        2.18813107e-03,  2.14412206e-03,  2.10099819e-03,  2.05874165e-03,
        2.01733499e-03,  1.97676113e-03,  1.93700331e-03,  1.89804512e-03,
        1.85987048e-03,  1.82246363e-03,  1.78580912e-03,  1.74989183e-03,
        1.71469693e-03,  1.68020989e-03,  1.64641646e-03,  1.61330271e-03,
        1.58085496e-03,  1.54905982e-03,  1.51790416e-03,  1.48737511e-03,
        1.45746008e-03,  1.42814672e-03,  1.39942293e-03,  1.37127684e-03,
        1.34369684e-03,  1.31667154e-03,  1.29018979e-03,  1.26424065e-03,
        1.23881342e-03,  1.21389759e-03,  1.18948288e-03,  1.16555921e-03,
        1.14211670e-03,  1.11914569e-03,  1.09663667e-03,  1.07458037e-03,
        1.05296767e-03,  1.03178966e-03,  1.01103759e-03,  9.90702899e-04,
        9.70777185e-04,  9.51252226e-04,  9.32119962e-04,  9.13372494e-04,
        8.95002083e-04,  8.77001145e-04,  8.59362250e-04,  8.42078115e-04,
        8.25141606e-04,  8.08545731e-04,  7.92283638e-04,  7.76348614e-04,
        7.60734082e-04,  7.45433595e-04,  7.30440836e-04,  7.15749617e-04,
        7.01353873e-04,  6.87247660e-04,  6.73425157e-04,  6.59880655e-04,
        6.46608564e-04,  6.33603406e-04,  6.20859810e-04,  6.08372518e-04,
        5.96136372e-04,  5.84146323e-04,  5.72397420e-04,  5.60884813e-04,
        5.49603750e-04,  5.38549573e-04,  5.27717720e-04,  5.17103718e-04,
        5.06703187e-04,  4.96511832e-04,  4.86525446e-04,  4.76739906e-04,
        4.67151174e-04,  4.57755291e-04,  4.48548377e-04,  4.39526633e-04,
        4.30686333e-04,  4.22023828e-04,  4.13535543e-04,  4.05217973e-04,
        3.97067684e-04,  3.89081312e-04,  3.81255560e-04,  3.73587198e-04,
        3.66073059e-04,  3.58710042e-04,  3.51495107e-04,  3.44425276e-04,
        3.37497630e-04,  3.30709309e-04,  3.24057511e-04,  3.17539490e-04,
        3.11152555e-04,  3.04894070e-04,  2.98761451e-04,  2.92752166e-04,
        2.86863734e-04,  2.81093725e-04,  2.75439757e-04,  2.69899496e-04,
        2.64470653e-04,  2.59150990e-04,  2.53938308e-04,  2.48830457e-04,
        2.43825328e-04,  2.38920855e-04,  2.34115012e-04,  2.29405817e-04,
        2.24791324e-04,  2.20269630e-04,  2.15838866e-04,  2.11497206e-04,
        2.07242855e-04,  2.03074057e-04,  1.98989093e-04,  1.94986275e-04,
        1.91063951e-04,  1.87220501e-04,  1.83454340e-04,  1.79763912e-04,
        1.76147693e-04,  1.72604192e-04,  1.69131945e-04,  1.65729519e-04,
        1.62395509e-04,  1.59128539e-04,  1.55927261e-04,  1.52790351e-04,
        1.49716517e-04,  1.46704488e-04,  1.43753022e-04,  1.40860899e-04,
        1.38026927e-04,  1.35249934e-04,  1.32528775e-04,  1.29862327e-04,
        1.27249488e-04,  1.24689180e-04,  1.22180346e-04,  1.19721951e-04,
        1.17312978e-04,  1.14952435e-04,  1.12639347e-04,  1.10372757e-04,
        1.08151732e-04,  1.05975354e-04,  1.03842724e-04,  1.01752963e-04,
        9.97052072e-05,  9.76986115e-05,  9.57323476e-05,  9.38056038e-05,
        9.19175846e-05,  9.00675108e-05,  8.82546185e-05,  8.64781593e-05,
        8.47373999e-05,  8.30316216e-05,  8.13601204e-05,  7.97222061e-05,
        7.81172026e-05,  7.65444474e-05,  7.50032911e-05,  7.34930976e-05,
        7.20132433e-05,  7.05631175e-05,  6.91421214e-05,  6.77496685e-05,
        6.63851839e-05,  6.50481043e-05,  6.37378778e-05,  6.24539635e-05,
        6.11958313e-05,  5.99629619e-05,  5.87548463e-05,  5.75709858e-05,
        5.64108917e-05,  5.52740850e-05,  5.41600965e-05,  5.30684663e-05,
        5.19987437e-05,  5.09504872e-05,  4.99232639e-05,  4.89166500e-05,
        4.79302297e-05,  4.69635959e-05,  4.60163495e-05,  4.50880996e-05,
        4.41784629e-05,  4.32870638e-05,  4.24135344e-05,  4.15575142e-05,
        4.07186496e-05,  3.98965945e-05,  3.90910094e-05,  3.83015618e-05,
        3.75279258e-05,  3.67697820e-05,  3.60268174e-05,  3.52987254e-05,
        3.45852054e-05,  3.38859628e-05,  3.32007089e-05,  3.25291609e-05,
        3.18710416e-05,  3.12260791e-05,  3.05940074e-05,  2.99745655e-05,
        2.93674976e-05,  2.87725532e-05,  2.81894866e-05,  2.76180572e-05,
        2.70580290e-05,  2.65091708e-05,  2.59712562e-05,  2.54440629e-05,
        2.49273735e-05,  2.44209745e-05,  2.39246569e-05,  2.34382159e-05,
        2.29614506e-05,  2.24941642e-05,  2.20361639e-05,  2.15872604e-05,
        2.11472686e-05,  2.07160068e-05,  2.02932969e-05,  1.98789645e-05,
        1.94728385e-05,  1.90747512e-05,  1.86845383e-05,  1.83020388e-05,
        1.79270946e-05,  1.75595512e-05,  1.71992566e-05,  1.68460622e-05,
        1.64998221e-05,  1.61603935e-05,  1.58276362e-05,  1.55014129e-05,
        1.51815888e-05,  1.48680319e-05,  1.45606129e-05,  1.42592047e-05,
        1.39636830e-05,  1.36739258e-05,  1.33898134e-05,  1.31112286e-05,
        1.28380563e-05,  1.25701839e-05,  1.23075006e-05,  1.20498981e-05,
        1.17972700e-05,  1.15495121e-05,  1.13065220e-05,  1.10681994e-05,
        1.08344460e-05,  1.06051653e-05,  1.03802626e-05,  1.01596450e-05,
        9.94322152e-06,  9.73090279e-06,  9.52260116e-06,  9.31823063e-06,
        9.11770684e-06,  8.92094701e-06,  8.72786991e-06,  8.53839584e-06,
        8.35244658e-06,  8.16994536e-06,  7.99081684e-06,  7.81498708e-06,
        7.64238350e-06,  7.47293483e-06,  7.30657112e-06,  7.14322371e-06,
        6.98282515e-06,  6.82530923e-06,  6.67061092e-06,  6.51866636e-06,
        6.36941283e-06,  6.22278872e-06,  6.07873348e-06,  5.93718766e-06,
        5.79809282e-06,  5.66139153e-06,  5.52702738e-06,  5.39494489e-06,
        5.26508952e-06,  5.13740769e-06,  5.01184667e-06,  4.88835464e-06,
        4.76688060e-06,  4.64737443e-06,  4.52978678e-06,  4.41406910e-06,
        4.30017364e-06,  4.18805337e-06,  4.07766200e-06,  3.96895397e-06,
        3.86188439e-06,  3.75640907e-06,  3.65248447e-06,  3.55006768e-06,
        3.44911643e-06,  3.34958903e-06,  3.25144441e-06,  3.15464204e-06,
        3.05914197e-06,  2.96490476e-06,  2.87189153e-06,  2.78006386e-06,
        2.68938386e-06,  2.59981409e-06,  2.51131756e-06,  2.42385776e-06,
        2.33739856e-06,  2.25190429e-06,  2.16733965e-06,  2.08366972e-06,
        2.00085998e-06,  1.91887622e-06,  1.83768461e-06,  1.75725163e-06,
        1.67754408e-06,  1.59852905e-06,  1.52017392e-06,  1.44244635e-06,
        1.36531424e-06,  1.28874577e-06,  1.21270931e-06,  1.13717348e-06,
        1.06210709e-06,  9.87479168e-07,  9.13258891e-07,  8.39415625e-07,
        7.65918885e-07,  6.92738330e-07,  6.19843750e-07,  5.47205054e-07,
        4.74792254e-07,  4.02575456e-07,  3.30524850e-07,  2.58610690e-07,
        1.86803289e-07,  1.15073005e-07,  4.33902244e-08, -2.82746437e-08])], 1: [], 2: []}
KEDs = {0: [array([ 0.00000000e+00,  6.46036739e-16,  1.93917711e-15,  3.88155667e-15,
        6.47638314e-15,  9.72794173e-15,  1.36416022e-14,  1.82238278e-14,
        2.34821858e-14,  2.94253600e-14,  3.60631653e-14,  4.34065636e-14,
        5.14676823e-14,  6.02598337e-14,  6.97975376e-14,  8.00965450e-14,
        9.11738641e-14,  1.03047789e-13,  1.15737927e-13,  1.29265238e-13,
        1.43652059e-13,  1.58922151e-13,  1.75100730e-13,  1.92214516e-13,
        2.10291769e-13,  2.29362345e-13,  2.49457736e-13,  2.70611130e-13,
        2.92857460e-13,  3.16233464e-13,  3.40777747e-13,  3.66530843e-13,
        3.93535280e-13,  4.21835656e-13,  4.51478707e-13,  4.82513386e-13,
        5.14990946e-13,  5.48965022e-13,  5.84491720e-13,  6.21629711e-13,
        6.60440325e-13,  7.00987656e-13,  7.43338666e-13,  7.87563295e-13,
        8.33734578e-13,  8.81928765e-13,  9.32225444e-13,  9.84707679e-13,
        1.03946214e-12,  1.09657925e-12,  1.15615334e-12,  1.21828279e-12,
        1.28307020e-12,  1.35062257e-12,  1.42105145e-12,  1.49447316e-12,
        1.57100894e-12,  1.65078519e-12,  1.73393366e-12,  1.82059166e-12,
        1.91090231e-12,  2.00501474e-12,  2.10308438e-12,  2.20527318e-12,
        2.31174990e-12,  2.42269039e-12,  2.53827785e-12,  2.65870318e-12,
        2.78416524e-12,  2.91487123e-12,  3.05103701e-12,  3.19288744e-12,
        3.34065679e-12,  3.49458908e-12,  3.65493853e-12,  3.82196994e-12,
        3.99595916e-12,  4.17719352e-12,  4.36597233e-12,  4.56260732e-12,
        4.76742325e-12,  4.98075835e-12,  5.20296493e-12,  5.43440996e-12,
        5.67547565e-12,  5.92656011e-12,  6.18807799e-12,  6.46046117e-12,
        6.74415949e-12,  7.03964144e-12,  7.34739501e-12,  7.66792843e-12,
        8.00177105e-12,  8.34947418e-12,  8.71161204e-12,  9.08878268e-12,
        9.48160898e-12,  9.89073967e-12,  1.03168504e-11,  1.07606449e-11,
        1.12228560e-11,  1.17042471e-11,  1.22056131e-11,  1.27277820e-11,
        1.32716163e-11,  1.38380139e-11,  1.44279102e-11,  1.50422795e-11,
        1.56821362e-11,  1.63485373e-11,  1.70425830e-11,  1.77654197e-11,
        1.85182410e-11,  1.93022901e-11,  2.01188620e-11,  2.09693051e-11,
        2.18550239e-11,  2.27774811e-11,  2.37382000e-11,  2.47387674e-11,
        2.57808354e-11,  2.68661251e-11,  2.79964288e-11,  2.91736130e-11,
        3.03996219e-11,  3.16764801e-11,  3.30062963e-11,  3.43912665e-11,
        3.58336781e-11,  3.73359131e-11,  3.89004523e-11,  4.05298794e-11,
        4.22268854e-11,  4.39942729e-11,  4.58349604e-11,  4.77519879e-11,
        4.97485212e-11,  5.18278574e-11,  5.39934305e-11,  5.62488168e-11,
        5.85977409e-11,  6.10440820e-11,  6.35918800e-11,  6.62453425e-11,
        6.90088516e-11,  7.18869709e-11,  7.48844537e-11,  7.80062500e-11,
        8.12575153e-11,  8.46436190e-11,  8.81701529e-11,  9.18429409e-11,
        9.56680485e-11,  9.96517926e-11,  1.03800752e-10,  1.08121779e-10,
        1.12622009e-10,  1.17308874e-10,  1.22190114e-10,  1.27273790e-10,
        1.32568298e-10,  1.38082381e-10,  1.43825146e-10,  1.49806076e-10,
        1.56035048e-10,  1.62522349e-10,  1.69278694e-10,  1.76315238e-10,
        1.83643604e-10,  1.91275892e-10,  1.99224709e-10,  2.07503179e-10,
        2.16124976e-10,  2.25104338e-10,  2.34456092e-10,  2.44195684e-10,
        2.54339197e-10,  2.64903384e-10,  2.75905690e-10,  2.87364285e-10,
        2.99298092e-10,  3.11726819e-10,  3.24670992e-10,  3.38151987e-10,
        3.52192067e-10,  3.66814418e-10,  3.82043190e-10,  3.97903530e-10,
        4.14421633e-10,  4.31624775e-10,  4.49541368e-10,  4.68200999e-10,
        4.87634485e-10,  5.07873917e-10,  5.28952721e-10,  5.50905708e-10,
        5.73769130e-10,  5.97580746e-10,  6.22379879e-10,  6.48207484e-10,
        6.75106214e-10,  7.03120490e-10,  7.32296576e-10,  7.62682655e-10,
        7.94328907e-10,  8.27287596e-10,  8.61613149e-10,  8.97362254e-10,
        9.34593948e-10,  9.73369717e-10,  1.01375360e-09,  1.05581228e-09,
        1.09961522e-09,  1.14523476e-09,  1.19274624e-09,  1.24222812e-09,
        1.29376210e-09,  1.34743331e-09,  1.40333037e-09,  1.46154560e-09,
        1.52217512e-09,  1.58531908e-09,  1.65108174e-09,  1.71957170e-09,
        1.79090208e-09,  1.86519067e-09,  1.94256015e-09,  2.02313829e-09,
        2.10705816e-09,  2.19445834e-09,  2.28548316e-09,  2.38028295e-09,
        2.47901426e-09,  2.58184012e-09,  2.68893035e-09,  2.80046178e-09,
        2.91661860e-09,  3.03759263e-09,  3.16358362e-09,  3.29479964e-09,
        3.43145736e-09,  3.57378245e-09,  3.72200992e-09,  3.87638454e-09,
        4.03716122e-09,  4.20460543e-09,  4.37899367e-09,  4.56061387e-09,
        4.74976593e-09,  4.94676214e-09,  5.15192778e-09,  5.36560157e-09,
        5.58813629e-09,  5.81989934e-09,  6.06127334e-09,  6.31265676e-09,
        6.57446458e-09,  6.84712899e-09,  7.13110005e-09,  7.42684648e-09,
        7.73485641e-09,  8.05563819e-09,  8.38972121e-09,  8.73765676e-09,
        9.10001898e-09,  9.47740574e-09,  9.87043966e-09,  1.02797691e-08,
        1.07060693e-08,  1.11500434e-08,  1.16124234e-08,  1.20939719e-08,
        1.25954828e-08,  1.31177828e-08,  1.36617328e-08,  1.42282291e-08,
        1.48182052e-08,  1.54326329e-08,  1.60725242e-08,  1.67389326e-08,
        1.74329552e-08,  1.81557343e-08,  1.89084589e-08,  1.96923672e-08,
        2.05087480e-08,  2.13589434e-08,  2.22443501e-08,  2.31664226e-08,
        2.41266744e-08,  2.51266814e-08,  2.61680839e-08,  2.72525891e-08,
        2.83819739e-08,  2.95580877e-08,  3.07828552e-08,  3.20582795e-08,
        3.33864451e-08,  3.47695209e-08,  3.62097639e-08,  3.77095225e-08,
        3.92712397e-08,  4.08974573e-08,  4.25908196e-08,  4.43540769e-08,
        4.61900902e-08,  4.81018350e-08,  5.00924058e-08,  5.21650205e-08,
        5.43230253e-08,  5.65698993e-08,  5.89092595e-08,  6.13448659e-08,
        6.38806269e-08,  6.65206047e-08,  6.92690207e-08,  7.21302618e-08,
        7.51088860e-08,  7.82096283e-08,  8.14374079e-08,  8.47973338e-08,
        8.82947120e-08,  9.19350523e-08,  9.57240755e-08,  9.96677203e-08,
        1.03772152e-07,  1.08043767e-07,  1.12489206e-07,  1.17115357e-07,
        1.21929368e-07,  1.26938650e-07,  1.32150891e-07,  1.37574064e-07,
        1.43216434e-07,  1.49086570e-07,  1.55193352e-07,  1.61545983e-07,
        1.68154000e-07,  1.75027281e-07,  1.82176059e-07,  1.89610933e-07,
        1.97342876e-07,  2.05383249e-07,  2.13743814e-07,  2.22436741e-07,
        2.31474627e-07,  2.40870502e-07,  2.50637846e-07,  2.60790601e-07,
        2.71343181e-07,  2.82310490e-07,  2.93707928e-07,  3.05551410e-07,
        3.17857374e-07,  3.30642791e-07,  3.43925178e-07,  3.57722602e-07,
        3.72053689e-07,  3.86937622e-07,  4.02394139e-07,  4.18443525e-07,
        4.35106592e-07,  4.52404653e-07,  4.70359480e-07,  4.88993243e-07,
        5.08328431e-07,  5.28387745e-07,  5.49193950e-07,  5.70769697e-07,
        5.93137279e-07,  6.16318331e-07,  6.40333454e-07,  6.65201735e-07,
        6.90940164e-07,  7.17562909e-07,  7.45080441e-07,  7.73498458e-07,
        8.02816607e-07,  8.33026939e-07,  8.64112085e-07,  8.96043094e-07,
        9.28776909e-07,  9.62253417e-07,  9.96392049e-07,  1.03108787e-06,
        1.06620716e-06,  1.10158236e-06,  1.13700649e-06,  1.17222693e-06,
        1.20693855e-06,  1.24077635e-06,  1.27330749e-06,  1.30402287e-06,
        1.33232842e-06,  1.35753614e-06,  1.37885521e-06,  1.39538336e-06,
        1.40609887e-06,  1.40985352e-06,  1.40536697e-06,  1.39122315e-06,
        1.36586907e-06,  1.32761687e-06,  1.27464969e-06,  1.20503203e-06,
        1.11672542e-06,  1.00761005e-06,  8.75512904e-07,  7.18243177e-07,
        5.33635048e-07,  3.19598246e-07,  7.41762163e-08, -2.04388510e-07,
       -5.17582501e-07, -8.66544396e-07, -1.25198435e-06, -1.67410212e-06,
       -2.13250645e-06, -2.62613893e-06, -3.15320572e-06, -3.71112106e-06,
       -4.29646637e-06, -4.90496894e-06, -5.53150363e-06, -6.17012098e-06,
       -6.81410369e-06, -7.45605328e-06, -8.08800662e-06, -8.70158149e-06,
       -9.28814817e-06, -9.83902285e-06, -1.03456774e-05, -1.07999580e-05,
       -1.11943058e-05, -1.15219692e-05, -1.17772011e-05, -1.19554314e-05,
       -1.20534071e-05, -1.20692944e-05, -1.20027371e-05, -1.18548696e-05,
       -1.16282824e-05, -1.13269430e-05, -1.09560757e-05, -1.05220042e-05,
       -1.00319663e-05, -9.49390709e-06, -8.91625984e-06, -8.30772389e-06,
       -7.67704695e-06, -7.03282043e-06, -6.38329370e-06, -5.73621281e-06,
       -5.09868706e-06, -4.47708576e-06, -3.87696563e-06, -3.30302816e-06,
       -2.75910516e-06, -2.24816952e-06, -1.77236792e-06, -1.33307144e-06,
       -9.30940272e-07, -5.65998297e-07, -2.37713957e-07,  5.49161035e-08,
        3.13283594e-07,  5.39087805e-07,  7.34259515e-07,  9.00891035e-07,
        1.04117341e-06,  1.15734137e-06,  1.25162623e-06,  1.32621667e-06,
        1.38322708e-06,  1.42467295e-06,  1.45245267e-06,  1.46833505e-06,
        1.47395181e-06,  1.47079433e-06,  1.46021379e-06,  1.44342427e-06,
        1.42150796e-06,  1.39542204e-06,  1.36600672e-06,  1.33399398e-06,
        1.30001675e-06,  1.26461810e-06,  1.22826036e-06,  1.19133390e-06,
        1.15416548e-06,  1.11702599e-06,  1.08013771e-06,  1.04368088e-06,
        1.00779958e-06,  9.72607148e-07,  9.38190796e-07,  9.04615837e-07,
        8.71929277e-07,  8.40162962e-07,  8.09336280e-07,  7.79458469e-07,
        7.50530569e-07,  7.22547079e-07,  6.95497329e-07,  6.69366633e-07,
        6.44137235e-07,  6.19789086e-07,  5.96300478e-07,  5.73648555e-07,
        5.51809727e-07,  5.30759994e-07,  5.10475206e-07,  4.90931267e-07,
        4.72104287e-07,  4.53970705e-07,  4.36507374e-07,  4.19691632e-07,
        4.03501341e-07,  3.87914926e-07,  3.72911392e-07,  3.58470334e-07,
        3.44571944e-07,  3.31197009e-07,  3.18326907e-07,  3.05943597e-07,
        2.94029612e-07,  2.82568048e-07,  2.71542548e-07,  2.60937293e-07,
        2.50736985e-07,  2.40926837e-07,  2.31492556e-07,  2.22420332e-07,
        2.13696822e-07,  2.05309137e-07,  1.97244831e-07,  1.89491886e-07,
        1.82038698e-07,  1.74874069e-07,  1.67987188e-07,  1.61367626e-07,
        1.55005321e-07,  1.48890566e-07,  1.43013999e-07,  1.37366591e-07,
        1.31939639e-07,  1.26724750e-07,  1.21713836e-07,  1.16899102e-07,
        1.12273035e-07,  1.07828398e-07,  1.03558219e-07,  9.94557807e-08,
        9.55146160e-08,  9.17284959e-08,  8.80914229e-08,  8.45976233e-08,
        8.12415388e-08,  7.80178196e-08,  7.49213169e-08,  7.19470762e-08,
        6.90903299e-08,  6.63464913e-08,  6.37111477e-08,  6.11800545e-08,
        5.87491292e-08,  5.64144450e-08,  5.41722261e-08,  5.20188414e-08,
        4.99507995e-08,  4.79647437e-08,  4.60574469e-08,  4.42258066e-08,
        4.24668409e-08,  4.07776833e-08,  3.91555788e-08,  3.75978797e-08,
        3.61020413e-08,  3.46656182e-08,  3.32862608e-08,  3.19617111e-08,
        3.06897997e-08,  2.94684421e-08,  2.82956356e-08,  2.71694563e-08,
        2.60880557e-08,  2.50496582e-08,  2.40525581e-08,  2.30951166e-08,
        2.21757600e-08,  2.12929763e-08,  2.04453135e-08,  1.96313765e-08,
        1.88498259e-08,  1.80993749e-08,  1.73787876e-08,  1.66868773e-08,
        1.60225040e-08,  1.53845730e-08,  1.47720330e-08,  1.41838744e-08,
        1.36191274e-08,  1.30768609e-08,  1.25561808e-08,  1.20562283e-08,
        1.15761787e-08,  1.11152403e-08,  1.06726526e-08,  1.02476853e-08,
        9.83963736e-09,  9.44783531e-09,  9.07163263e-09,  8.71040845e-09,
        8.36356660e-09,  8.03053458e-09,  7.71076270e-09,  7.40372312e-09,
        7.10890897e-09,  6.82583358e-09,  6.55402963e-09,  6.29304838e-09,
        6.04245896e-09,  5.80184765e-09,  5.57081717e-09,  5.34898608e-09,
        5.13598809e-09,  4.93147153e-09,  4.73509869e-09,  4.54654532e-09,
        4.36550007e-09,  4.19166399e-09,  4.02475003e-09,  3.86448258e-09,
        3.71059696e-09,  3.56283908e-09,  3.42096493e-09,  3.28474024e-09,
        3.15394004e-09,  3.02834834e-09,  2.90775773e-09,  2.79196909e-09,
        2.68079119e-09,  2.57404043e-09,  2.47154054e-09,  2.37312224e-09,
        2.27862300e-09,  2.18788677e-09,  2.10076370e-09,  2.01710991e-09,
        1.93678726e-09,  1.85966311e-09,  1.78561008e-09,  1.71450588e-09,
        1.64623309e-09,  1.58067897e-09,  1.51773524e-09,  1.45729798e-09,
        1.39926736e-09,  1.34354755e-09,  1.29004655e-09,  1.23867598e-09,
        1.18935102e-09,  1.14199021e-09,  1.09651534e-09,  1.05285131e-09,
        1.01092600e-09,  9.70670188e-10,  9.32017386e-10,  8.94903763e-10,
        8.59268027e-10,  8.25051328e-10,  7.92197160e-10,  7.60651266e-10,
        7.30361549e-10,  7.01277987e-10,  6.73352552e-10,  6.46539124e-10,
        6.20793425e-10,  5.96072935e-10,  5.72336831e-10,  5.49545913e-10,
        5.27662545e-10,  5.06650585e-10,  4.86475336e-10,  4.67103477e-10,
        4.48503019e-10,  4.30643242e-10,  4.13494653e-10,  3.97028931e-10,
        3.81218885e-10,  3.66038405e-10,  3.51462422e-10,  3.37466863e-10,
        3.24028616e-10,  3.11125489e-10,  2.98736173e-10,  2.86840207e-10,
        2.75417946e-10,  2.64450526e-10,  2.53919836e-10,  2.43808485e-10,
        2.34099774e-10,  2.24777671e-10,  2.15826779e-10,  2.07232318e-10,
        1.98980093e-10,  1.91056477e-10,  1.83448385e-10,  1.76143252e-10,
        1.69129014e-10,  1.62394087e-10,  1.55927349e-10,  1.49718121e-10,
        1.43756148e-10,  1.38031585e-10,  1.32534977e-10,  1.27257248e-10,
        1.22189682e-10,  1.17323909e-10,  1.12651894e-10,  1.08165922e-10,
        1.03858584e-10,  9.97227672e-11,  9.57516411e-11,  9.19386478e-11,
        8.82774903e-11,  8.47621224e-11,  8.13867387e-11,  7.81457649e-11,
        7.50338487e-11,  7.20458510e-11,  6.91768373e-11,  6.64220695e-11,
        6.37769983e-11,  6.12372555e-11,  5.87986469e-11,  5.64571452e-11,
        5.42088836e-11,  5.20501493e-11,  4.99773770e-11,  4.79871439e-11,
        4.60761632e-11,  4.42412789e-11,  4.24794608e-11,  4.07877995e-11,
        3.91635012e-11,  3.76038835e-11,  3.61063707e-11,  3.46684899e-11,
        3.32878663e-11,  3.19622201e-11,  3.06893620e-11,  2.94671899e-11,
        2.82936854e-11,  2.71669107e-11,  2.60850048e-11,  2.50461811e-11,
        2.40487240e-11,  2.30909863e-11,  2.21713863e-11,  2.12884054e-11,
        2.04405853e-11,  1.96265260e-11,  1.88448830e-11,  1.80943655e-11,
        1.73737342e-11,  1.66817988e-11,  1.60174167e-11,  1.53794908e-11,
        1.47669674e-11,  1.41788351e-11,  1.36141227e-11,  1.30718974e-11,
        1.25512639e-11,  1.20513624e-11,  1.15713672e-11,  1.11104858e-11,
        1.06679569e-11,  1.02430498e-11,  9.83506283e-12,  9.44332213e-12,
        9.06718079e-12,  8.70601764e-12,  8.35923624e-12,  8.02626389e-12,
        7.70655071e-12,  7.39956872e-12,  7.10481094e-12,  6.82179061e-12,
        6.55004033e-12,  6.28911131e-12,  6.03857266e-12,  5.79801061e-12,
        5.56702790e-12,  5.34524306e-12,  5.13228984e-12,  4.92781656e-12,
        4.73148553e-12,  4.54297253e-12,  4.36196623e-12,  4.18816773e-12,
        4.02128999e-12,  3.86105743e-12,  3.70720543e-12,  3.55947992e-12,
        3.41763693e-12,  3.28144223e-12,  3.15067088e-12,  3.02510693e-12,
        2.90454302e-12,  2.78878005e-12,  2.67762683e-12,  2.57089981e-12,
        2.46842272e-12,  2.37002634e-12,  2.27554817e-12,  2.18483218e-12,
        2.09772856e-12,  2.01409347e-12,  1.93378878e-12,  1.85668187e-12,
        1.78264542e-12,  1.71155715e-12,  1.64329966e-12,  1.57776023e-12,
        1.51483062e-12,  1.45440692e-12,  1.39638933e-12,  1.34068204e-12,
        1.28719305e-12,  1.23583404e-12,  1.18652017e-12,  1.13917002e-12,
        1.09370539e-12,  1.05005119e-12,  1.00813534e-12,  9.67888606e-13,
        9.29244529e-13,  8.92139290e-13,  8.56511611e-13,  8.22302654e-13,
        7.89455926e-13,  7.57917183e-13,  7.27634340e-13,  6.98557385e-13,
        6.70638301e-13,  6.43830981e-13,  6.18091153e-13,  5.93376311e-13,
        5.69645638e-13,  5.46859944e-13,  5.24981601e-13,  5.03974478e-13,
        4.83803882e-13,  4.64436504e-13,  4.45840357e-13,  4.27984734e-13,
        4.10840144e-13,  3.94378276e-13,  3.78571944e-13,  3.63395044e-13,
        3.48822512e-13,  3.34830282e-13,  3.21395248e-13,  3.08495222e-13,
        2.96108901e-13,  2.84215828e-13,  2.72796364e-13,  2.61831650e-13,
        2.51303577e-13,  2.41194760e-13,  2.31488504e-13,  2.22168781e-13,
        2.13220199e-13,  2.04627979e-13,  1.96377933e-13,  1.88456436e-13,
        1.80850405e-13,  1.73547281e-13,  1.66535002e-13,  1.59801988e-13,
        1.53337120e-13,  1.47129721e-13,  1.41169541e-13,  1.35446736e-13,
        1.29951855e-13,  1.24675824e-13,  1.19609930e-13,  1.14745806e-13,
        1.10075421e-13,  1.05591061e-13,  1.01285320e-13,  9.71510876e-14,
        9.31815368e-14,  8.93701117e-14,  8.57105180e-14,  8.21967122e-14,
        7.88228912e-14,  7.55834836e-14,  7.24731395e-14,  6.94867225e-14,
        6.66193005e-14,  6.38661383e-14,  6.12226890e-14,  5.86845873e-14,
        5.62476416e-14,  5.39078274e-14,  5.16612806e-14,  4.95042912e-14,
        4.74332970e-14,  4.54448779e-14,  4.35357501e-14,  4.17027609e-14,
        3.99428831e-14,  3.82532104e-14,  3.66309524e-14,  3.50734300e-14,
        3.35780711e-14,  3.21424062e-14,  3.07640643e-14,  2.94407691e-14,
        2.81703355e-14,  2.69506652e-14,  2.57797440e-14,  2.46556384e-14,
        2.35764918e-14,  2.25405221e-14,  2.15460185e-14,  2.05913385e-14,
        1.96749057e-14,  1.87952065e-14,  1.79507882e-14,  1.71402563e-14,
        1.63622722e-14,  1.56155512e-14,  1.48988600e-14,  1.42110151e-14,
        1.35508805e-14,  1.29173661e-14,  1.23094256e-14,  1.17260552e-14,
        1.11662913e-14,  1.06292095e-14,  1.01139230e-14,  9.61958064e-15,
        9.14536617e-15,  8.69049640e-15,  8.25422014e-15,  7.83581692e-15,
        7.43459576e-15,  7.04989406e-15,  6.68107652e-15,  6.32753405e-15,
        5.98868279e-15,  5.66396316e-15,  5.35283888e-15,  5.05479617e-15,
        4.76934282e-15,  4.49600742e-15,  4.23433856e-15,  3.98390413e-15,
        3.74429054e-15,  3.51510208e-15,  3.29596025e-15,  3.08650317e-15,
        2.88638492e-15,  2.69527502e-15,  2.51285786e-15,  2.33883219e-15,
        2.17291062e-15,  2.01481913e-15,  1.86429664e-15,  1.72109459e-15,
        1.58497647e-15,  1.45571749e-15,  1.33310419e-15,  1.21693409e-15,
        1.10701533e-15,  1.00316639e-15,  9.05215761e-16,  8.13001694e-16,
        7.26371898e-16,  6.45183309e-16,  5.69301848e-16,  4.98602202e-16,
        4.32967614e-16,  3.72289692e-16,  3.16468230e-16,  2.65411042e-16,
        2.19033809e-16,  1.77259943e-16,  1.40020456e-16,  1.07253849e-16,
        7.89060092e-17,  5.49301229e-17,  3.52865947e-17,  1.99429846e-17,
        8.87395319e-18,  2.06122077e-18,  0.00000000e+00, -0.00000000e+00])], 1: [], 2: []}
v = [-3.32236878e-27 -4.31565801e-27 -5.60254326e-27 -7.26879507e-27
 -9.42494102e-27 -1.22133237e-26 -1.58171453e-26 -2.04720508e-26
 -2.64809528e-26 -3.42329933e-26 -4.42277811e-26 -5.71063548e-26
 -7.36907092e-26 -9.50342264e-26 -1.22485974e-25 -1.57772639e-25
 -2.03102854e-25 -2.61299979e-25 -3.35970954e-25 -4.31720927e-25
 -5.54425861e-25 -7.11578582e-25 -9.12727774e-25 -1.17003452e-24
 -1.49897743e-24 -1.91924546e-24 -2.45586767e-24 -3.14064183e-24
 -4.01393994e-24 -5.12698845e-24 -6.54474634e-24 -8.34953536e-24
 -1.06456163e-23 -1.35649538e-23 -1.72744742e-23 -2.19851973e-23
 -2.79637176e-23 -3.55466320e-23 -4.51586571e-23 -5.73353660e-23
 -7.27517040e-23 -9.22577292e-23 -1.16923380e-22 -1.48094515e-22
 -1.87463013e-22 -2.37154421e-22 -2.99837444e-22 -3.78860666e-22
 -4.78423143e-22 -6.03787130e-22 -7.61543181e-22 -9.59940302e-22
 -1.20929687e-21 -1.52251170e-21 -1.91569940e-21 -2.40897945e-21
 -3.02745598e-21 -3.80243317e-21 -4.77292218e-21 -5.98750827e-21
 -7.50666282e-21 -9.40560427e-21 -1.17778361e-20 -1.47395193e-20
 -1.84348727e-20 -2.30428385e-20 -2.87853040e-20 -3.59372362e-20
 -4.48391672e-20 -5.59125645e-20 -6.96787413e-20 -8.67821072e-20
 -1.08018737e-19 -1.34371452e-19 -1.67052868e-19 -2.07558188e-19
 -2.57729906e-19 -3.19837049e-19 -3.96672173e-19 -4.91670001e-19
 -6.09052453e-19 -7.54005809e-19 -9.32897003e-19 -1.15353749e-18
 -1.42550498e-18 -1.76053546e-18 -2.17300048e-18 -2.68048807e-18
 -3.30450904e-18 -4.07135546e-18 -5.01314317e-18 -6.16907720e-18
 -7.58698651e-18 -9.32518441e-18 -1.14547221e-17 -1.40621166e-17
 -1.72526511e-17 -2.11543652e-17 -2.59228750e-17 -3.17471939e-17
 -3.88567553e-17 -4.75298813e-17 -5.81039875e-17 -7.09878718e-17
 -8.66765037e-17 -1.05768811e-16 -1.28989058e-16 -1.57212521e-16
 -1.91496305e-16 -2.33116320e-16 -2.83611585e-16 -3.44837325e-16
 -4.19028513e-16 -5.08875914e-16 -6.17616977e-16 -7.49144448e-16
 -9.08136048e-16 -1.10020921e-15 -1.33210557e-15 -1.61191087e-15
 -1.94931675e-15 -2.35593235e-15 -2.84565487e-15 -3.43510999e-15
 -4.14417492e-15 -4.99659926e-15 -6.02074134e-15 -7.25044114e-15
 -8.72605413e-15 -1.04956752e-14 -1.26165867e-14 -1.51569695e-14
 -1.81979258e-14 -2.18358655e-14 -2.61853234e-14 -3.13822794e-14
 -3.75880709e-14 -4.49939995e-14 -5.38267517e-14 -6.43547718e-14
 -7.68957518e-14 -9.18254257e-14 -1.09587890e-13 -1.30707704e-13
 -1.55804078e-13 -1.85607475e-13 -2.20979057e-13 -2.62933414e-13
 -3.12665133e-13 -3.71579835e-13 -4.41330387e-13 -5.23859152e-13
 -6.21447220e-13 -7.36771764e-13 -8.72972792e-13 -1.03373079e-12
 -1.22335699e-12 -1.44689819e-12 -1.71025846e-12 -2.02034033e-12
 -2.38520838e-12 -2.81427889e-12 -3.31853917e-12 -3.91080150e-12
 -4.60599656e-12 -5.42151239e-12 -6.37758581e-12 -7.49775382e-12
 -8.80937409e-12 -1.03442245e-11 -1.21391935e-11 -1.42370740e-11
 -1.66874762e-11 -1.95478764e-11 -2.28848211e-11 -2.67753076e-11
 -3.13083677e-11 -3.65868815e-11 -4.27296535e-11 -4.98737884e-11
 -5.81774063e-11 -6.78227450e-11 -7.90197008e-11 -9.20098683e-11
 -1.07071145e-10 -1.24522977e-10 -1.44732330e-10 -1.68120480e-10
 -1.95170736e-10 -2.26437207e-10 -2.62554755e-10 -3.04250287e-10
 -3.52355549e-10 -4.07821619e-10 -4.71735309e-10 -5.45337714e-10
 -6.30045179e-10 -7.27472972e-10 -8.39462001e-10 -9.68108943e-10
 -1.11580019e-09 -1.28525009e-09 -1.47954392e-09 -1.70218631e-09
 -1.95715550e-09 -2.24896441e-09 -2.58272903e-09 -2.96424513e-09
 -3.40007421e-09 -3.89763967e-09 -4.46533440e-09 -5.11264101e-09
 -5.85026611e-09 -6.69029014e-09 -7.64633452e-09 -8.73374778e-09
 -9.96981289e-09 -1.13739779e-08 -1.29681123e-08 -1.47767918e-08
 -1.68276146e-08 -1.91515518e-08 -2.17833361e-08 -2.47618920e-08
 -2.81308119e-08 -3.19388828e-08 -3.62406671e-08 -4.10971454e-08
 -4.65764238e-08 -5.27545148e-08 -5.97161963e-08 -6.75559570e-08
 -7.63790363e-08 -8.63025660e-08 -9.74568236e-08 -1.09986608e-07
 -1.24052743e-07 -1.39833731e-07 -1.57527554e-07 -1.77353647e-07
 -1.99555053e-07 -2.24400771e-07 -2.52188321e-07 -2.83246534e-07
 -3.17938594e-07 -3.56665338e-07 -3.99868847e-07 -4.48036346e-07
 -5.01704426e-07 -5.61463628e-07 -6.27963403e-07 -7.01917467e-07
 -7.84109609e-07 -8.75399940e-07 -9.76731646e-07 -1.08913826e-06
 -1.21375151e-06 -1.35180970e-06 -1.50466683e-06 -1.67380223e-06
 -1.86083108e-06 -2.06751547e-06 -2.29577644e-06 -2.54770672e-06
 -2.82558438e-06 -3.13188739e-06 -3.46930919e-06 -3.84077516e-06
 -4.24946026e-06 -4.69880769e-06 -5.19254871e-06 -5.73472369e-06
 -6.32970436e-06 -6.98221737e-06 -7.69736913e-06 -8.48067212e-06
 -9.33807251e-06 -1.02759793e-05 -1.13012950e-05 -1.24214476e-05
 -1.36444244e-05 -1.49788075e-05 -1.64338103e-05 -1.80193163e-05
 -1.97459194e-05 -2.16249653e-05 -2.36685956e-05 -2.58897925e-05
 -2.83024258e-05 -3.09213012e-05 -3.37622104e-05 -3.68419826e-05
 -4.01785375e-05 -4.37909398e-05 -4.76994550e-05 -5.19256065e-05
 -5.64922341e-05 -6.14235526e-05 -6.67452130e-05 -7.24843627e-05
 -7.86697078e-05 -8.53315745e-05 -9.25019720e-05 -1.00214655e-04
 -1.08505184e-04 -1.17410990e-04 -1.26971433e-04 -1.37227864e-04
 -1.48223682e-04 -1.60004391e-04 -1.72617656e-04 -1.86113355e-04
 -2.00543630e-04 -2.15962932e-04 -2.32428066e-04 -2.49998229e-04
 -2.68735046e-04 -2.88702598e-04 -3.09967448e-04 -3.32598658e-04
 -3.56667806e-04 -3.82248982e-04 -4.09418795e-04 -4.38256359e-04
 -4.68843274e-04 -5.01263597e-04 -5.35603810e-04 -5.71952767e-04
 -6.10401639e-04 -6.51043848e-04 -6.93974980e-04 -7.39292702e-04
 -7.87096650e-04 -8.37488320e-04 -8.90570934e-04 -9.46449305e-04
 -1.00522968e-03 -1.06701957e-03 -1.13192759e-03 -1.20006327e-03
 -1.27153684e-03 -1.34645905e-03 -1.42494097e-03 -1.50709378e-03
 -1.59302856e-03 -1.68285613e-03 -1.77668688e-03 -1.87463060e-03
 -1.97679647e-03 -2.08329295e-03 -2.19422790e-03 -2.30970874e-03
 -2.42984275e-03 -2.55473760e-03 -2.68450209e-03 -2.81924717e-03
 -2.95908741e-03 -3.10414285e-03 -3.25454147e-03 -3.41042240e-03
 -3.57193984e-03 -3.73926823e-03 -3.91260843e-03 -4.09219552e-03
 -4.27830825e-03 -4.47128060e-03 -4.67151562e-03 -4.87950208e-03
 -5.09583423e-03 -5.32123518e-03 -5.55658425e-03 -5.80294890e-03
 -6.06162164e-03 -6.33416236e-03 -6.62244666e-03 -6.92872045e-03
 -7.25566124e-03 -7.60644626e-03 -7.98482764e-03 -8.39521443e-03
 -8.84276130e-03 -9.33346324e-03 -9.87425555e-03 -1.04731178e-02
 -1.11391804e-02 -1.18828312e-02 -1.27158210e-02 -1.36513630e-02
 -1.47042245e-02 -1.58908068e-02 -1.72292076e-02 -1.87392623e-02
 -2.04425596e-02 -2.23624240e-02 -2.45238623e-02 -2.69534661e-02
 -2.96792673e-02 -3.27305399e-02 -3.61375456e-02 -3.99312173e-02
 -4.41427816e-02 -4.88033157e-02 -5.39432424e-02 -5.95917633e-02
 -6.57762358e-02 -7.25215005e-02 -7.98491668e-02 -8.77768687e-02
 -9.63175034e-02 -1.05478468e-01 -1.15260914e-01 -1.25659030e-01
 -1.36659390e-01 -1.48240362e-01 -1.60371629e-01 -1.73013811e-01
 -1.86118237e-01 -1.99626858e-01 -2.13472341e-01 -2.27578332e-01
 -2.41859917e-01 -2.56224272e-01 -2.70571509e-01 -2.84795698e-01
 -2.98786080e-01 -3.12428427e-01 -3.25606544e-01 -3.38203884e-01
 -3.50105242e-01 -3.61198498e-01 -3.71376372e-01 -3.80538153e-01
 -3.88591357e-01 -3.95453291e-01 -4.01052471e-01 -4.05329862e-01
 -4.08239921e-01 -4.09751404e-01 -4.09847930e-01 -4.08528266e-01
 -4.05806358e-01 -4.01711080e-01 -3.96285713e-01 -3.89587183e-01
 -3.81685053e-01 -3.72660315e-01 -3.62603995e-01 -3.51615615e-01
 -3.39801547e-01 -3.27273293e-01 -3.14145730e-01 -3.00535362e-01
 -2.86558620e-01 -2.72330223e-01 -2.57961665e-01 -2.43559820e-01
 -2.29225709e-01 -2.15053447e-01 -2.01129357e-01 -1.87531299e-01
 -1.74328170e-01 -1.61579610e-01 -1.49335883e-01 -1.37637929e-01
 -1.26517578e-01 -1.15997895e-01 -1.06093651e-01 -9.68118926e-02
 -8.81525879e-02 -8.01093324e-02 -7.26700920e-02 -6.58179647e-02
 -5.95319433e-02 -5.37876636e-02 -4.85581249e-02 -4.38143699e-02
 -3.95261172e-02 -3.56623376e-02 -3.21917697e-02 -2.90833738e-02
 -2.63067206e-02 -2.38323173e-02 -2.16318732e-02 -1.96785062e-02
 -1.79468969e-02 -1.64133934e-02 -1.50560719e-02 -1.38547601e-02
 -1.27910269e-02 -1.18481452e-02 -1.10110328e-02 -1.02661753e-02
 -9.60153632e-03 -9.00645909e-03 -8.47156200e-03 -7.98863211e-03
 -7.55051862e-03 -7.15102838e-03 -6.78482542e-03 -6.44733529e-03
 -6.13465552e-03 -5.84347254e-03 -5.57098546e-03 -5.31483686e-03
 -5.07305050e-03 -4.84397565e-03 -4.62623787e-03 -4.41869576e-03
 -4.22040323e-03 -4.03057684e-03 -3.84856777e-03 -3.67383782e-03
 -3.50593916e-03 -3.34449717e-03 -3.18919622e-03 -3.03976770e-03
 -2.89598032e-03 -2.75763204e-03 -2.62454358e-03 -2.49655315e-03
 -2.37351229e-03 -2.25528251e-03 -2.14173274e-03 -2.03273730e-03
 -1.92817436e-03 -1.82792483e-03 -1.73187151e-03 -1.63989852e-03
 -1.55189087e-03 -1.46773428e-03 -1.38731499e-03 -1.31051977e-03
 -1.23723589e-03 -1.16735125e-03 -1.10075447e-03 -1.03733497e-03
 -9.76983189e-04 -9.19590657e-04 -8.65050194e-04 -8.13256032e-04
 -7.64103964e-04 -7.17491477e-04 -6.73317873e-04 -6.31484388e-04
 -5.91894297e-04 -5.54453005e-04 -5.19068131e-04 -4.85649584e-04
 -4.54109620e-04 -4.24362896e-04 -3.96326512e-04 -3.69920042e-04
 -3.45065558e-04 -3.21687642e-04 -2.99713396e-04 -2.79072436e-04
 -2.59696887e-04 -2.41521365e-04 -2.24482958e-04 -2.08521196e-04
 -1.93578023e-04 -1.79597755e-04 -1.66527042e-04 -1.54314821e-04
 -1.42912272e-04 -1.32272761e-04 -1.22351788e-04 -1.13106936e-04
 -1.04497803e-04 -9.64859539e-05 -8.90348516e-05 -8.21097999e-05
 -7.56778802e-05 -6.97078894e-05 -6.41702777e-05 -5.90370861e-05
 -5.42818848e-05 -4.98797117e-05 -4.58070116e-05 -4.20415767e-05
 -3.85624876e-05 -3.53500553e-05 -3.23857652e-05 -2.96522217e-05
 -2.71330944e-05 -2.48130655e-05 -2.26777795e-05 -2.07137936e-05
 -1.89085302e-05 -1.72502307e-05 -1.57279115e-05 -1.43313206e-05
 -1.30508975e-05 -1.18777330e-05 -1.08035315e-05 -9.82057557e-06
 -8.92169043e-06 -8.10021167e-06 -7.34995357e-06 -6.66517925e-06
 -6.04057223e-06 -5.47120944e-06 -4.95253563e-06 -4.48033912e-06
 -4.05072887e-06 -3.66011284e-06 -3.30517747e-06 -2.98286846e-06
 -2.69037260e-06 -2.42510066e-06 -2.18467138e-06 -1.96689637e-06
 -1.76976601e-06 -1.59143619e-06 -1.43021595e-06 -1.28455593e-06
 -1.15303749e-06 -1.03436269e-06 -9.27344881e-07 -8.30899925e-07
 -7.44038092e-07 -6.65856480e-07 -5.95531999e-07 -5.32314851e-07
 -4.75522503e-07 -4.24534095e-07 -3.78785274e-07 -3.37763415e-07
 -3.01003218e-07 -2.68082633e-07 -2.38619116e-07 -2.12266175e-07
 -1.88710196e-07 -1.67667523e-07 -1.48881776e-07 -1.32121393e-07
 -1.17177373e-07 -1.03861210e-07 -9.20030047e-08 -8.14497309e-08
 -7.20636586e-08 -6.37209101e-08 -5.63101447e-08 -4.97313589e-08
 -4.38947945e-08 -3.87199443e-08 -3.41346487e-08 -3.00742746e-08
 -2.64809704e-08 -2.33029895e-08 -2.04940784e-08 -1.80129216e-08
 -1.58226395e-08 -1.38903349e-08 -1.21866829e-08 -1.06855607e-08
 -9.36371380e-09 -8.20045512e-09 -7.17739406e-09 -6.27819262e-09
 -5.48834612e-09 -4.79498615e-09 -4.18670376e-09 -3.65339070e-09
 -3.18609715e-09 -2.77690435e-09 -2.41881045e-09 -2.10562856e-09
 -1.83189551e-09 -1.59279046e-09 -1.38406218e-09 -1.20196430e-09
 -1.04319752e-09 -9.04858213e-10 -7.84392676e-10 -6.79556447e-10
 -5.88378174e-10 -5.09127531e-10 -4.40286754e-10 -3.80525414e-10
 -3.28678068e-10 -2.83724470e-10 -2.44772076e-10 -2.11040574e-10
 -1.81848221e-10 -1.56599787e-10 -1.34775914e-10 -1.15923748e-10
 -9.96486803e-11 -8.56070833e-11 -7.34999188e-11 -6.30671243e-11
 -5.40826804e-11 -4.63502838e-11 -3.96995512e-11 -3.39826941e-11
 -2.90716061e-11 -2.48553141e-11 -2.12377496e-11 -1.81358012e-11
 -1.54776138e-11 -1.32011047e-11 -1.12526693e-11 -9.58605348e-12
 -8.16137152e-12 -6.94425178e-12 -5.90509352e-12 -5.01842122e-12
 -4.26232393e-12 -3.61796869e-12 -3.06917863e-12 -2.60206737e-12
 -2.20472242e-12 -1.86693118e-12 -1.57994407e-12 -1.33626971e-12
 -1.12949821e-12 -9.54148514e-13 -8.05536865e-13 -6.79663383e-13
 -5.73114420e-13 -4.82978511e-13 -4.06774099e-13 -3.42387408e-13
 -2.88019099e-13 -2.42138474e-13 -2.03444205e-13 -1.70830675e-13
 -1.43359145e-13 -1.20233075e-13 -1.00777022e-13 -8.44185897e-14
 -7.06730243e-14 -5.91300533e-14 -4.94426654e-14 -4.13175432e-14
 -3.45069134e-14 -2.88016089e-14 -2.40251658e-14 -2.00288055e-14
 -1.66871709e-14 -1.38947069e-14 -1.15625886e-14 -9.61611768e-15
 -7.99251527e-15 -6.63905384e-15 -5.51147594e-15 -4.57265728e-15
 -3.79147676e-15 -3.14186235e-15 -2.60198579e-15 -2.15358341e-15
 -1.78138374e-15 -1.47262538e-15 -1.21665119e-15 -1.00456699e-15
 -8.28954570e-16 -6.83630716e-16 -5.63444851e-16 -4.64109301e-16
 -3.82056981e-16 -3.14322172e-16 -2.58440698e-16 -2.12366399e-16
 -1.74401297e-16 -1.43137237e-16 -1.17407153e-16 -9.62444056e-17
 -7.88488645e-17 -6.45586443e-17 -5.28265648e-17 -4.32005573e-17
 -3.53073675e-17 -2.88390093e-17 -2.35415116e-17 -1.92055773e-17
 -1.56588331e-17 -1.27594053e-17 -1.03905966e-17 -8.45647839e-18
 -6.87824456e-18 -5.59119570e-18 -4.54224738e-18 -3.68787238e-18
 -2.99240240e-18 -2.42662750e-18 -1.96664171e-18 -1.59289220e-18
 -1.28939665e-18 -1.04309940e-18 -8.43342270e-19 -6.81429687e-19
 -5.50271780e-19 -4.44091481e-19 -3.58184389e-19 -2.88721999e-19
 -2.32590572e-19 -1.87259280e-19 -1.50672364e-19 -1.21161004e-19
 -9.73713375e-20 -7.82057019e-20 -6.27747094e-20 -5.03581785e-20
 -4.03733072e-20 -3.23487608e-20 -2.59035915e-20 -2.07300966e-20
 -1.65798913e-20 -1.32525985e-20 -1.05866710e-20 -8.45194765e-21
 -6.74362159e-21 -5.37735361e-21 -4.28531756e-21 -3.41300115e-21
 -2.71661984e-21 -2.16102760e-21 -1.71803009e-21 -1.36502383e-21
 -1.08389873e-21 -8.60153956e-22 -6.82185817e-22 -5.40714718e-22
 -4.28324292e-22 -3.39090975e-22 -2.68286467e-22 -2.12138900e-22
 -1.67641241e-22 -1.32397698e-22 -1.04500654e-22 -8.24321440e-23
 -6.49850102e-23 -5.11998629e-23 -4.03146983e-23 -3.17246647e-23
 -2.49499499e-23 -1.96101684e-23 -1.54039458e-23 -1.20926546e-23
 -9.48746802e-24 -7.43905915e-24 -5.82941145e-24 -4.56531151e-24
 -3.57318197e-24 -2.79498101e-24 -2.18495049e-24 -1.70703862e-24
 -1.33285868e-24 -1.04007312e-24 -8.11115410e-25 -6.32179547e-25
 -4.92421764e-25 -3.83330211e-25 -2.98227623e-25 -2.31879148e-25
 -1.80183299e-25 -1.39928566e-25 -1.08601855e-25 -8.42378187e-26
 -6.53004226e-26 -5.05899070e-26 -3.91697483e-26 -3.03093548e-26
 -2.34391367e-26 -1.81153004e-26 -1.39922798e-26 -1.08011608e-26
 -8.33280832e-27 -6.42467795e-27 -4.95051457e-27 -3.81231110e-27
 -2.93403530e-27 -2.25673906e-27 -1.73474789e-27 -1.33269387e-27
 -1.02320685e-27 -7.85119007e-28 -6.02069398e-28 -4.61420223e-28
 -3.53415593e-28 -2.70528982e-28 -2.06957372e-28 -1.58229339e-28
 -1.20901624e-28 -9.23243520e-29 -7.04594763e-29 -5.37404828e-29
 -4.09640348e-29 -3.12063446e-29 -2.37586677e-29 -1.80775793e-29
 -1.37466691e-29 -1.04470505e-29 -7.93467086e-30 -6.02286529e-30
 -4.56894988e-30 -3.46392634e-30 -2.62458058e-30 -1.98742243e-30
 -1.50404029e-30 -1.13754285e-30 -8.59834901e-31 -6.49533244e-31
 -4.90373179e-31 -3.69990901e-31 -2.78993695e-31 -2.10250358e-31
 -1.58350015e-31 -1.19189634e-31 -8.96598215e-32 -6.74056445e-32
 -5.06446613e-32 -3.80285781e-32 -2.85381301e-32 -2.14032611e-32
 -1.60425498e-32 -1.20172709e-32 -8.99657735e-33 -6.73112716e-33
 -5.03311996e-33 -3.76119438e-33 -2.80901000e-33 -2.09662038e-33
 -1.56395888e-33 -1.16592299e-33 -8.68667182e-34 -6.46808878e-34
 -4.81324025e-34 -3.57962982e-34 -2.66058847e-34 -1.97631562e-34
 -1.46714795e-34 -1.08850525e-34 -8.07097790e-35 -5.98082089e-35
 -4.42929336e-35 -3.27828800e-35 -2.42492758e-35 -1.79262501e-35
 -1.32439991e-35 -9.77885126e-36 -7.21598381e-36 -5.32160051e-36
 -3.92218432e-36 -2.88903457e-36 -2.12675023e-36 -1.56465736e-36
 -1.15043217e-36 -8.45360203e-37 -6.20814124e-37 -4.55638475e-37
 -3.34209046e-37 -2.44993759e-37 -1.79486113e-37 -1.31415228e-37
 -9.61611268e-38 -7.03221929e-38 -5.13954031e-38 -3.75400769e-38
 -2.74034378e-38 -1.99918945e-38 -1.45761176e-38 -1.06210826e-38
 -7.73454404e-39 -5.62910901e-39 -4.09433723e-39 -2.97623057e-39
 -2.16216357e-39 -1.56981881e-39 -1.13906766e-39 -8.26016122e-40
 -5.98641109e-40 -4.33594296e-40 -3.13862618e-40 -2.27056865e-40
 -1.64160509e-40 -1.18615585e-40 -8.56552185e-41 -6.18165711e-41
 -4.45856400e-41 -3.21383895e-41 -2.31521978e-41 -1.66686086e-41
 -1.19934874e-41 -8.62443447e-42 -6.19804580e-42 -4.45161858e-42
 -3.19536240e-42 -2.29224644e-42 -1.64339326e-42 -1.17749943e-42
 -8.43177331e-43 -6.03415063e-43 -4.31571128e-43 -3.08480438e-43
 -2.20364628e-43 -1.57324062e-43 -1.12250278e-43 -8.00421440e-44]
symrep = 0 - 0.02*np.exp(-(x--2.55204)**2/(2*1.6333333333333335**2))- 0.39*np.exp(-(x--2.4791399999999997)**2/(2*0.6666666666666667**2))
    