energies = {0: [-0.14355349462239225], 1: [-0.007808927222343989], 2: []}
wfns = {0: [array([ 0.00000000e+00,  1.74193541e-07,  3.48467265e-07,  5.22901391e-07,
        6.97576213e-07,  8.72572136e-07,  1.04796971e-06,  1.22384968e-06,
        1.40029299e-06,  1.57738087e-06,  1.75519484e-06,  1.93381674e-06,
        2.11332879e-06,  2.29381362e-06,  2.47535432e-06,  2.65803444e-06,
        2.84193808e-06,  3.02714989e-06,  3.21375513e-06,  3.40183969e-06,
        3.59149014e-06,  3.78279379e-06,  3.97583869e-06,  4.17071371e-06,
        4.36750854e-06,  4.56631377e-06,  4.76722093e-06,  4.97032247e-06,
        5.17571190e-06,  5.38348376e-06,  5.59373368e-06,  5.80655845e-06,
        6.02205603e-06,  6.24032561e-06,  6.46146768e-06,  6.68558401e-06,
        6.91277778e-06,  7.14315356e-06,  7.37681740e-06,  7.61387686e-06,
        7.85444105e-06,  8.09862071e-06,  8.34652824e-06,  8.59827775e-06,
        8.85398512e-06,  9.11376807e-06,  9.37774616e-06,  9.64604091e-06,
        9.91877582e-06,  1.01960764e-05,  1.04780704e-05,  1.07648875e-05,
        1.10566598e-05,  1.13535215e-05,  1.16556094e-05,  1.19630625e-05,
        1.22760223e-05,  1.25946328e-05,  1.29190408e-05,  1.32493955e-05,
        1.35858490e-05,  1.39285562e-05,  1.42776749e-05,  1.46333657e-05,
        1.49957924e-05,  1.53651217e-05,  1.57415238e-05,  1.61251718e-05,
        1.65162424e-05,  1.69149156e-05,  1.73213748e-05,  1.77358073e-05,
        1.81584037e-05,  1.85893585e-05,  1.90288702e-05,  1.94771411e-05,
        1.99343775e-05,  2.04007898e-05,  2.08765928e-05,  2.13620055e-05,
        2.18572514e-05,  2.23625583e-05,  2.28781589e-05,  2.34042905e-05,
        2.39411953e-05,  2.44891205e-05,  2.50483182e-05,  2.56190459e-05,
        2.62015663e-05,  2.67961474e-05,  2.74030631e-05,  2.80225927e-05,
        2.86550213e-05,  2.93006401e-05,  2.99597462e-05,  3.06326431e-05,
        3.13196405e-05,  3.20210545e-05,  3.27372082e-05,  3.34684310e-05,
        3.42150597e-05,  3.49774379e-05,  3.57559165e-05,  3.65508539e-05,
        3.73626160e-05,  3.81915764e-05,  3.90381167e-05,  3.99026267e-05,
        4.07855041e-05,  4.16871555e-05,  4.26079959e-05,  4.35484491e-05,
        4.45089481e-05,  4.54899349e-05,  4.64918612e-05,  4.75151880e-05,
        4.85603866e-05,  4.96279379e-05,  5.07183334e-05,  5.18320750e-05,
        5.29696754e-05,  5.41316582e-05,  5.53185583e-05,  5.65309220e-05,
        5.77693074e-05,  5.90342845e-05,  6.03264357e-05,  6.16463556e-05,
        6.29946519e-05,  6.43719452e-05,  6.57788695e-05,  6.72160724e-05,
        6.86842155e-05,  7.01839745e-05,  7.17160398e-05,  7.32811167e-05,
        7.48799255e-05,  7.65132022e-05,  7.81816986e-05,  7.98861828e-05,
        8.16274393e-05,  8.34062697e-05,  8.52234926e-05,  8.70799448e-05,
        8.89764806e-05,  9.09139731e-05,  9.28933141e-05,  9.49154147e-05,
        9.69812057e-05,  9.90916381e-05,  1.01247683e-04,  1.03450334e-04,
        1.05700603e-04,  1.07999527e-04,  1.10348165e-04,  1.12747597e-04,
        1.15198927e-04,  1.17703285e-04,  1.20261822e-04,  1.22875717e-04,
        1.25546173e-04,  1.28274419e-04,  1.31061711e-04,  1.33909332e-04,
        1.36818592e-04,  1.39790831e-04,  1.42827417e-04,  1.45929748e-04,
        1.49099252e-04,  1.52337387e-04,  1.55645645e-04,  1.59025547e-04,
        1.62478651e-04,  1.66006545e-04,  1.69610853e-04,  1.73293235e-04,
        1.77055385e-04,  1.80899035e-04,  1.84825955e-04,  1.88837952e-04,
        1.92936872e-04,  1.97124603e-04,  2.01403073e-04,  2.05774250e-04,
        2.10240146e-04,  2.14802819e-04,  2.19464366e-04,  2.24226936e-04,
        2.29092719e-04,  2.34063955e-04,  2.39142933e-04,  2.44331991e-04,
        2.49633516e-04,  2.55049951e-04,  2.60583787e-04,  2.66237572e-04,
        2.72013909e-04,  2.77915457e-04,  2.83944931e-04,  2.90105107e-04,
        2.96398822e-04,  3.02828972e-04,  3.09398516e-04,  3.16110480e-04,
        3.22967952e-04,  3.29974088e-04,  3.37132115e-04,  3.44445327e-04,
        3.51917091e-04,  3.59550844e-04,  3.67350103e-04,  3.75318455e-04,
        3.83459571e-04,  3.91777196e-04,  4.00275160e-04,  4.08957374e-04,
        4.17827834e-04,  4.26890625e-04,  4.36149917e-04,  4.45609973e-04,
        4.55275147e-04,  4.65149888e-04,  4.75238742e-04,  4.85546353e-04,
        4.96077465e-04,  5.06836926e-04,  5.17829688e-04,  5.29060813e-04,
        5.40535468e-04,  5.52258937e-04,  5.64236616e-04,  5.76474017e-04,
        5.88976775e-04,  6.01750645e-04,  6.14801505e-04,  6.28135364e-04,
        6.41758360e-04,  6.55676762e-04,  6.69896979e-04,  6.84425555e-04,
        6.99269178e-04,  7.14434681e-04,  7.29929045e-04,  7.45759401e-04,
        7.61933038e-04,  7.78457399e-04,  7.95340091e-04,  8.12588885e-04,
        8.30211721e-04,  8.48216711e-04,  8.66612142e-04,  8.85406483e-04,
        9.04608384e-04,  9.24226685e-04,  9.44270416e-04,  9.64748802e-04,
        9.85671271e-04,  1.00704745e-03,  1.02888719e-03,  1.05120053e-03,
        1.07399775e-03,  1.09728934e-03,  1.12108602e-03,  1.14539874e-03,
        1.17023871e-03,  1.19561734e-03,  1.22154633e-03,  1.24803760e-03,
        1.27510336e-03,  1.30275606e-03,  1.33100843e-03,  1.35987347e-03,
        1.38936448e-03,  1.41949502e-03,  1.45027896e-03,  1.48173049e-03,
        1.51386406e-03,  1.54669448e-03,  1.58023685e-03,  1.61450661e-03,
        1.64951955e-03,  1.68529177e-03,  1.72183974e-03,  1.75918029e-03,
        1.79733060e-03,  1.83630823e-03,  1.87613112e-03,  1.91681760e-03,
        1.95838641e-03,  2.00085666e-03,  2.04424792e-03,  2.08858014e-03,
        2.13387375e-03,  2.18014958e-03,  2.22742892e-03,  2.27573355e-03,
        2.32508569e-03,  2.37550806e-03,  2.42702386e-03,  2.47965679e-03,
        2.53343109e-03,  2.58837149e-03,  2.64450328e-03,  2.70185228e-03,
        2.76044489e-03,  2.82030805e-03,  2.88146932e-03,  2.94395683e-03,
        3.00779933e-03,  3.07302618e-03,  3.13966739e-03,  3.20775360e-03,
        3.27731613e-03,  3.34838696e-03,  3.42099878e-03,  3.49518495e-03,
        3.57097959e-03,  3.64841753e-03,  3.72753435e-03,  3.80836640e-03,
        3.89095081e-03,  3.97532551e-03,  4.06152924e-03,  4.14960156e-03,
        4.23958291e-03,  4.33151454e-03,  4.42543864e-03,  4.52139824e-03,
        4.61943733e-03,  4.71960082e-03,  4.82193457e-03,  4.92648539e-03,
        5.03330113e-03,  5.14243058e-03,  5.25392361e-03,  5.36783112e-03,
        5.48420504e-03,  5.60309842e-03,  5.72456540e-03,  5.84866123e-03,
        5.97544230e-03,  6.10496615e-03,  6.23729150e-03,  6.37247827e-03,
        6.51058757e-03,  6.65168175e-03,  6.79582439e-03,  6.94308034e-03,
        7.09351571e-03,  7.24719793e-03,  7.40419570e-03,  7.56457905e-03,
        7.72841934e-03,  7.89578928e-03,  8.06676292e-03,  8.24141567e-03,
        8.41982431e-03,  8.60206699e-03,  8.78822324e-03,  8.97837397e-03,
        9.17260148e-03,  9.37098941e-03,  9.57362282e-03,  9.78058810e-03,
        9.99197302e-03,  1.02078667e-02,  1.04283594e-02,  1.06535431e-02,
        1.08835107e-02,  1.11183564e-02,  1.13581757e-02,  1.16030653e-02,
        1.18531230e-02,  1.21084477e-02,  1.23691394e-02,  1.26352990e-02,
        1.29070283e-02,  1.31844300e-02,  1.34676077e-02,  1.37566655e-02,
        1.40517082e-02,  1.43528410e-02,  1.46601697e-02,  1.49738001e-02,
        1.52938384e-02,  1.56203907e-02,  1.59535630e-02,  1.62934611e-02,
        1.66401903e-02,  1.69938553e-02,  1.73545601e-02,  1.77224075e-02,
        1.80974996e-02,  1.84799366e-02,  1.88698173e-02,  1.92672388e-02,
        1.96722960e-02,  2.00850814e-02,  2.05056850e-02,  2.09341938e-02,
        2.13706919e-02,  2.18152595e-02,  2.22679735e-02,  2.27289065e-02,
        2.31981265e-02,  2.36756971e-02,  2.41616766e-02,  2.46561180e-02,
        2.51590684e-02,  2.56705687e-02,  2.61906534e-02,  2.67193502e-02,
        2.72566793e-02,  2.78026533e-02,  2.83572771e-02,  2.89205469e-02,
        2.94924502e-02,  3.00729656e-02,  3.06620620e-02,  3.12596986e-02,
        3.18658244e-02,  3.24803781e-02,  3.31032875e-02,  3.37344692e-02,
        3.43738287e-02,  3.50212597e-02,  3.56766442e-02,  3.63398522e-02,
        3.70107412e-02,  3.76891568e-02,  3.83749317e-02,  3.90678865e-02,
        3.97678287e-02,  4.04745537e-02,  4.11878441e-02,  4.19074702e-02,
        4.26331898e-02,  4.33647487e-02,  4.41018809e-02,  4.48443085e-02,
        4.55917425e-02,  4.63438830e-02,  4.71004196e-02,  4.78610319e-02,
        4.86253902e-02,  4.93931559e-02,  5.01639824e-02,  5.09375154e-02,
        5.17133942e-02,  5.24912522e-02,  5.32707179e-02,  5.40514156e-02,
        5.48329667e-02,  5.56149906e-02,  5.63971056e-02,  5.71789302e-02,
        5.79600841e-02,  5.87401895e-02,  5.95188722e-02,  6.02957627e-02,
        6.10704978e-02,  6.18427214e-02,  6.26120861e-02,  6.33782542e-02,
        6.41408992e-02,  6.48997068e-02,  6.56543762e-02,  6.64046215e-02,
        6.71501723e-02,  6.78907755e-02,  6.86261959e-02,  6.93562173e-02,
        7.00806434e-02,  7.07992987e-02,  7.15120293e-02,  7.22187034e-02,
        7.29192118e-02,  7.36134685e-02,  7.43014106e-02,  7.49829987e-02,
        7.56582164e-02,  7.63270705e-02,  7.69895900e-02,  7.76458254e-02,
        7.82958478e-02,  7.89397476e-02,  7.95776328e-02,  8.02096269e-02,
        8.08358668e-02,  8.14565002e-02,  8.20716823e-02,  8.26815725e-02,
        8.32863308e-02,  8.38861128e-02,  8.44810658e-02,  8.50713229e-02,
        8.56569980e-02,  8.62381794e-02,  8.68149234e-02,  8.73872478e-02,
        8.79551242e-02,  8.85184712e-02,  8.90771464e-02,  8.96309386e-02,
        9.01795600e-02,  9.07226385e-02,  9.12597100e-02,  9.17902108e-02,
        9.23134710e-02,  9.28287080e-02,  9.33350209e-02,  9.38313861e-02,
        9.43166530e-02,  9.47895425e-02,  9.52486457e-02,  9.56924249e-02,
        9.61192158e-02,  9.65272323e-02,  9.69145727e-02,  9.72792286e-02,
        9.76190955e-02,  9.79319860e-02,  9.82156449e-02,  9.84677667e-02,
        9.86860147e-02,  9.88680427e-02,  9.90115174e-02,  9.91141429e-02,
        9.91736860e-02,  9.91880019e-02,  9.91550605e-02,  9.90729727e-02,
        9.89400153e-02,  9.87546560e-02,  9.85155754e-02,  9.82216884e-02,
        9.78721622e-02,  9.74664316e-02,  9.70042116e-02,  9.64855063e-02,
        9.59106134e-02,  9.52801262e-02,  9.45949309e-02,  9.38561999e-02,
        9.30653824e-02,  9.22241901e-02,  9.13345809e-02,  9.03987390e-02,
        8.94190527e-02,  8.83980898e-02,  8.73385721e-02,  8.62433481e-02,
        8.51153654e-02,  8.39576428e-02,  8.27732429e-02,  8.15652452e-02,
        8.03367207e-02,  7.90907076e-02,  7.78301893e-02,  7.65580736e-02,
        7.52771749e-02,  7.39901988e-02,  7.26997278e-02,  7.14082112e-02,
        7.01179560e-02,  6.88311208e-02,  6.75497114e-02,  6.62755789e-02,
        6.50104193e-02,  6.37557751e-02,  6.25130378e-02,  6.12834526e-02,
        6.00681231e-02,  5.88680182e-02,  5.76839781e-02,  5.65167224e-02,
        5.53668573e-02,  5.42348839e-02,  5.31212063e-02,  5.20261391e-02,
        5.09499157e-02,  4.98926958e-02,  4.88545726e-02,  4.78355802e-02,
        4.68356995e-02,  4.58548650e-02,  4.48929704e-02,  4.39498738e-02,
        4.30254027e-02,  4.21193583e-02,  4.12315199e-02,  4.03616479e-02,
        3.95094878e-02,  3.86747724e-02,  3.78572251e-02,  3.70565613e-02,
        3.62724911e-02,  3.55047207e-02,  3.47529539e-02,  3.40168933e-02,
        3.32962418e-02,  3.25907028e-02,  3.18999817e-02,  3.12237862e-02,
        3.05618269e-02,  2.99138176e-02,  2.92794759e-02,  2.86585235e-02,
        2.80506861e-02,  2.74556938e-02,  2.68732815e-02,  2.63031882e-02,
        2.57451580e-02,  2.51989395e-02,  2.46642861e-02,  2.41409557e-02,
        2.36287112e-02,  2.31273197e-02,  2.26365534e-02,  2.21561888e-02,
        2.16860067e-02,  2.12257927e-02,  2.07753366e-02,  2.03344324e-02,
        1.99028786e-02,  1.94804775e-02,  1.90670357e-02,  1.86623639e-02,
        1.82662765e-02,  1.78785919e-02,  1.74991323e-02,  1.71277235e-02,
        1.67641951e-02,  1.64083801e-02,  1.60601152e-02,  1.57192404e-02,
        1.53855990e-02,  1.50590379e-02,  1.47394068e-02,  1.44265588e-02,
        1.41203502e-02,  1.38206401e-02,  1.35272908e-02,  1.32401673e-02,
        1.29591375e-02,  1.26840722e-02,  1.24148450e-02,  1.21513318e-02,
        1.18934116e-02,  1.16409655e-02,  1.13938776e-02,  1.11520340e-02,
        1.09153236e-02,  1.06836373e-02,  1.04568686e-02,  1.02349131e-02,
        1.00176687e-02,  9.80503532e-03,  9.59691520e-03,  9.39321251e-03,
        9.19383351e-03,  8.99868644e-03,  8.80768148e-03,  8.62073071e-03,
        8.43774809e-03,  8.25864939e-03,  8.08335219e-03,  7.91177579e-03,
        7.74384122e-03,  7.57947119e-03,  7.41859004e-03,  7.26112371e-03,
        7.10699972e-03,  6.95614714e-03,  6.80849652e-03,  6.66397991e-03,
        6.52253077e-03,  6.38408401e-03,  6.24857589e-03,  6.11594404e-03,
        5.98612741e-03,  5.85906625e-03,  5.73470206e-03,  5.61297760e-03,
        5.49383685e-03,  5.37722495e-03,  5.26308824e-03,  5.15137417e-03,
        5.04203133e-03,  4.93500937e-03,  4.83025905e-03,  4.72773213e-03,
        4.62738143e-03,  4.52916076e-03,  4.43302490e-03,  4.33892960e-03,
        4.24683154e-03,  4.15668835e-03,  4.06845851e-03,  3.98210142e-03,
        3.89757733e-03,  3.81484732e-03,  3.73387333e-03,  3.65461807e-03,
        3.57704506e-03,  3.50111860e-03,  3.42680373e-03,  3.35406626e-03,
        3.28287269e-03,  3.21319025e-03,  3.14498688e-03,  3.07823117e-03,
        3.01289240e-03,  2.94894049e-03,  2.88634601e-03,  2.82508013e-03,
        2.76511467e-03,  2.70642201e-03,  2.64897514e-03,  2.59274762e-03,
        2.53771356e-03,  2.48384764e-03,  2.43112505e-03,  2.37952154e-03,
        2.32901333e-03,  2.27957720e-03,  2.23119037e-03,  2.18383058e-03,
        2.13747603e-03,  2.09210537e-03,  2.04769773e-03,  2.00423267e-03,
        1.96169017e-03,  1.92005065e-03,  1.87929495e-03,  1.83940431e-03,
        1.80036036e-03,  1.76214514e-03,  1.72474104e-03,  1.68813086e-03,
        1.65229774e-03,  1.61722519e-03,  1.58289706e-03,  1.54929755e-03,
        1.51641120e-03,  1.48422287e-03,  1.45271773e-03,  1.42188130e-03,
        1.39169937e-03,  1.36215805e-03,  1.33324375e-03,  1.30494315e-03,
        1.27724322e-03,  1.25013123e-03,  1.22359468e-03,  1.19762136e-03,
        1.17219932e-03,  1.14731685e-03,  1.12296250e-03,  1.09912506e-03,
        1.07579356e-03,  1.05295726e-03,  1.03060564e-03,  1.00872842e-03,
        9.87315521e-04,  9.66357096e-04,  9.45843494e-04,  9.25765273e-04,
        9.06113189e-04,  8.86878198e-04,  8.68051444e-04,  8.49624263e-04,
        8.31588171e-04,  8.13934866e-04,  7.96656224e-04,  7.79744289e-04,
        7.63191277e-04,  7.46989569e-04,  7.31131707e-04,  7.15610392e-04,
        7.00418478e-04,  6.85548974e-04,  6.70995033e-04,  6.56749958e-04,
        6.42807191e-04,  6.29160313e-04,  6.15803044e-04,  6.02729234e-04,
        5.89932866e-04,  5.77408050e-04,  5.65149019e-04,  5.53150132e-04,
        5.41405864e-04,  5.29910811e-04,  5.18659680e-04,  5.07647293e-04,
        4.96868581e-04,  4.86318581e-04,  4.75992439e-04,  4.65885400e-04,
        4.55992812e-04,  4.46310122e-04,  4.36832872e-04,  4.27556700e-04,
        4.18477337e-04,  4.09590603e-04,  4.00892406e-04,  3.92378744e-04,
        3.84045698e-04,  3.75889431e-04,  3.67906190e-04,  3.60092299e-04,
        3.52444161e-04,  3.44958257e-04,  3.37631141e-04,  3.30459438e-04,
        3.23439850e-04,  3.16569144e-04,  3.09844157e-04,  3.03261794e-04,
        2.96819025e-04,  2.90512885e-04,  2.84340471e-04,  2.78298941e-04,
        2.72385514e-04,  2.66597469e-04,  2.60932142e-04,  2.55386923e-04,
        2.49959262e-04,  2.44646659e-04,  2.39446669e-04,  2.34356898e-04,
        2.29375004e-04,  2.24498694e-04,  2.19725722e-04,  2.15053892e-04,
        2.10481053e-04,  2.06005101e-04,  2.01623974e-04,  1.97335657e-04,
        1.93138175e-04,  1.89029597e-04,  1.85008030e-04,  1.81071624e-04,
        1.77218567e-04,  1.73447086e-04,  1.69755443e-04,  1.66141941e-04,
        1.62604915e-04,  1.59142738e-04,  1.55753816e-04,  1.52436588e-04,
        1.49189529e-04,  1.46011142e-04,  1.42899966e-04,  1.39854568e-04,
        1.36873547e-04,  1.33955529e-04,  1.31099173e-04,  1.28303162e-04,
        1.25566211e-04,  1.22887059e-04,  1.20264473e-04,  1.17697245e-04,
        1.15184195e-04,  1.12724165e-04,  1.10316023e-04,  1.07958661e-04,
        1.05650993e-04,  1.03391957e-04,  1.01180513e-04,  9.90156435e-05,
        9.68963518e-05,  9.48216624e-05,  9.27906202e-05,  9.08022904e-05,
        8.88557577e-05,  8.69501261e-05,  8.50845184e-05,  8.32580758e-05,
        8.14699577e-05,  7.97193410e-05,  7.80054198e-05,  7.63274052e-05,
        7.46845248e-05,  7.30760223e-05,  7.15011574e-05,  6.99592051e-05,
        6.84494556e-05,  6.69712141e-05,  6.55238000e-05,  6.41065470e-05,
        6.27188030e-05,  6.13599289e-05,  6.00292993e-05,  5.87263018e-05,
        5.74503366e-05,  5.62008162e-05,  5.49771656e-05,  5.37788214e-05,
        5.26052321e-05,  5.14558575e-05,  5.03301685e-05,  4.92276469e-05,
        4.81477853e-05,  4.70900864e-05,  4.60540636e-05,  4.50392399e-05,
        4.40451481e-05,  4.30713308e-05,  4.21173395e-05,  4.11827352e-05,
        4.02670877e-05,  3.93699756e-05,  3.84909857e-05,  3.76297136e-05,
        3.67857628e-05,  3.59587448e-05,  3.51482790e-05,  3.43539922e-05,
        3.35755189e-05,  3.28125007e-05,  3.20645863e-05,  3.13314316e-05,
        3.06126991e-05,  2.99080578e-05,  2.92171835e-05,  2.85397581e-05,
        2.78754698e-05,  2.72240128e-05,  2.65850873e-05,  2.59583992e-05,
        2.53436599e-05,  2.47405866e-05,  2.41489015e-05,  2.35683324e-05,
        2.29986121e-05,  2.24394782e-05,  2.18906734e-05,  2.13519450e-05,
        2.08230452e-05,  2.03037304e-05,  1.97937616e-05,  1.92929040e-05,
        1.88009271e-05,  1.83176045e-05,  1.78427136e-05,  1.73760359e-05,
        1.69173565e-05,  1.64664643e-05,  1.60231518e-05,  1.55872149e-05,
        1.51584529e-05,  1.47366685e-05,  1.43216675e-05,  1.39132590e-05,
        1.35112548e-05,  1.31154699e-05,  1.27257223e-05,  1.23418324e-05,
        1.19636235e-05,  1.15909216e-05,  1.12235551e-05,  1.08613550e-05,
        1.05041544e-05,  1.01517889e-05,  9.80409643e-06,  9.46091686e-06,
        9.12209224e-06,  8.78746659e-06,  8.45688590e-06,  8.13019799e-06,
        7.80725247e-06,  7.48790071e-06,  7.17199570e-06,  6.85939202e-06,
        6.54994577e-06,  6.24351453e-06,  5.93995723e-06,  5.63913415e-06,
        5.34090681e-06,  5.04513794e-06,  4.75169140e-06,  4.46043209e-06,
        4.17122597e-06,  3.88393990e-06,  3.59844164e-06,  3.31459977e-06,
        3.03228365e-06,  2.75136331e-06,  2.47170945e-06,  2.19319334e-06,
        1.91568677e-06,  1.63906202e-06,  1.36319173e-06,  1.08794894e-06,
        8.13206942e-07,  5.38839269e-07,  2.64719629e-07, -9.27815869e-09])], 1: [array([ 0.00000000e+00,  8.87522941e-05,  1.77506810e-04,  2.66265771e-04,
        3.55031399e-04,  4.43805916e-04,  5.32591546e-04,  6.21390511e-04,
        7.10205035e-04,  7.99037341e-04,  8.87889655e-04,  9.76764199e-04,
        1.06566320e-03,  1.15458889e-03,  1.24354348e-03,  1.33252921e-03,
        1.42154831e-03,  1.51060299e-03,  1.59969551e-03,  1.68882807e-03,
        1.77800293e-03,  1.86722230e-03,  1.95648842e-03,  2.04580353e-03,
        2.13516987e-03,  2.22458967e-03,  2.31406517e-03,  2.40359861e-03,
        2.49319223e-03,  2.58284828e-03,  2.67256900e-03,  2.76235664e-03,
        2.85221344e-03,  2.94214166e-03,  3.03214355e-03,  3.12222136e-03,
        3.21237734e-03,  3.30261376e-03,  3.39293287e-03,  3.48333693e-03,
        3.57382822e-03,  3.66440898e-03,  3.75508150e-03,  3.84584804e-03,
        3.93671088e-03,  4.02767228e-03,  4.11873454e-03,  4.20989992e-03,
        4.30117071e-03,  4.39254920e-03,  4.48403767e-03,  4.57563841e-03,
        4.66735373e-03,  4.75918591e-03,  4.85113725e-03,  4.94321005e-03,
        5.03540663e-03,  5.12772929e-03,  5.22018034e-03,  5.31276210e-03,
        5.40547688e-03,  5.49832700e-03,  5.59131480e-03,  5.68444260e-03,
        5.77771273e-03,  5.87112752e-03,  5.96468932e-03,  6.05840047e-03,
        6.15226331e-03,  6.24628019e-03,  6.34045348e-03,  6.43478552e-03,
        6.52927868e-03,  6.62393532e-03,  6.71875782e-03,  6.81374855e-03,
        6.90890988e-03,  7.00424421e-03,  7.09975391e-03,  7.19544138e-03,
        7.29130901e-03,  7.38735921e-03,  7.48359438e-03,  7.58001693e-03,
        7.67662927e-03,  7.77343382e-03,  7.87043301e-03,  7.96762927e-03,
        8.06502502e-03,  8.16262271e-03,  8.26042479e-03,  8.35843369e-03,
        8.45665188e-03,  8.55508181e-03,  8.65372594e-03,  8.75258676e-03,
        8.85166673e-03,  8.95096833e-03,  9.05049406e-03,  9.15024639e-03,
        9.25022784e-03,  9.35044090e-03,  9.45088808e-03,  9.55157190e-03,
        9.65249488e-03,  9.75365954e-03,  9.85506842e-03,  9.95672407e-03,
        1.00586290e-02,  1.01607858e-02,  1.02631970e-02,  1.03658652e-02,
        1.04687929e-02,  1.05719828e-02,  1.06754374e-02,  1.07791592e-02,
        1.08831510e-02,  1.09874153e-02,  1.10919546e-02,  1.11967717e-02,
        1.13018692e-02,  1.14072496e-02,  1.15129157e-02,  1.16188700e-02,
        1.17251153e-02,  1.18316541e-02,  1.19384892e-02,  1.20456232e-02,
        1.21530588e-02,  1.22607987e-02,  1.23688456e-02,  1.24772022e-02,
        1.25858712e-02,  1.26948553e-02,  1.28041573e-02,  1.29137800e-02,
        1.30237259e-02,  1.31339979e-02,  1.32445989e-02,  1.33555314e-02,
        1.34667983e-02,  1.35784025e-02,  1.36903466e-02,  1.38026335e-02,
        1.39152660e-02,  1.40282469e-02,  1.41415791e-02,  1.42552653e-02,
        1.43693085e-02,  1.44837115e-02,  1.45984771e-02,  1.47136083e-02,
        1.48291078e-02,  1.49449787e-02,  1.50612238e-02,  1.51778459e-02,
        1.52948482e-02,  1.54122333e-02,  1.55300044e-02,  1.56481643e-02,
        1.57667161e-02,  1.58856626e-02,  1.60050069e-02,  1.61247519e-02,
        1.62449006e-02,  1.63654562e-02,  1.64864214e-02,  1.66077995e-02,
        1.67295934e-02,  1.68518062e-02,  1.69744410e-02,  1.70975007e-02,
        1.72209886e-02,  1.73449077e-02,  1.74692610e-02,  1.75940518e-02,
        1.77192831e-02,  1.78449580e-02,  1.79710798e-02,  1.80976515e-02,
        1.82246764e-02,  1.83521576e-02,  1.84800983e-02,  1.86085018e-02,
        1.87373711e-02,  1.88667096e-02,  1.89965206e-02,  1.91268071e-02,
        1.92575726e-02,  1.93888203e-02,  1.95205534e-02,  1.96527753e-02,
        1.97854893e-02,  1.99186987e-02,  2.00524068e-02,  2.01866170e-02,
        2.03213327e-02,  2.04565571e-02,  2.05922938e-02,  2.07285461e-02,
        2.08653174e-02,  2.10026111e-02,  2.11404308e-02,  2.12787797e-02,
        2.14176614e-02,  2.15570794e-02,  2.16970372e-02,  2.18375382e-02,
        2.19785860e-02,  2.21201842e-02,  2.22623362e-02,  2.24050456e-02,
        2.25483160e-02,  2.26921510e-02,  2.28365541e-02,  2.29815291e-02,
        2.31270795e-02,  2.32732089e-02,  2.34199211e-02,  2.35672197e-02,
        2.37151084e-02,  2.38635909e-02,  2.40126708e-02,  2.41623521e-02,
        2.43126383e-02,  2.44635333e-02,  2.46150408e-02,  2.47671647e-02,
        2.49199086e-02,  2.50732766e-02,  2.52272723e-02,  2.53818997e-02,
        2.55371627e-02,  2.56930650e-02,  2.58496107e-02,  2.60068036e-02,
        2.61646477e-02,  2.63231469e-02,  2.64823052e-02,  2.66421266e-02,
        2.68026151e-02,  2.69637747e-02,  2.71256094e-02,  2.72881233e-02,
        2.74513204e-02,  2.76152049e-02,  2.77797809e-02,  2.79450524e-02,
        2.81110236e-02,  2.82776987e-02,  2.84450818e-02,  2.86131772e-02,
        2.87819890e-02,  2.89515214e-02,  2.91217788e-02,  2.92927653e-02,
        2.94644853e-02,  2.96369430e-02,  2.98101428e-02,  2.99840890e-02,
        3.01587859e-02,  3.03342380e-02,  3.05104496e-02,  3.06874252e-02,
        3.08651691e-02,  3.10436858e-02,  3.12229798e-02,  3.14030556e-02,
        3.15839176e-02,  3.17655705e-02,  3.19480187e-02,  3.21312669e-02,
        3.23153195e-02,  3.25001813e-02,  3.26858568e-02,  3.28723506e-02,
        3.30596676e-02,  3.32478122e-02,  3.34367893e-02,  3.36266036e-02,
        3.38172597e-02,  3.40087625e-02,  3.42011168e-02,  3.43943274e-02,
        3.45883990e-02,  3.47833366e-02,  3.49791450e-02,  3.51758291e-02,
        3.53733937e-02,  3.55718439e-02,  3.57711846e-02,  3.59714206e-02,
        3.61725571e-02,  3.63745989e-02,  3.65775512e-02,  3.67814189e-02,
        3.69862072e-02,  3.71919210e-02,  3.73985654e-02,  3.76061457e-02,
        3.78146668e-02,  3.80241338e-02,  3.82345521e-02,  3.84459266e-02,
        3.86582625e-02,  3.88715650e-02,  3.90858394e-02,  3.93010907e-02,
        3.95173241e-02,  3.97345448e-02,  3.99527581e-02,  4.01719690e-02,
        4.03921827e-02,  4.06134045e-02,  4.08356393e-02,  4.10588924e-02,
        4.12831689e-02,  4.15084737e-02,  4.17348120e-02,  4.19621887e-02,
        4.21906088e-02,  4.24200771e-02,  4.26505985e-02,  4.28821778e-02,
        4.31148196e-02,  4.33485284e-02,  4.35833089e-02,  4.38191653e-02,
        4.40561019e-02,  4.42941228e-02,  4.45332319e-02,  4.47734331e-02,
        4.50147299e-02,  4.52571256e-02,  4.55006234e-02,  4.57452263e-02,
        4.59909367e-02,  4.62377570e-02,  4.64856892e-02,  4.67347348e-02,
        4.69848951e-02,  4.72361708e-02,  4.74885621e-02,  4.77420690e-02,
        4.79966905e-02,  4.82524253e-02,  4.85092713e-02,  4.87672259e-02,
        4.90262854e-02,  4.92864456e-02,  4.95477011e-02,  4.98100458e-02,
        5.00734725e-02,  5.03379728e-02,  5.06035371e-02,  5.08701547e-02,
        5.11378133e-02,  5.14064993e-02,  5.16761974e-02,  5.19468907e-02,
        5.22185604e-02,  5.24911859e-02,  5.27647444e-02,  5.30392112e-02,
        5.33145589e-02,  5.35907579e-02,  5.38677758e-02,  5.41455777e-02,
        5.44241253e-02,  5.47033776e-02,  5.49832901e-02,  5.52638147e-02,
        5.55448998e-02,  5.58264897e-02,  5.61085249e-02,  5.63909412e-02,
        5.66736701e-02,  5.69566382e-02,  5.72397670e-02,  5.75229728e-02,
        5.78061666e-02,  5.80892531e-02,  5.83721315e-02,  5.86546943e-02,
        5.89368276e-02,  5.92184105e-02,  5.94993150e-02,  5.97794058e-02,
        6.00585396e-02,  6.03365654e-02,  6.06133238e-02,  6.08886466e-02,
        6.11623571e-02,  6.14342692e-02,  6.17041875e-02,  6.19719069e-02,
        6.22372122e-02,  6.24998782e-02,  6.27596691e-02,  6.30163384e-02,
        6.32696288e-02,  6.35192717e-02,  6.37649872e-02,  6.40064841e-02,
        6.42434593e-02,  6.44755981e-02,  6.47025739e-02,  6.49240479e-02,
        6.51396696e-02,  6.53490764e-02,  6.55518934e-02,  6.57477341e-02,
        6.59361999e-02,  6.61168804e-02,  6.62893537e-02,  6.64531865e-02,
        6.66079342e-02,  6.67531416e-02,  6.68883428e-02,  6.70130620e-02,
        6.71268136e-02,  6.72291028e-02,  6.73194265e-02,  6.73972733e-02,
        6.74621249e-02,  6.75134560e-02,  6.75507359e-02,  6.75734287e-02,
        6.75809946e-02,  6.75728907e-02,  6.75485719e-02,  6.75074923e-02,
        6.74491060e-02,  6.73728682e-02,  6.72782369e-02,  6.71646736e-02,
        6.70316449e-02,  6.68786238e-02,  6.67050910e-02,  6.65105365e-02,
        6.62944607e-02,  6.60563760e-02,  6.57958086e-02,  6.55122994e-02,
        6.52054057e-02,  6.48747030e-02,  6.45197860e-02,  6.41402704e-02,
        6.37357939e-02,  6.33060181e-02,  6.28506297e-02,  6.23693416e-02,
        6.18618945e-02,  6.13280577e-02,  6.07676308e-02,  6.01804443e-02,
        5.95663607e-02,  5.89252756e-02,  5.82571184e-02,  5.75618529e-02,
        5.68394782e-02,  5.60900287e-02,  5.53135752e-02,  5.45102247e-02,
        5.36801204e-02,  5.28234422e-02,  5.19404063e-02,  5.10312651e-02,
        5.00963067e-02,  4.91358544e-02,  4.81502661e-02,  4.71399338e-02,
        4.61052823e-02,  4.50467681e-02,  4.39648788e-02,  4.28601314e-02,
        4.17330709e-02,  4.05842690e-02,  3.94143221e-02,  3.82238503e-02,
        3.70134947e-02,  3.57839162e-02,  3.45357932e-02,  3.32698200e-02,
        3.19867041e-02,  3.06871648e-02,  2.93719308e-02,  2.80417383e-02,
        2.66973287e-02,  2.53394474e-02,  2.39688412e-02,  2.25862568e-02,
        2.11924396e-02,  1.97881320e-02,  1.83740723e-02,  1.69509937e-02,
        1.55196242e-02,  1.40806854e-02,  1.26348936e-02,  1.11829594e-02,
        9.72558881e-03,  8.26348474e-03,  6.79734842e-03,  5.32788166e-03,
        3.85578951e-03,  2.38178326e-03,  9.06583980e-04, -5.69073587e-04,
       -2.04443676e-03, -3.51873034e-03, -4.99115181e-03, -6.46086635e-03,
       -7.92700181e-03, -9.38864373e-03, -1.08448305e-02, -1.22945488e-02,
       -1.37367295e-02, -1.51702444e-02, -1.65939030e-02, -1.80064510e-02,
       -1.94065690e-02, -2.07928732e-02, -2.21639167e-02, -2.35181924e-02,
       -2.48541373e-02, -2.61701385e-02, -2.74645404e-02, -2.87356539e-02,
       -2.99817663e-02, -3.12011534e-02, -3.23920922e-02, -3.35528750e-02,
       -3.46818244e-02, -3.57773086e-02, -3.68377577e-02, -3.78616793e-02,
       -3.88476746e-02, -3.97944536e-02, -4.07008495e-02, -4.15658324e-02,
       -4.23885207e-02, -4.31681921e-02, -4.39042917e-02, -4.45964386e-02,
       -4.52444301e-02, -4.58482437e-02, -4.64080374e-02, -4.69241462e-02,
       -4.73970785e-02, -4.78275086e-02, -4.82162682e-02, -4.85643362e-02,
       -4.88728266e-02, -4.91429753e-02, -4.93761263e-02, -4.95737165e-02,
       -4.97372608e-02, -4.98683362e-02, -4.99685670e-02, -5.00396095e-02,
       -5.00831378e-02, -5.01008299e-02, -5.00943548e-02, -5.00653611e-02,
       -5.00154661e-02, -4.99462461e-02, -4.98592287e-02, -4.97558856e-02,
       -4.96376265e-02, -4.95057950e-02, -4.93616652e-02, -4.92064389e-02,
       -4.90412447e-02, -4.88671375e-02, -4.86850987e-02, -4.84960376e-02,
       -4.83007930e-02, -4.81001352e-02, -4.78947693e-02, -4.76853376e-02,
       -4.74724234e-02, -4.72565539e-02, -4.70382042e-02, -4.68178009e-02,
       -4.65957256e-02, -4.63723181e-02, -4.61478808e-02, -4.59226809e-02,
       -4.56969544e-02, -4.54709090e-02, -4.52447266e-02, -4.50185662e-02,
       -4.47925665e-02, -4.45668477e-02, -4.43415141e-02, -4.41166556e-02,
       -4.38923498e-02, -4.36686631e-02, -4.34456523e-02, -4.32233660e-02,
       -4.30018452e-02, -4.27811250e-02, -4.25612346e-02, -4.23421989e-02,
       -4.21240384e-02, -4.19067703e-02, -4.16904087e-02, -4.14749652e-02,
       -4.12604491e-02, -4.10468679e-02, -4.08342274e-02, -4.06225320e-02,
       -4.04117851e-02, -4.02019887e-02, -3.99931444e-02, -3.97852526e-02,
       -3.95783133e-02, -3.93723259e-02, -3.91672893e-02, -3.89632019e-02,
       -3.87600618e-02, -3.85578669e-02, -3.83566146e-02, -3.81563023e-02,
       -3.79569268e-02, -3.77584852e-02, -3.75609741e-02, -3.73643900e-02,
       -3.71687295e-02, -3.69739888e-02, -3.67801641e-02, -3.65872516e-02,
       -3.63952473e-02, -3.62041473e-02, -3.60139475e-02, -3.58246437e-02,
       -3.56362318e-02, -3.54487077e-02, -3.52620671e-02, -3.50763057e-02,
       -3.48914194e-02, -3.47074037e-02, -3.45242545e-02, -3.43419674e-02,
       -3.41605381e-02, -3.39799623e-02, -3.38002357e-02, -3.36213539e-02,
       -3.34433126e-02, -3.32661075e-02, -3.30897344e-02, -3.29141888e-02,
       -3.27394666e-02, -3.25655634e-02, -3.23924750e-02, -3.22201970e-02,
       -3.20487253e-02, -3.18780557e-02, -3.17081838e-02, -3.15391055e-02,
       -3.13708166e-02, -3.12033129e-02, -3.10365902e-02, -3.08706445e-02,
       -3.07054715e-02, -3.05410672e-02, -3.03774275e-02, -3.02145482e-02,
       -3.00524254e-02, -2.98910550e-02, -2.97304329e-02, -2.95705551e-02,
       -2.94114177e-02, -2.92530166e-02, -2.90953479e-02, -2.89384078e-02,
       -2.87821921e-02, -2.86266971e-02, -2.84719188e-02, -2.83178534e-02,
       -2.81644971e-02, -2.80118459e-02, -2.78598960e-02, -2.77086438e-02,
       -2.75580853e-02, -2.74082168e-02, -2.72590345e-02, -2.71105348e-02,
       -2.69627139e-02, -2.68155681e-02, -2.66690937e-02, -2.65232871e-02,
       -2.63781446e-02, -2.62336625e-02, -2.60898373e-02, -2.59466654e-02,
       -2.58041431e-02, -2.56622669e-02, -2.55210333e-02, -2.53804387e-02,
       -2.52404795e-02, -2.51011524e-02, -2.49624538e-02, -2.48243801e-02,
       -2.46869281e-02, -2.45500942e-02, -2.44138749e-02, -2.42782670e-02,
       -2.41432670e-02, -2.40088715e-02, -2.38750771e-02, -2.37418805e-02,
       -2.36092784e-02, -2.34772674e-02, -2.33458443e-02, -2.32150057e-02,
       -2.30847484e-02, -2.29550692e-02, -2.28259646e-02, -2.26974316e-02,
       -2.25694670e-02, -2.24420674e-02, -2.23152297e-02, -2.21889508e-02,
       -2.20632275e-02, -2.19380566e-02, -2.18134350e-02, -2.16893596e-02,
       -2.15658273e-02, -2.14428349e-02, -2.13203795e-02, -2.11984578e-02,
       -2.10770670e-02, -2.09562039e-02, -2.08358655e-02, -2.07160488e-02,
       -2.05967508e-02, -2.04779686e-02, -2.03596990e-02, -2.02419393e-02,
       -2.01246864e-02, -2.00079374e-02, -1.98916893e-02, -1.97759393e-02,
       -1.96606845e-02, -1.95459220e-02, -1.94316488e-02, -1.93178622e-02,
       -1.92045593e-02, -1.90917373e-02, -1.89793933e-02, -1.88675245e-02,
       -1.87561281e-02, -1.86452013e-02, -1.85347414e-02, -1.84247456e-02,
       -1.83152111e-02, -1.82061352e-02, -1.80975152e-02, -1.79893483e-02,
       -1.78816318e-02, -1.77743631e-02, -1.76675394e-02, -1.75611581e-02,
       -1.74552165e-02, -1.73497119e-02, -1.72446418e-02, -1.71400034e-02,
       -1.70357942e-02, -1.69320116e-02, -1.68286529e-02, -1.67257156e-02,
       -1.66231970e-02, -1.65210947e-02, -1.64194061e-02, -1.63181286e-02,
       -1.62172596e-02, -1.61167967e-02, -1.60167374e-02, -1.59170791e-02,
       -1.58178194e-02, -1.57189557e-02, -1.56204855e-02, -1.55224065e-02,
       -1.54247162e-02, -1.53274121e-02, -1.52304917e-02, -1.51339527e-02,
       -1.50377927e-02, -1.49420091e-02, -1.48465997e-02, -1.47515621e-02,
       -1.46568937e-02, -1.45625924e-02, -1.44686557e-02, -1.43750813e-02,
       -1.42818668e-02, -1.41890100e-02, -1.40965083e-02, -1.40043597e-02,
       -1.39125617e-02, -1.38211120e-02, -1.37300085e-02, -1.36392486e-02,
       -1.35488303e-02, -1.34587513e-02, -1.33690092e-02, -1.32796019e-02,
       -1.31905271e-02, -1.31017825e-02, -1.30133661e-02, -1.29252754e-02,
       -1.28375084e-02, -1.27500628e-02, -1.26629364e-02, -1.25761272e-02,
       -1.24896328e-02, -1.24034511e-02, -1.23175800e-02, -1.22320173e-02,
       -1.21467609e-02, -1.20618086e-02, -1.19771584e-02, -1.18928080e-02,
       -1.18087554e-02, -1.17249985e-02, -1.16415351e-02, -1.15583633e-02,
       -1.14754808e-02, -1.13928857e-02, -1.13105759e-02, -1.12285492e-02,
       -1.11468037e-02, -1.10653373e-02, -1.09841480e-02, -1.09032337e-02,
       -1.08225924e-02, -1.07422221e-02, -1.06621207e-02, -1.05822863e-02,
       -1.05027169e-02, -1.04234105e-02, -1.03443650e-02, -1.02655786e-02,
       -1.01870491e-02, -1.01087748e-02, -1.00307536e-02, -9.95298350e-03,
       -9.87546263e-03, -9.79818904e-03, -9.72116077e-03, -9.64437592e-03,
       -9.56783254e-03, -9.49152873e-03, -9.41546258e-03, -9.33963217e-03,
       -9.26403562e-03, -9.18867103e-03, -9.11353651e-03, -9.03863018e-03,
       -8.96395016e-03, -8.88949459e-03, -8.81526161e-03, -8.74124934e-03,
       -8.66745594e-03, -8.59387957e-03, -8.52051837e-03, -8.44737052e-03,
       -8.37443418e-03, -8.30170752e-03, -8.22918873e-03, -8.15687598e-03,
       -8.08476747e-03, -8.01286140e-03, -7.94115595e-03, -7.86964934e-03,
       -7.79833978e-03, -7.72722548e-03, -7.65630465e-03, -7.58557553e-03,
       -7.51503635e-03, -7.44468532e-03, -7.37452071e-03, -7.30454074e-03,
       -7.23474367e-03, -7.16512775e-03, -7.09569123e-03, -7.02643238e-03,
       -6.95734946e-03, -6.88844074e-03, -6.81970450e-03, -6.75113902e-03,
       -6.68274258e-03, -6.61451346e-03, -6.54644997e-03, -6.47855038e-03,
       -6.41081301e-03, -6.34323616e-03, -6.27581814e-03, -6.20855725e-03,
       -6.14145182e-03, -6.07450016e-03, -6.00770060e-03, -5.94105147e-03,
       -5.87455109e-03, -5.80819780e-03, -5.74198994e-03, -5.67592585e-03,
       -5.61000388e-03, -5.54422238e-03, -5.47857970e-03, -5.41307419e-03,
       -5.34770422e-03, -5.28246815e-03, -5.21736435e-03, -5.15239118e-03,
       -5.08754702e-03, -5.02283024e-03, -4.95823923e-03, -4.89377237e-03,
       -4.82942804e-03, -4.76520464e-03, -4.70110055e-03, -4.63711416e-03,
       -4.57324389e-03, -4.50948812e-03, -4.44584527e-03, -4.38231373e-03,
       -4.31889192e-03, -4.25557825e-03, -4.19237113e-03, -4.12926899e-03,
       -4.06627023e-03, -4.00337329e-03, -3.94057659e-03, -3.87787856e-03,
       -3.81527762e-03, -3.75277222e-03, -3.69036077e-03, -3.62804173e-03,
       -3.56581353e-03, -3.50367462e-03, -3.44162343e-03, -3.37965841e-03,
       -3.31777802e-03, -3.25598070e-03, -3.19426490e-03, -3.13262909e-03,
       -3.07107171e-03, -3.00959122e-03, -2.94818610e-03, -2.88685479e-03,
       -2.82559577e-03, -2.76440749e-03, -2.70328843e-03, -2.64223706e-03,
       -2.58125185e-03, -2.52033126e-03, -2.45947379e-03, -2.39867789e-03,
       -2.33794206e-03, -2.27726476e-03, -2.21664448e-03, -2.15607971e-03,
       -2.09556892e-03, -2.03511060e-03, -1.97470324e-03, -1.91434532e-03,
       -1.85403533e-03, -1.79377177e-03, -1.73355312e-03, -1.67337788e-03,
       -1.61324453e-03, -1.55315158e-03, -1.49309752e-03, -1.43308084e-03,
       -1.37310005e-03, -1.31315363e-03, -1.25324010e-03, -1.19335794e-03,
       -1.13350567e-03, -1.07368177e-03, -1.01388476e-03, -9.54113139e-04,
       -8.94365405e-04, -8.34640065e-04, -7.74935623e-04, -7.15250585e-04,
       -6.55583455e-04, -5.95932740e-04, -5.36296947e-04, -4.76674582e-04,
       -4.17064152e-04, -3.57464165e-04, -2.97873128e-04, -2.38289550e-04,
       -1.78711938e-04, -1.19138801e-04, -5.95686468e-05,  1.57963842e-11])], 2: []}
KEDs = {0: [array([3.03433897e-14, 3.03713308e-14, 3.04272644e-14, 3.05112936e-14,
       3.06235731e-14, 3.07643096e-14, 3.09337623e-14, 3.11322433e-14,
       3.13601180e-14, 3.16178060e-14, 3.19057819e-14, 3.22245760e-14,
       3.25747753e-14, 3.29570246e-14, 3.33720279e-14, 3.38205494e-14,
       3.43034150e-14, 3.48215139e-14, 3.53758001e-14, 3.59672944e-14,
       3.65970858e-14, 3.72663342e-14, 3.79762720e-14, 3.87282064e-14,
       3.95235220e-14, 4.03636836e-14, 4.12502380e-14, 4.21848180e-14,
       4.31691444e-14, 4.42050299e-14, 4.52943820e-14, 4.64392066e-14,
       4.76416119e-14, 4.89038122e-14, 5.02281315e-14, 5.16170087e-14,
       5.30730012e-14, 5.45987902e-14, 5.61971854e-14, 5.78711300e-14,
       5.96237067e-14, 6.14581426e-14, 6.33778158e-14, 6.53862613e-14,
       6.74871775e-14, 6.96844332e-14, 7.19820744e-14, 7.43843322e-14,
       7.68956301e-14, 7.95205927e-14, 8.22640536e-14, 8.51310649e-14,
       8.81269058e-14, 9.12570932e-14, 9.45273911e-14, 9.79438215e-14,
       1.01512676e-13, 1.05240526e-13, 1.09134236e-13, 1.13200976e-13,
       1.17448235e-13, 1.21883835e-13, 1.26515943e-13, 1.31353088e-13,
       1.36404179e-13, 1.41678516e-13, 1.47185812e-13, 1.52936208e-13,
       1.58940294e-13, 1.65209125e-13, 1.71754245e-13, 1.78587708e-13,
       1.85722095e-13, 1.93170546e-13, 2.00946775e-13, 2.09065103e-13,
       2.17540478e-13, 2.26388508e-13, 2.35625486e-13, 2.45268422e-13,
       2.55335071e-13, 2.65843973e-13, 2.76814477e-13, 2.88266786e-13,
       3.00221989e-13, 3.12702100e-13, 3.25730101e-13, 3.39329982e-13,
       3.53526787e-13, 3.68346658e-13, 3.83816886e-13, 3.99965958e-13,
       4.16823612e-13, 4.34420890e-13, 4.52790196e-13, 4.71965358e-13,
       4.91981684e-13, 5.12876034e-13, 5.34686884e-13, 5.57454397e-13,
       5.81220499e-13, 6.06028953e-13, 6.31925443e-13, 6.58957656e-13,
       6.87175371e-13, 7.16630548e-13, 7.47377429e-13, 7.79472631e-13,
       8.12975257e-13, 8.47946999e-13, 8.84452257e-13, 9.22558253e-13,
       9.62335157e-13, 1.00385622e-12, 1.04719789e-12, 1.09243999e-12,
       1.13966582e-12, 1.18896236e-12, 1.24042037e-12, 1.29413462e-12,
       1.35020401e-12, 1.40873180e-12, 1.46982576e-12, 1.53359840e-12,
       1.60016714e-12, 1.66965457e-12, 1.74218864e-12, 1.81790293e-12,
       1.89693686e-12, 1.97943597e-12, 2.06555217e-12, 2.15544404e-12,
       2.24927711e-12, 2.34722418e-12, 2.44946560e-12, 2.55618965e-12,
       2.66759285e-12, 2.78388035e-12, 2.90526629e-12, 3.03197419e-12,
       3.16423737e-12, 3.30229940e-12, 3.44641451e-12, 3.59684807e-12,
       3.75387711e-12, 3.91779078e-12, 4.08889092e-12, 4.26749261e-12,
       4.45392472e-12, 4.64853058e-12, 4.85166852e-12, 5.06371262e-12,
       5.28505335e-12, 5.51609830e-12, 5.75727291e-12, 6.00902131e-12,
       6.27180708e-12, 6.54611411e-12, 6.83244753e-12, 7.13133462e-12,
       7.44332575e-12, 7.76899544e-12, 8.10894340e-12, 8.46379562e-12,
       8.83420554e-12, 9.22085525e-12, 9.62445675e-12, 1.00457533e-11,
       1.04855205e-11, 1.09445684e-11, 1.14237423e-11, 1.19239244e-11,
       1.24460358e-11, 1.29910381e-11, 1.35599347e-11, 1.41537733e-11,
       1.47736474e-11, 1.54206985e-11, 1.60961180e-11, 1.68011498e-11,
       1.75370920e-11, 1.83053000e-11, 1.91071883e-11, 1.99442335e-11,
       2.08179771e-11, 2.17300280e-11, 2.26820656e-11, 2.36758432e-11,
       2.47131906e-11, 2.57960181e-11, 2.69263198e-11, 2.81061769e-11,
       2.93377621e-11, 3.06233433e-11, 3.19652879e-11, 3.33660670e-11,
       3.48282600e-11, 3.63545595e-11, 3.79477761e-11, 3.96108436e-11,
       4.13468244e-11, 4.31589153e-11, 4.50504532e-11, 4.70249212e-11,
       4.90859552e-11, 5.12373505e-11, 5.34830688e-11, 5.58272454e-11,
       5.82741970e-11, 6.08284296e-11, 6.34946466e-11, 6.62777577e-11,
       6.91828880e-11, 7.22153869e-11, 7.53808388e-11, 7.86850727e-11,
       8.21341730e-11, 8.57344912e-11, 8.94926571e-11, 9.34155911e-11,
       9.75105170e-11, 1.01784976e-10, 1.06246838e-10, 1.10904320e-10,
       1.15765999e-10, 1.20840827e-10, 1.26138150e-10, 1.31667721e-10,
       1.37439723e-10, 1.43464785e-10, 1.49754003e-10, 1.56318957e-10,
       1.63171735e-10, 1.70324959e-10, 1.77791798e-10, 1.85586005e-10,
       1.93721930e-10, 2.02214556e-10, 2.11079521e-10, 2.20333151e-10,
       2.29992484e-10, 2.40075309e-10, 2.50600192e-10, 2.61586514e-10,
       2.73054506e-10, 2.85025285e-10, 2.97520896e-10, 3.10564348e-10,
       3.24179659e-10, 3.38391903e-10, 3.53227249e-10, 3.68713017e-10,
       3.84877722e-10, 4.01751131e-10, 4.19364316e-10, 4.37749710e-10,
       4.56941168e-10, 4.76974031e-10, 4.97885188e-10, 5.19713146e-10,
       5.42498099e-10, 5.66282004e-10, 5.91108659e-10, 6.17023779e-10,
       6.44075086e-10, 6.72312393e-10, 7.01787696e-10, 7.32555273e-10,
       7.64671779e-10, 7.98196354e-10, 8.33190731e-10, 8.69719349e-10,
       9.07849472e-10, 9.47651312e-10, 9.89198160e-10, 1.03256652e-09,
       1.07783625e-09, 1.12509071e-09, 1.17441691e-09, 1.22590567e-09,
       1.27965181e-09, 1.33575428e-09, 1.39431640e-09, 1.45544598e-09,
       1.51925559e-09, 1.58586271e-09, 1.65538997e-09, 1.72796540e-09,
       1.80372262e-09, 1.88280109e-09, 1.96534642e-09, 2.05151056e-09,
       2.14145214e-09, 2.23533674e-09, 2.33333719e-09, 2.43563388e-09,
       2.54241510e-09, 2.65387741e-09, 2.77022595e-09, 2.89167485e-09,
       3.01844762e-09, 3.15077752e-09, 3.28890806e-09, 3.43309338e-09,
       3.58359872e-09, 3.74070095e-09, 3.90468901e-09, 4.07586449e-09,
       4.25454215e-09, 4.44105047e-09, 4.63573231e-09, 4.83894544e-09,
       5.05106328e-09, 5.27247548e-09, 5.50358870e-09, 5.74482728e-09,
       5.99663402e-09, 6.25947100e-09, 6.53382032e-09, 6.82018505e-09,
       7.11909003e-09, 7.43108287e-09, 7.75673485e-09, 8.09664193e-09,
       8.45142582e-09, 8.82173498e-09, 9.20824580e-09, 9.61166373e-09,
       1.00327245e-08, 1.04721952e-08, 1.09308758e-08, 1.14096004e-08,
       1.19092384e-08, 1.24306963e-08, 1.29749187e-08, 1.35428902e-08,
       1.41356366e-08, 1.47542268e-08, 1.53997743e-08, 1.60734389e-08,
       1.67764282e-08, 1.75099997e-08, 1.82754625e-08, 1.90741790e-08,
       1.99075667e-08, 2.07771006e-08, 2.16843143e-08, 2.26308026e-08,
       2.36182234e-08, 2.46482991e-08, 2.57228193e-08, 2.68436422e-08,
       2.80126968e-08, 2.92319847e-08, 3.05035823e-08, 3.18296420e-08,
       3.32123945e-08, 3.46541504e-08, 3.61573017e-08, 3.77243231e-08,
       3.93577738e-08, 4.10602984e-08, 4.28346280e-08, 4.46835809e-08,
       4.66100634e-08, 4.86170699e-08, 5.07076834e-08, 5.28850745e-08,
       5.51525014e-08, 5.75133084e-08, 5.99709250e-08, 6.25288631e-08,
       6.51907151e-08, 6.79601509e-08, 7.08409136e-08, 7.38368157e-08,
       7.69517336e-08, 8.01896017e-08, 8.35544060e-08, 8.70501759e-08,
       9.06809756e-08, 9.44508948e-08, 9.83640373e-08, 1.02424510e-07,
       1.06636407e-07, 1.11003800e-07, 1.15530718e-07, 1.20221132e-07,
       1.25078935e-07, 1.30107924e-07, 1.35311776e-07, 1.40694028e-07,
       1.46258047e-07, 1.52007008e-07, 1.57943864e-07, 1.64071317e-07,
       1.70391786e-07, 1.76907373e-07, 1.83619833e-07, 1.90530531e-07,
       1.97640413e-07, 2.04949961e-07, 2.12459159e-07, 2.20167446e-07,
       2.28073682e-07, 2.36176102e-07, 2.44472275e-07, 2.52959064e-07,
       2.61632580e-07, 2.70488147e-07, 2.79520256e-07, 2.88722534e-07,
       2.98087697e-07, 3.07607527e-07, 3.17272832e-07, 3.27073420e-07,
       3.36998078e-07, 3.47034546e-07, 3.57169503e-07, 3.67388563e-07,
       3.77676261e-07, 3.88016063e-07, 3.98390373e-07, 4.08780548e-07,
       4.19166927e-07, 4.29528862e-07, 4.39844760e-07, 4.50092136e-07,
       4.60247672e-07, 4.70287292e-07, 4.80186238e-07, 4.89919162e-07,
       4.99460229e-07, 5.08783221e-07, 5.17861665e-07, 5.26668951e-07,
       5.35178476e-07, 5.43363786e-07, 5.51198727e-07, 5.58657600e-07,
       5.65715327e-07, 5.72347615e-07, 5.78531122e-07, 5.84243629e-07,
       5.89464209e-07, 5.94173390e-07, 5.98353324e-07, 6.01987938e-07,
       6.05063089e-07, 6.07566708e-07, 6.09488922e-07, 6.10822185e-07,
       6.11561374e-07, 6.11703883e-07, 6.11249697e-07, 6.10201446e-07,
       6.08564441e-07, 6.06346691e-07, 6.03558899e-07, 6.00214436e-07,
       5.96329291e-07, 5.91922008e-07, 5.87013588e-07, 5.81627385e-07,
       5.75788967e-07, 5.69525969e-07, 5.62867922e-07, 5.55846060e-07,
       5.48493126e-07, 5.40843142e-07, 5.32931187e-07, 5.24793151e-07,
       5.16465481e-07, 5.07984928e-07, 4.99388272e-07, 4.90712061e-07,
       4.81992332e-07, 4.73264341e-07, 4.64562283e-07, 4.55919020e-07,
       4.47365808e-07, 4.38932019e-07, 4.30644874e-07, 4.22529166e-07,
       4.14606994e-07, 4.06897483e-07, 3.99416512e-07, 3.92176434e-07,
       3.85185789e-07, 3.78449016e-07, 3.71966155e-07, 3.65732540e-07,
       3.59738495e-07, 3.53969019e-07, 3.48403484e-07, 3.43015329e-07,
       3.37771794e-07, 3.32633676e-07, 3.27555145e-07, 3.22483640e-07,
       3.17359871e-07, 3.12117963e-07, 3.06685778e-07, 3.00985468e-07,
       2.94934289e-07, 2.88445741e-07, 2.81431079e-07, 2.73801231e-07,
       2.65469179e-07, 2.56352818e-07, 2.46378316e-07, 2.35483964e-07,
       2.23624496e-07, 2.10775804e-07, 1.96939972e-07, 1.82150482e-07,
       1.66477439e-07, 1.50032592e-07, 1.32973924e-07, 1.15509526e-07,
       9.79004707e-08, 8.04623758e-08, 6.35653721e-08, 4.76321951e-08,
       3.31341794e-08, 2.05849882e-08, 1.05320012e-08, 3.54537927e-09,
       2.04944263e-10, 1.08513312e-09, 6.73841163e-09, 1.76776526e-08,
       3.43580875e-08, 5.71595232e-08, 8.63695657e-08, 1.22168608e-07,
       1.64617314e-07, 2.13647253e-07, 2.69055251e-07, 3.30501841e-07,
       3.97514069e-07, 4.69492660e-07, 5.45723406e-07, 6.25392382e-07,
       7.07604472e-07, 7.91404478e-07, 8.75800031e-07, 9.59785393e-07,
       1.04236527e-06, 1.12257776e-06, 1.19951558e-06, 1.27234497e-06,
       1.34032161e-06, 1.40280318e-06, 1.45925841e-06, 1.50927242e-06,
       1.55254848e-06, 1.58890649e-06, 1.61827844e-06, 1.64070128e-06,
       1.65630771e-06, 1.66531540e-06, 1.66801514e-06, 1.66475843e-06,
       1.65594488e-06, 1.64201003e-06, 1.62341359e-06, 1.60062869e-06,
       1.57413216e-06, 1.54439595e-06, 1.51187987e-06, 1.47702560e-06,
       1.44025187e-06, 1.40195092e-06, 1.36248599e-06, 1.32218975e-06,
       1.28136364e-06, 1.24027790e-06, 1.19917221e-06, 1.15825680e-06,
       1.11771393e-06, 1.07769963e-06, 1.03834565e-06, 9.99761441e-07,
       9.62036260e-07, 9.25241198e-07, 8.89431174e-07, 8.54646839e-07,
       8.20916371e-07, 7.88257139e-07, 7.56677241e-07, 7.26176889e-07,
       6.96749676e-07, 6.68383688e-07, 6.41062500e-07, 6.14766050e-07,
       5.89471394e-07, 5.65153364e-07, 5.41785133e-07, 5.19338692e-07,
       4.97785254e-07, 4.77095597e-07, 4.57240337e-07, 4.38190169e-07,
       4.19916045e-07, 4.02389330e-07, 3.85581920e-07, 3.69466330e-07,
       3.54015771e-07, 3.39204192e-07, 3.25006322e-07, 3.11397688e-07,
       2.98354629e-07, 2.85854299e-07, 2.73874665e-07, 2.62394496e-07,
       2.51393351e-07, 2.40851564e-07, 2.30750227e-07, 2.21071165e-07,
       2.11796919e-07, 2.02910723e-07, 1.94396480e-07, 1.86238742e-07,
       1.78422682e-07, 1.70934079e-07, 1.63759289e-07, 1.56885227e-07,
       1.50299345e-07, 1.43989609e-07, 1.37944485e-07, 1.32152911e-07,
       1.26604284e-07, 1.21288441e-07, 1.16195641e-07, 1.11316545e-07,
       1.06642204e-07, 1.02164042e-07, 9.78738384e-08, 9.37637166e-08,
       8.98261280e-08, 8.60538391e-08, 8.24399186e-08, 7.89777246e-08,
       7.56608930e-08, 7.24833259e-08, 6.94391804e-08, 6.65228582e-08,
       6.37289954e-08, 6.10524526e-08, 5.84883060e-08, 5.60318377e-08,
       5.36785280e-08, 5.14240462e-08, 4.92642436e-08, 4.71951450e-08,
       4.52129425e-08, 4.33139873e-08, 4.14947843e-08, 3.97519845e-08,
       3.80823799e-08, 3.64828967e-08, 3.49505904e-08, 3.34826399e-08,
       3.20763427e-08, 3.07291097e-08, 2.94384603e-08, 2.82020182e-08,
       2.70175070e-08, 2.58827457e-08, 2.47956447e-08, 2.37542026e-08,
       2.27565017e-08, 2.18007049e-08, 2.08850523e-08, 2.00078578e-08,
       1.91675063e-08, 1.83624502e-08, 1.75912073e-08, 1.68523574e-08,
       1.61445398e-08, 1.54664514e-08, 1.48168434e-08, 1.41945196e-08,
       1.35983341e-08, 1.30271891e-08, 1.24800328e-08, 1.19558577e-08,
       1.14536986e-08, 1.09726308e-08, 1.05117683e-08, 1.00702627e-08,
       9.64730078e-09, 9.24210379e-09, 8.85392557e-09, 8.48205130e-09,
       8.12579621e-09, 7.78450426e-09, 7.45754700e-09, 7.14432234e-09,
       6.84425350e-09, 6.55678793e-09, 6.28139626e-09, 6.01757138e-09,
       5.76482748e-09, 5.52269913e-09, 5.29074047e-09, 5.06852436e-09,
       4.85564161e-09, 4.65170019e-09, 4.45632457e-09, 4.26915497e-09,
       4.08984672e-09, 3.91806964e-09, 3.75350741e-09, 3.59585700e-09,
       3.44482811e-09, 3.30014262e-09, 3.16153409e-09, 3.02874730e-09,
       2.90153772e-09, 2.77967110e-09, 2.66292302e-09, 2.55107852e-09,
       2.44393162e-09, 2.34128502e-09, 2.24294971e-09, 2.14874461e-09,
       2.05849623e-09, 1.97203840e-09, 1.88921191e-09, 1.80986423e-09,
       1.73384926e-09, 1.66102701e-09, 1.59126338e-09, 1.52442991e-09,
       1.46040353e-09, 1.39906634e-09, 1.34030539e-09, 1.28401247e-09,
       1.23008392e-09, 1.17842044e-09, 1.12892689e-09, 1.08151213e-09,
       1.03608885e-09, 9.92573408e-10, 9.50885665e-10, 9.10948859e-10,
       8.72689449e-10, 8.36036982e-10, 8.00923964e-10, 7.67285736e-10,
       7.35060356e-10, 7.04188482e-10, 6.74613265e-10, 6.46280244e-10,
       6.19137245e-10, 5.93134286e-10, 5.68223484e-10, 5.44358966e-10,
       5.21496788e-10, 4.99594850e-10, 4.78612821e-10, 4.58512062e-10,
       4.39255561e-10, 4.20807857e-10, 4.03134979e-10, 3.86204385e-10,
       3.69984896e-10, 3.54446646e-10, 3.39561022e-10, 3.25300613e-10,
       3.11639158e-10, 2.98551502e-10, 2.86013544e-10, 2.74002195e-10,
       2.62495338e-10, 2.51471784e-10, 2.40911232e-10, 2.30794237e-10,
       2.21102168e-10, 2.11817178e-10, 2.02922169e-10, 1.94400762e-10,
       1.86237265e-10, 1.78416644e-10, 1.70924499e-10, 1.63747034e-10,
       1.56871031e-10, 1.50283829e-10, 1.43973298e-10, 1.37927817e-10,
       1.32136253e-10, 1.26587943e-10, 1.21272668e-10, 1.16180642e-10,
       1.11302487e-10, 1.06629221e-10, 1.02152237e-10, 9.78632928e-11,
       9.37544893e-11, 8.98182608e-11, 8.60473588e-11, 8.24348393e-11,
       7.89740502e-11, 7.56586186e-11, 7.24824392e-11, 6.94396634e-11,
       6.65246879e-11, 6.37321451e-11, 6.10568925e-11, 5.84940039e-11,
       5.60387599e-11, 5.36866392e-11, 5.14333105e-11, 4.92746244e-11,
       4.72066059e-11, 4.52254467e-11, 4.33274988e-11, 4.15092670e-11,
       3.97674033e-11, 3.80987000e-11, 3.65000844e-11, 3.49686127e-11,
       3.35014647e-11, 3.20959389e-11, 3.07494469e-11, 2.94595092e-11,
       2.82237506e-11, 2.70398955e-11, 2.59057638e-11, 2.48192671e-11,
       2.37784046e-11, 2.27812597e-11, 2.18259962e-11, 2.09108550e-11,
       2.00341510e-11, 1.91942697e-11, 1.83896645e-11, 1.76188538e-11,
       1.68804181e-11, 1.61729978e-11, 1.54952901e-11, 1.48460470e-11,
       1.42240731e-11, 1.36282229e-11, 1.30573992e-11, 1.25105510e-11,
       1.19866711e-11, 1.14847950e-11, 1.10039984e-11, 1.05433960e-11,
       1.01021395e-11, 9.67941657e-12, 9.27444861e-12, 8.88648995e-12,
       8.51482618e-12, 8.15877290e-12, 7.81767446e-12, 7.49090274e-12,
       7.17785601e-12, 6.87795781e-12, 6.59065589e-12, 6.31542121e-12,
       6.05174693e-12, 5.79914751e-12, 5.55715779e-12, 5.32533218e-12,
       5.10324377e-12, 4.89048361e-12, 4.68665989e-12, 4.49139730e-12,
       4.30433627e-12, 4.12513233e-12, 3.95345549e-12, 3.78898962e-12,
       3.63143185e-12, 3.48049206e-12, 3.33589230e-12, 3.19736630e-12,
       3.06465896e-12, 2.93752591e-12, 2.81573305e-12, 2.69905610e-12,
       2.58728020e-12, 2.48019953e-12, 2.37761689e-12, 2.27934340e-12,
       2.18519809e-12, 2.09500758e-12, 2.00860581e-12, 1.92583367e-12,
       1.84653873e-12, 1.77057497e-12, 1.69780253e-12, 1.62808738e-12,
       1.56130115e-12, 1.49732086e-12, 1.43602869e-12, 1.37731178e-12,
       1.32106200e-12, 1.26717577e-12, 1.21555386e-12, 1.16610122e-12,
       1.11872677e-12, 1.07334328e-12, 1.02986719e-12, 9.88218421e-13,
       9.48320290e-13, 9.10099326e-13, 8.73485145e-13, 8.38410326e-13,
       8.04810279e-13, 7.72623132e-13, 7.41789613e-13, 7.12252946e-13,
       6.83958739e-13, 6.56854889e-13, 6.30891488e-13, 6.06020724e-13,
       5.82196799e-13, 5.59375843e-13, 5.37515832e-13, 5.16576512e-13,
       4.96519324e-13, 4.77307335e-13, 4.58905166e-13, 4.41278931e-13,
       4.24396171e-13, 4.08225799e-13, 3.92738036e-13, 3.77904364e-13,
       3.63697467e-13, 3.50091184e-13, 3.37060459e-13, 3.24581297e-13,
       3.12630719e-13, 3.01186717e-13, 2.90228218e-13, 2.79735044e-13,
       2.69687870e-13, 2.60068197e-13, 2.50858309e-13, 2.42041247e-13,
       2.33600776e-13, 2.25521352e-13, 2.17788097e-13, 2.10386772e-13,
       2.03303747e-13, 1.96525978e-13, 1.90040986e-13, 1.83836828e-13,
       1.77902080e-13, 1.72225813e-13, 1.66797574e-13, 1.61607368e-13,
       1.56645638e-13, 1.51903246e-13, 1.47371459e-13, 1.43041934e-13,
       1.38906696e-13, 1.34958131e-13, 1.31188969e-13, 1.27592268e-13,
       1.24161405e-13, 1.20890063e-13, 1.17772217e-13, 1.14802127e-13,
       1.11974322e-13, 1.09283596e-13, 1.06724993e-13, 1.04293803e-13,
       1.01985548e-13, 9.97959786e-14, 9.77210615e-14, 9.57569765e-14,
       9.39001066e-14, 9.21470327e-14, 9.04945265e-14, 8.89395449e-14,
       8.74792247e-14, 8.61108767e-14, 8.48319810e-14, 8.36401829e-14,
       8.25332875e-14, 8.15092566e-14, 8.05662045e-14, 7.97023946e-14,
       7.89162363e-14, 7.82062818e-14, 7.75712239e-14, 7.70098932e-14,
       7.65212559e-14, 7.61044122e-14, 7.57585946e-14, 7.54831663e-14,
       7.52776200e-14, 7.51415773e-14, 7.50747876e-14, 0.00000000e+00])], 1: [array([7.87696971e-09, 7.87736417e-09, 7.87815314e-09, 7.87933668e-09,
       7.88091493e-09, 7.88288803e-09, 7.88525619e-09, 7.88801964e-09,
       7.89117866e-09, 7.89473357e-09, 7.89868472e-09, 7.90303250e-09,
       7.90777736e-09, 7.91291977e-09, 7.91846024e-09, 7.92439933e-09,
       7.93073763e-09, 7.93747578e-09, 7.94461445e-09, 7.95215436e-09,
       7.96009626e-09, 7.96844095e-09, 7.97718927e-09, 7.98634208e-09,
       7.99590031e-09, 8.00586492e-09, 8.01623690e-09, 8.02701729e-09,
       8.03820717e-09, 8.04980766e-09, 8.06181992e-09, 8.07424516e-09,
       8.08708462e-09, 8.10033959e-09, 8.11401140e-09, 8.12810140e-09,
       8.14261102e-09, 8.15754171e-09, 8.17289497e-09, 8.18867232e-09,
       8.20487535e-09, 8.22150569e-09, 8.23856500e-09, 8.25605499e-09,
       8.27397741e-09, 8.29233405e-09, 8.31112676e-09, 8.33035741e-09,
       8.35002793e-09, 8.37014030e-09, 8.39069652e-09, 8.41169866e-09,
       8.43314881e-09, 8.45504914e-09, 8.47740182e-09, 8.50020910e-09,
       8.52347327e-09, 8.54719665e-09, 8.57138161e-09, 8.59603059e-09,
       8.62114606e-09, 8.64673051e-09, 8.67278653e-09, 8.69931671e-09,
       8.72632372e-09, 8.75381025e-09, 8.78177908e-09, 8.81023298e-09,
       8.83917482e-09, 8.86860749e-09, 8.89853394e-09, 8.92895717e-09,
       8.95988023e-09, 8.99130620e-09, 9.02323825e-09, 9.05567956e-09,
       9.08863339e-09, 9.12210304e-09, 9.15609185e-09, 9.19060324e-09,
       9.22564066e-09, 9.26120762e-09, 9.29730768e-09, 9.33394446e-09,
       9.37112162e-09, 9.40884290e-09, 9.44711206e-09, 9.48593294e-09,
       9.52530943e-09, 9.56524548e-09, 9.60574508e-09, 9.64681228e-09,
       9.68845121e-09, 9.73066603e-09, 9.77346097e-09, 9.81684031e-09,
       9.86080841e-09, 9.90536966e-09, 9.95052853e-09, 9.99628954e-09,
       1.00426573e-08, 1.00896364e-08, 1.01372315e-08, 1.01854476e-08,
       1.02342892e-08, 1.02837615e-08, 1.03338692e-08, 1.03846175e-08,
       1.04360115e-08, 1.04880561e-08, 1.05407568e-08, 1.05941187e-08,
       1.06481472e-08, 1.07028477e-08, 1.07582257e-08, 1.08142868e-08,
       1.08710364e-08, 1.09284805e-08, 1.09866246e-08, 1.10454746e-08,
       1.11050364e-08, 1.11653160e-08, 1.12263195e-08, 1.12880528e-08,
       1.13505222e-08, 1.14137340e-08, 1.14776945e-08, 1.15424100e-08,
       1.16078872e-08, 1.16741325e-08, 1.17411525e-08, 1.18089540e-08,
       1.18775438e-08, 1.19469288e-08, 1.20171158e-08, 1.20881120e-08,
       1.21599243e-08, 1.22325602e-08, 1.23060267e-08, 1.23803312e-08,
       1.24554813e-08, 1.25314844e-08, 1.26083481e-08, 1.26860801e-08,
       1.27646883e-08, 1.28441805e-08, 1.29245646e-08, 1.30058487e-08,
       1.30880410e-08, 1.31711497e-08, 1.32551830e-08, 1.33401495e-08,
       1.34260576e-08, 1.35129160e-08, 1.36007333e-08, 1.36895183e-08,
       1.37792799e-08, 1.38700271e-08, 1.39617690e-08, 1.40545149e-08,
       1.41482739e-08, 1.42430554e-08, 1.43388691e-08, 1.44357243e-08,
       1.45336310e-08, 1.46325988e-08, 1.47326376e-08, 1.48337576e-08,
       1.49359688e-08, 1.50392815e-08, 1.51437059e-08, 1.52492526e-08,
       1.53559322e-08, 1.54637553e-08, 1.55727327e-08, 1.56828753e-08,
       1.57941942e-08, 1.59067005e-08, 1.60204055e-08, 1.61353206e-08,
       1.62514572e-08, 1.63688271e-08, 1.64874419e-08, 1.66073136e-08,
       1.67284541e-08, 1.68508756e-08, 1.69745904e-08, 1.70996108e-08,
       1.72259493e-08, 1.73536187e-08, 1.74826317e-08, 1.76130011e-08,
       1.77447402e-08, 1.78778620e-08, 1.80123800e-08, 1.81483075e-08,
       1.82856582e-08, 1.84244459e-08, 1.85646844e-08, 1.87063878e-08,
       1.88495703e-08, 1.89942462e-08, 1.91404300e-08, 1.92881364e-08,
       1.94373802e-08, 1.95881762e-08, 1.97405397e-08, 1.98944858e-08,
       2.00500300e-08, 2.02071878e-08, 2.03659750e-08, 2.05264076e-08,
       2.06885015e-08, 2.08522730e-08, 2.10177386e-08, 2.11849147e-08,
       2.13538181e-08, 2.15244658e-08, 2.16968748e-08, 2.18710624e-08,
       2.20470461e-08, 2.22248434e-08, 2.24044722e-08, 2.25859505e-08,
       2.27692964e-08, 2.29545283e-08, 2.31416648e-08, 2.33307246e-08,
       2.35217266e-08, 2.37146900e-08, 2.39096341e-08, 2.41065784e-08,
       2.43055426e-08, 2.45065467e-08, 2.47096108e-08, 2.49147553e-08,
       2.51220006e-08, 2.53313676e-08, 2.55428772e-08, 2.57565505e-08,
       2.59724091e-08, 2.61904744e-08, 2.64107684e-08, 2.66333131e-08,
       2.68581308e-08, 2.70852440e-08, 2.73146755e-08, 2.75464482e-08,
       2.77805853e-08, 2.80171103e-08, 2.82560468e-08, 2.84974189e-08,
       2.87412506e-08, 2.89875663e-08, 2.92363908e-08, 2.94877489e-08,
       2.97416657e-08, 2.99981668e-08, 3.02572778e-08, 3.05190245e-08,
       3.07834332e-08, 3.10505304e-08, 3.13203427e-08, 3.15928971e-08,
       3.18682209e-08, 3.21463416e-08, 3.24272871e-08, 3.27110852e-08,
       3.29977645e-08, 3.32873534e-08, 3.35798810e-08, 3.38753763e-08,
       3.41738688e-08, 3.44753883e-08, 3.47799648e-08, 3.50876285e-08,
       3.53984100e-08, 3.57123401e-08, 3.60294500e-08, 3.63497711e-08,
       3.66733350e-08, 3.70001737e-08, 3.73303193e-08, 3.76638042e-08,
       3.80006613e-08, 3.83409234e-08, 3.86846238e-08, 3.90317957e-08,
       3.93824729e-08, 3.97366892e-08, 4.00944785e-08, 4.04558750e-08,
       4.08209131e-08, 4.11896272e-08, 4.15620518e-08, 4.19382215e-08,
       4.23181711e-08, 4.27019350e-08, 4.30895480e-08, 4.34810446e-08,
       4.38764591e-08, 4.42758258e-08, 4.46791785e-08, 4.50865510e-08,
       4.54979763e-08, 4.59134873e-08, 4.63331159e-08, 4.67568938e-08,
       4.71848514e-08, 4.76170185e-08, 4.80534237e-08, 4.84940942e-08,
       4.89390561e-08, 4.93883337e-08, 4.98419494e-08, 5.02999238e-08,
       5.07622751e-08, 5.12290188e-08, 5.17001678e-08, 5.21757315e-08,
       5.26557161e-08, 5.31401235e-08, 5.36289515e-08, 5.41221929e-08,
       5.46198354e-08, 5.51218607e-08, 5.56282440e-08, 5.61389535e-08,
       5.66539496e-08, 5.71731842e-08, 5.76965997e-08, 5.82241287e-08,
       5.87556924e-08, 5.92911998e-08, 5.98305469e-08, 6.03736153e-08,
       6.09202710e-08, 6.14703630e-08, 6.20237221e-08, 6.25801591e-08,
       6.31394633e-08, 6.37014012e-08, 6.42657138e-08, 6.48321153e-08,
       6.54002912e-08, 6.59698954e-08, 6.65405487e-08, 6.71118356e-08,
       6.76833025e-08, 6.82544546e-08, 6.88247532e-08, 6.93936126e-08,
       6.99603976e-08, 7.05244195e-08, 7.10849335e-08, 7.16411350e-08,
       7.21921561e-08, 7.27370619e-08, 7.32748472e-08, 7.38044323e-08,
       7.43246594e-08, 7.48342886e-08, 7.53319945e-08, 7.58163618e-08,
       7.62858819e-08, 7.67389490e-08, 7.71738567e-08, 7.75887945e-08,
       7.79818450e-08, 7.83509804e-08, 7.86940603e-08, 7.90088299e-08,
       7.92929177e-08, 7.95438352e-08, 7.97589758e-08, 7.99356159e-08,
       8.00709156e-08, 8.01619213e-08, 8.02055689e-08, 8.01986888e-08,
       8.01380113e-08, 8.00201749e-08, 7.98417350e-08, 7.95991755e-08,
       7.92889215e-08, 7.89073554e-08, 7.84508340e-08, 7.79157093e-08,
       7.72983519e-08, 7.65951766e-08, 7.58026724e-08, 7.49174345e-08,
       7.39362013e-08, 7.28558938e-08, 7.16736597e-08, 7.03869210e-08,
       6.89934265e-08, 6.74913075e-08, 6.58791388e-08, 6.41560036e-08,
       6.23215626e-08, 6.03761283e-08, 5.83207422e-08, 5.61572579e-08,
       5.38884263e-08, 5.15179858e-08, 4.90507555e-08, 4.64927308e-08,
       4.38511826e-08, 4.11347569e-08, 3.83535769e-08, 3.55193451e-08,
       3.26454446e-08, 2.97470398e-08, 2.68411739e-08, 2.39468636e-08,
       2.10851887e-08, 1.82793753e-08, 1.55548716e-08, 1.29394153e-08,
       1.04630890e-08, 8.15836488e-09, 6.06013436e-09, 4.20572263e-09,
       2.63488574e-09, 1.38978881e-09, 5.14963405e-10, 5.72428440e-11,
       6.56736664e-11, 5.91402015e-10, 1.68753366e-09, 3.40896662e-09,
       5.81219551e-09, 8.95508705e-09, 1.28966264e-08, 1.76966342e-08,
       2.34154548e-08, 3.01136162e-08, 3.78514627e-08, 4.66887619e-08,
       5.66842874e-08, 6.78953806e-08, 8.03774926e-08, 9.41837105e-08,
       1.09364272e-07, 1.25966071e-07, 1.44032157e-07, 1.63601243e-07,
       1.84707204e-07, 2.07378602e-07, 2.31638218e-07, 2.57502607e-07,
       2.84981680e-07, 3.14078319e-07, 3.44788032e-07, 3.77098649e-07,
       4.10990066e-07, 4.46434049e-07, 4.83394085e-07, 5.21825303e-07,
       5.61674462e-07, 6.02879998e-07, 6.45372151e-07, 6.89073156e-07,
       7.33897515e-07, 7.79752328e-07, 8.26537712e-07, 8.74147272e-07,
       9.22468653e-07, 9.71384145e-07, 1.02077135e-06, 1.07050390e-06,
       1.12045224e-06, 1.17048439e-06, 1.22046684e-06, 1.27026537e-06,
       1.31974594e-06, 1.36877558e-06, 1.41722325e-06, 1.46496069e-06,
       1.51186328e-06, 1.55781082e-06, 1.60268825e-06, 1.64638636e-06,
       1.68880238e-06, 1.72984049e-06, 1.76941225e-06, 1.80743693e-06,
       1.84384166e-06, 1.87856154e-06, 1.91153954e-06, 1.94272633e-06,
       1.97207988e-06, 1.99956496e-06, 2.02515251e-06, 2.04881883e-06,
       2.07054464e-06, 2.09031398e-06, 2.10811306e-06, 2.12392898e-06,
       2.13774831e-06, 2.14955572e-06, 2.15933254e-06, 2.16705530e-06,
       2.17269443e-06, 2.17621292e-06, 2.17756526e-06, 2.17669648e-06,
       2.17354156e-06, 2.16802498e-06, 2.16006083e-06, 2.14955320e-06,
       2.13639709e-06, 2.12047985e-06, 2.10168311e-06, 2.07988535e-06,
       2.05496495e-06, 2.02680384e-06, 1.99529169e-06, 1.96033047e-06,
       1.92183944e-06, 1.87976031e-06, 1.83406259e-06, 1.78474873e-06,
       1.73185909e-06, 1.67547641e-06, 1.61572952e-06, 1.55279619e-06,
       1.48690490e-06, 1.41833518e-06, 1.34741670e-06, 1.27452665e-06,
       1.20008569e-06, 1.12455224e-06, 1.04841544e-06, 9.72186735e-07,
       8.96390449e-07, 8.21553605e-07, 7.48195311e-07, 6.76816086e-07,
       6.07887523e-07, 5.41842642e-07, 4.79067296e-07, 4.19892935e-07,
       3.64590968e-07, 3.13368902e-07, 2.66368357e-07, 2.23664956e-07,
       1.85270037e-07, 1.51134034e-07, 1.21151329e-07, 9.51663080e-08,
       7.29803440e-08, 5.43593935e-08, 3.90419003e-08, 2.67467139e-08,
       1.71807573e-08, 1.00462132e-08, 5.04704526e-09, 1.89471530e-09,
       3.13009186e-10, 4.19265126e-11, 8.40634364e-10, 2.48951994e-09,
       4.79140674e-09, 7.57202077e-09, 1.06798080e-08, 1.39852121e-08,
       1.73795232e-08, 2.07734056e-08, 2.40952037e-08, 2.72891177e-08,
       3.03133259e-08, 3.31381190e-08, 3.57440990e-08, 3.81204825e-08,
       4.02635348e-08, 4.21751548e-08, 4.38616185e-08, 4.53324834e-08,
       4.65996497e-08, 4.76765711e-08, 4.85776026e-08, 4.93174744e-08,
       4.99108761e-08, 5.03721379e-08, 5.07149950e-08, 5.09524221e-08,
       5.10965253e-08, 5.11584810e-08, 5.11485123e-08, 5.10758935e-08,
       5.09489773e-08, 5.07752364e-08, 5.05613165e-08, 5.03130959e-08,
       5.00357482e-08, 4.97338060e-08, 4.94112239e-08, 4.90714391e-08,
       4.87174285e-08, 4.83517623e-08, 4.79766530e-08, 4.75940006e-08,
       4.72054324e-08, 4.68123398e-08, 4.64159102e-08, 4.60171554e-08,
       4.56169362e-08, 4.52159847e-08, 4.48149226e-08, 4.44142777e-08,
       4.40144978e-08, 4.36159628e-08, 4.32189947e-08, 4.28238664e-08,
       4.24308095e-08, 4.20400196e-08, 4.16516625e-08, 4.12658783e-08,
       4.08827850e-08, 4.05024820e-08, 4.01250524e-08, 3.97505657e-08,
       3.93790792e-08, 3.90106400e-08, 3.86452862e-08, 3.82830482e-08,
       3.79239492e-08, 3.75680068e-08, 3.72152332e-08, 3.68656360e-08,
       3.65192186e-08, 3.61759810e-08, 3.58359198e-08, 3.54990289e-08,
       3.51652997e-08, 3.48347213e-08, 3.45072809e-08, 3.41829639e-08,
       3.38617543e-08, 3.35436346e-08, 3.32285861e-08, 3.29165893e-08,
       3.26076234e-08, 3.23016671e-08, 3.19986984e-08, 3.16986944e-08,
       3.14016321e-08, 3.11074878e-08, 3.08162376e-08, 3.05278572e-08,
       3.02423220e-08, 2.99596074e-08, 2.96796886e-08, 2.94025406e-08,
       2.91281385e-08, 2.88564571e-08, 2.85874716e-08, 2.83211568e-08,
       2.80574878e-08, 2.77964398e-08, 2.75379880e-08, 2.72821076e-08,
       2.70287742e-08, 2.67779633e-08, 2.65296505e-08, 2.62838118e-08,
       2.60404232e-08, 2.57994610e-08, 2.55609013e-08, 2.53247209e-08,
       2.50908964e-08, 2.48594048e-08, 2.46302232e-08, 2.44033289e-08,
       2.41786995e-08, 2.39563125e-08, 2.37361460e-08, 2.35181780e-08,
       2.33023869e-08, 2.30887511e-08, 2.28772493e-08, 2.26678606e-08,
       2.24605639e-08, 2.22553386e-08, 2.20521642e-08, 2.18510204e-08,
       2.16518871e-08, 2.14547444e-08, 2.12595726e-08, 2.10663521e-08,
       2.08750637e-08, 2.06856882e-08, 2.04982067e-08, 2.03126003e-08,
       2.01288506e-08, 1.99469391e-08, 1.97668477e-08, 1.95885582e-08,
       1.94120529e-08, 1.92373141e-08, 1.90643243e-08, 1.88930661e-08,
       1.87235224e-08, 1.85556763e-08, 1.83895109e-08, 1.82250097e-08,
       1.80621560e-08, 1.79009337e-08, 1.77413265e-08, 1.75833185e-08,
       1.74268938e-08, 1.72720369e-08, 1.71187321e-08, 1.69669642e-08,
       1.68167179e-08, 1.66679782e-08, 1.65207302e-08, 1.63749591e-08,
       1.62306503e-08, 1.60877895e-08, 1.59463622e-08, 1.58063543e-08,
       1.56677519e-08, 1.55305409e-08, 1.53947077e-08, 1.52602387e-08,
       1.51271204e-08, 1.49953394e-08, 1.48648826e-08, 1.47357370e-08,
       1.46078894e-08, 1.44813273e-08, 1.43560378e-08, 1.42320085e-08,
       1.41092268e-08, 1.39876806e-08, 1.38673577e-08, 1.37482459e-08,
       1.36303334e-08, 1.35136084e-08, 1.33980591e-08, 1.32836740e-08,
       1.31704416e-08, 1.30583507e-08, 1.29473899e-08, 1.28375481e-08,
       1.27288145e-08, 1.26211779e-08, 1.25146278e-08, 1.24091534e-08,
       1.23047441e-08, 1.22013895e-08, 1.20990792e-08, 1.19978031e-08,
       1.18975508e-08, 1.17983125e-08, 1.17000782e-08, 1.16028380e-08,
       1.15065821e-08, 1.14113011e-08, 1.13169852e-08, 1.12236251e-08,
       1.11312114e-08, 1.10397349e-08, 1.09491863e-08, 1.08595567e-08,
       1.07708370e-08, 1.06830184e-08, 1.05960920e-08, 1.05100492e-08,
       1.04248814e-08, 1.03405799e-08, 1.02571365e-08, 1.01745426e-08,
       1.00927901e-08, 1.00118707e-08, 9.93177639e-09, 9.85249909e-09,
       9.77403087e-09, 9.69636388e-09, 9.61949033e-09, 9.54340254e-09,
       9.46809286e-09, 9.39355378e-09, 9.31977781e-09, 9.24675757e-09,
       9.17448575e-09, 9.10295510e-09, 9.03215847e-09, 8.96208876e-09,
       8.89273896e-09, 8.82410211e-09, 8.75617136e-09, 8.68893988e-09,
       8.62240095e-09, 8.55654790e-09, 8.49137414e-09, 8.42687315e-09,
       8.36303845e-09, 8.29986366e-09, 8.23734245e-09, 8.17546855e-09,
       8.11423578e-09, 8.05363800e-09, 7.99366913e-09, 7.93432318e-09,
       7.87559420e-09, 7.81747630e-09, 7.75996367e-09, 7.70305055e-09,
       7.64673123e-09, 7.59100007e-09, 7.53585150e-09, 7.48127999e-09,
       7.42728008e-09, 7.37384635e-09, 7.32097345e-09, 7.26865609e-09,
       7.21688903e-09, 7.16566709e-09, 7.11498513e-09, 7.06483807e-09,
       7.01522091e-09, 6.96612865e-09, 6.91755640e-09, 6.86949928e-09,
       6.82195249e-09, 6.77491125e-09, 6.72837086e-09, 6.68232665e-09,
       6.63677402e-09, 6.59170841e-09, 6.54712529e-09, 6.50302020e-09,
       6.45938874e-09, 6.41622651e-09, 6.37352922e-09, 6.33129256e-09,
       6.28951233e-09, 6.24818433e-09, 6.20730442e-09, 6.16686851e-09,
       6.12687255e-09, 6.08731253e-09, 6.04818449e-09, 6.00948452e-09,
       5.97120873e-09, 5.93335329e-09, 5.89591442e-09, 5.85888835e-09,
       5.82227139e-09, 5.78605987e-09, 5.75025015e-09, 5.71483866e-09,
       5.67982184e-09, 5.64519619e-09, 5.61095824e-09, 5.57710456e-09,
       5.54363177e-09, 5.51053650e-09, 5.47781545e-09, 5.44546533e-09,
       5.41348291e-09, 5.38186498e-09, 5.35060838e-09, 5.31970997e-09,
       5.28916667e-09, 5.25897541e-09, 5.22913317e-09, 5.19963695e-09,
       5.17048382e-09, 5.14167084e-09, 5.11319513e-09, 5.08505383e-09,
       5.05724414e-09, 5.02976326e-09, 5.00260844e-09, 4.97577696e-09,
       4.94926614e-09, 4.92307332e-09, 4.89719588e-09, 4.87163121e-09,
       4.84637678e-09, 4.82143004e-09, 4.79678849e-09, 4.77244967e-09,
       4.74841114e-09, 4.72467050e-09, 4.70122536e-09, 4.67807338e-09,
       4.65521223e-09, 4.63263964e-09, 4.61035333e-09, 4.58835108e-09,
       4.56663068e-09, 4.54518995e-09, 4.52402676e-09, 4.50313897e-09,
       4.48252451e-09, 4.46218129e-09, 4.44210729e-09, 4.42230050e-09,
       4.40275892e-09, 4.38348062e-09, 4.36446364e-09, 4.34570609e-09,
       4.32720610e-09, 4.30896179e-09, 4.29097136e-09, 4.27323300e-09,
       4.25574493e-09, 4.23850540e-09, 4.22151268e-09, 4.20476507e-09,
       4.18826090e-09, 4.17199850e-09, 4.15597626e-09, 4.14019257e-09,
       4.12464584e-09, 4.10933452e-09, 4.09425708e-09, 4.07941201e-09,
       4.06479781e-09, 4.05041303e-09, 4.03625622e-09, 4.02232597e-09,
       4.00862088e-09, 3.99513959e-09, 3.98188072e-09, 3.96884298e-09,
       3.95602503e-09, 3.94342561e-09, 3.93104344e-09, 3.91887730e-09,
       3.90692595e-09, 3.89518821e-09, 3.88366290e-09, 3.87234886e-09,
       3.86124496e-09, 3.85035009e-09, 3.83966316e-09, 3.82918309e-09,
       3.81890885e-09, 3.80883939e-09, 3.79897371e-09, 3.78931082e-09,
       3.77984975e-09, 3.77058956e-09, 3.76152932e-09, 3.75266813e-09,
       3.74400508e-09, 3.73553932e-09, 3.72727000e-09, 3.71919630e-09,
       3.71131739e-09, 3.70363249e-09, 3.69614084e-09, 3.68884168e-09,
       3.68173428e-09, 3.67481793e-09, 3.66809194e-09, 3.66155563e-09,
       3.65520835e-09, 3.64904946e-09, 3.64307835e-09, 3.63729441e-09,
       3.63169708e-09, 3.62628578e-09, 3.62105998e-09, 3.61601915e-09,
       3.61116279e-09, 3.60649041e-09, 3.60200155e-09, 3.59769574e-09,
       3.59357257e-09, 3.58963162e-09, 3.58587250e-09, 3.58229482e-09,
       3.57889824e-09, 3.57568240e-09, 3.57264699e-09, 3.56979171e-09,
       3.56711626e-09, 3.56462038e-09, 3.56230383e-09, 3.56016636e-09,
       3.55820776e-09, 3.55642784e-09, 3.55482643e-09, 3.55340335e-09,
       3.55215846e-09, 3.55109165e-09, 3.55020281e-09, 3.54949184e-09,
       3.54895867e-09, 3.54860326e-09, 3.54842556e-09, 0.00000000e+00])], 2: []}
v = [-1.24304565e-33 -1.69579078e-33 -2.31192523e-33 -3.14986271e-33
 -4.28870122e-33 -5.83547595e-33 -7.93493003e-33 -1.07826683e-32
 -1.46428534e-32 -1.98719968e-32 -2.69509221e-32 -3.65276787e-32
 -4.94751188e-32 -6.69680947e-32 -9.05868933e-32 -1.22455731e-31
 -1.65428064e-31 -2.23334382e-31 -3.01313307e-31 -4.06253732e-31
 -5.47384808e-31 -7.37062714e-31 -9.91819105e-31 -1.33375734e-30
 -1.79241059e-30 -2.40721292e-30 -3.23078335e-30 -4.33328738e-30
 -5.80822556e-30 -7.78011078e-30 -1.04146436e-29 -1.39321895e-29
 -1.86256165e-29 -2.48838895e-29 -3.32232566e-29 -4.43284413e-29
 -5.91070177e-29 -7.87611338e-29 -1.04882057e-28 -1.39574718e-28
 -1.85621659e-28 -2.46698701e-28 -3.27658473e-28 -4.34902866e-28
 -5.76872001e-28 -7.64685716e-28 -1.01298455e-27 -1.34103153e-27
 -1.77415468e-27 -2.34563429e-27 -3.09917034e-27 -4.09210640e-27
 -5.39963886e-27 -7.12030891e-27 -9.38316349e-27 -1.23570856e-26
 -1.62629436e-26 -2.13893989e-26 -2.81134620e-26 -3.69272023e-26
 -4.84724317e-26 -6.35857113e-26 -8.33567141e-26 -1.09203854e-25
 -1.42972223e-25 -1.87060331e-25 -2.44584005e-25 -3.19588199e-25
 -4.17320520e-25 -5.44584244e-25 -7.10193559e-25 -9.25560288e-25
 -1.20544950e-24 -1.56895199e-24 -2.04073501e-24 -2.65264969e-24
 -3.44579560e-24 -4.47317047e-24 -5.80306870e-24 -7.52343720e-24
 -9.74745444e-24 -1.26206712e-23 -1.63301441e-23 -2.11161097e-23
 -2.72868953e-23 -3.52379526e-23 -4.54761337e-23 -5.86506362e-23
 -7.55924195e-23 -9.73643773e-23 -1.25325158e-22 -1.61210289e-22
 -2.07235225e-22 -2.66226158e-22 -3.41785943e-22 -4.38504440e-22
 -5.62224955e-22 -7.20381528e-22 -9.22425591e-22 -1.18036533e-21
 -1.50944700e-21 -1.92901507e-21 -2.46359718e-21 -3.14427195e-21
 -4.01039205e-21 -5.11175329e-21 -6.51132338e-21 -8.28867231e-21
 -1.05442817e-20 -1.34049549e-20 -1.70306036e-20 -2.16227561e-20
 -2.74352159e-20 -3.47874057e-20 -4.40810597e-20 -5.58210932e-20
 -7.06416726e-20 -8.93387631e-20 -1.12910732e-19 -1.42608968e-19
 -1.80000941e-19 -2.27048710e-19 -2.86206589e-19 -3.60542565e-19
 -4.53889133e-19 -5.71030561e-19 -7.17935195e-19 -9.02043460e-19
 -1.13262464e-18 -1.42121858e-18 -1.78218207e-18 -2.23336441e-18
 -2.79694185e-18 -3.50044782e-18 -4.37804383e-18 -5.47208618e-18
 -6.83505600e-18 -8.53193526e-18 -1.06431296e-17 -1.32680615e-17
 -1.65295842e-17 -2.05793998e-17 -2.56047068e-17 -3.18363474e-17
 -3.95587890e-17 -4.91223423e-17 -6.09581071e-17 -7.55962413e-17
 -9.36882785e-17 -1.16034368e-16 -1.43616503e-16 -1.77639025e-16
 -2.19577957e-16 -2.71241054e-16 -3.34840848e-16 -4.13083424e-16
 -5.09276257e-16 -6.27459092e-16 -7.72562687e-16 -9.50601218e-16
 -1.16890531e-15 -1.43640404e-15 -1.76396610e-15 -2.16481194e-15
 -2.65501171e-15 -3.25408604e-15 -3.98573068e-15 -4.87868965e-15
 -5.96780688e-15 -7.29529158e-15 -8.91224003e-15 -1.08804641e-14
 -1.32746870e-14 -1.61851783e-14 -1.97209127e-14 -2.40133559e-14
 -2.92209971e-14 -3.55347718e-14 -4.31845457e-14 -5.24468616e-14
 -6.36541878e-14 -7.72059521e-14 -9.35816956e-14 -1.13356744e-13
 -1.37220861e-13 -1.66000442e-13 -2.00684890e-13 -2.42457951e-13
 -2.92734906e-13 -3.53206688e-13 -4.25892165e-13 -5.13200071e-13
 -6.18002300e-13 -7.43720582e-13 -8.94428924e-13 -1.07497458e-12
 -1.29112081e-12 -1.54971520e-12 -1.85888803e-12 -2.22828580e-12
 -2.66934607e-12 -3.19562048e-12 -3.82315438e-12 -4.57093242e-12
 -5.46140132e-12 -6.52108270e-12 -7.78129087e-12 -9.27897314e-12
 -1.10576926e-11 -1.31687766e-11 -1.56726586e-11 -1.86404437e-11
 -2.21557339e-11 -2.63167565e-11 -3.12388408e-11 -3.70573007e-11
 -4.39307867e-11 -5.20451787e-11 -6.16181073e-11 -7.29041967e-11
 -8.62011441e-11 -1.01856760e-10 -1.20277117e-10 -1.41935975e-10
 -1.67385676e-10 -1.97269716e-10 -2.32337265e-10 -2.73459902e-10
 -3.21650891e-10 -3.78087388e-10 -4.44135970e-10 -5.21381996e-10
 -6.11663322e-10 -7.17109000e-10 -8.40183663e-10 -9.83738385e-10
 -1.15106892e-09 -1.34598235e-09 -1.57287325e-09 -1.83681076e-09
 -2.14363790e-09 -2.50008496e-09 -2.91389858e-09 -3.39398893e-09
 -3.95059707e-09 -4.59548527e-09 -5.34215329e-09 -6.20608384e-09
 -7.20502109e-09 -8.35928631e-09 -9.69213534e-09 -1.12301631e-08
 -1.30037612e-08 -1.50476344e-08 -1.74013845e-08 -2.01101682e-08
 -2.32254387e-08 -2.68057816e-08 -3.09178545e-08 -3.56374441e-08
 -4.10506534e-08 -4.72552348e-08 -5.43620847e-08 -6.24969186e-08
 -7.18021475e-08 -8.24389758e-08 -9.45897477e-08 -1.08460567e-07
 -1.24284223e-07 -1.42323449e-07 -1.62874555e-07 -1.86271473e-07
 -2.12890255e-07 -2.43154069e-07 -2.77538748e-07 -3.16578951e-07
 -3.60874978e-07 -4.11100336e-07 -4.68010093e-07 -5.32450123e-07
 -6.05367316e-07 -6.87820846e-07 -7.80994586e-07 -8.86210800e-07
 -1.00494520e-06 -1.13884349e-06 -1.28973961e-06 -1.45967562e-06
 -1.65092368e-06 -1.86601000e-06 -2.10774108e-06 -2.37923249e-06
 -2.68394015e-06 -3.02569465e-06 -3.40873857e-06 -3.83776712e-06
 -4.31797243e-06 -4.85509172e-06 -5.45545953e-06 -6.12606448e-06
 -6.87461077e-06 -7.70958481e-06 -8.64032726e-06 -9.67711094e-06
 -1.08312249e-05 -1.21150651e-05 -1.35422322e-05 -1.51276367e-05
 -1.68876120e-05 -1.88400358e-05 -2.10044604e-05 -2.34022526e-05
 -2.60567424e-05 -2.89933838e-05 -3.22399243e-05 -3.58265879e-05
 -3.97862685e-05 -4.41547363e-05 -4.89708573e-05 -5.42768261e-05
 -6.01184130e-05 -6.65452247e-05 -7.36109818e-05 -8.13738099e-05
 -8.98965481e-05 -9.92470729e-05 -1.09498640e-04 -1.20730241e-04
 -1.33026981e-04 -1.46480471e-04 -1.61189240e-04 -1.77259162e-04
 -1.94803907e-04 -2.13945403e-04 -2.34814321e-04 -2.57550577e-04
 -2.82303850e-04 -3.09234115e-04 -3.38512199e-04 -3.70320346e-04
 -4.04852802e-04 -4.42316408e-04 -4.82931215e-04 -5.26931097e-04
 -5.74564392e-04 -6.26094532e-04 -6.81800696e-04 -7.41978456e-04
 -8.06940431e-04 -8.77016940e-04 -9.52556651e-04 -1.03392722e-03
 -1.12151595e-03 -1.21573036e-03 -1.31699885e-03 -1.42577126e-03
 -1.54251943e-03 -1.66773773e-03 -1.80194358e-03 -1.94567793e-03
 -2.09950561e-03 -2.26401580e-03 -2.43982228e-03 -2.62756373e-03
 -2.82790391e-03 -3.04153182e-03 -3.26916173e-03 -3.51153315e-03
 -3.76941076e-03 -4.04358414e-03 -4.33486752e-03 -4.64409932e-03
 -4.97214167e-03 -5.31987974e-03 -5.68822101e-03 -6.07809430e-03
 -6.49044886e-03 -6.92625307e-03 -7.38649324e-03 -7.87217209e-03
 -8.38430715e-03 -8.92392899e-03 -9.49207929e-03 -1.00898088e-02
 -1.07181749e-02 -1.13782394e-02 -1.20710659e-02 -1.27977169e-02
 -1.35592512e-02 -1.43567202e-02 -1.51911654e-02 -1.60636146e-02
 -1.69750782e-02 -1.79265459e-02 -1.89189825e-02 -1.99533243e-02
 -2.10304745e-02 -2.21512994e-02 -2.33166239e-02 -2.45272273e-02
 -2.57838383e-02 -2.70871309e-02 -2.84377198e-02 -2.98361554e-02
 -3.12829194e-02 -3.27784201e-02 -3.43229876e-02 -3.59168694e-02
 -3.75602257e-02 -3.92531250e-02 -4.09955395e-02 -4.27873412e-02
 -4.46282977e-02 -4.65180678e-02 -4.84561984e-02 -5.04421205e-02
 -5.24751463e-02 -5.45544657e-02 -5.66791438e-02 -5.88481183e-02
 -6.10601977e-02 -6.33140590e-02 -6.56082469e-02 -6.79411722e-02
 -7.03111115e-02 -7.27162070e-02 -7.51544665e-02 -7.76237646e-02
 -8.01218433e-02 -8.26463139e-02 -8.51946593e-02 -8.77642365e-02
 -9.03522794e-02 -9.29559029e-02 -9.55721070e-02 -9.81977811e-02
 -1.00829709e-01 -1.03464576e-01 -1.06098973e-01 -1.08729403e-01
 -1.11352292e-01 -1.13963991e-01 -1.16560787e-01 -1.19138912e-01
 -1.21694550e-01 -1.24223847e-01 -1.26722920e-01 -1.29187867e-01
 -1.31614777e-01 -1.33999742e-01 -1.36338865e-01 -1.38628272e-01
 -1.40864124e-01 -1.43042627e-01 -1.45160044e-01 -1.47212710e-01
 -1.49197036e-01 -1.51109530e-01 -1.52946804e-01 -1.54705590e-01
 -1.56382749e-01 -1.57975288e-01 -1.59480373e-01 -1.60895344e-01
 -1.62217729e-01 -1.63445257e-01 -1.64575883e-01 -1.65607798e-01
 -1.66539452e-01 -1.67369573e-01 -1.68097192e-01 -1.68721662e-01
 -1.69242692e-01 -1.69660368e-01 -1.69975191e-01 -1.70188103e-01
 -1.70300535e-01 -1.70314434e-01 -1.70232317e-01 -1.70057309e-01
 -1.69793199e-01 -1.69444481e-01 -1.69016420e-01 -1.68515096e-01
 -1.67947466e-01 -1.67321417e-01 -1.66645823e-01 -1.65930593e-01
 -1.65186725e-01 -1.64426337e-01 -1.63662711e-01 -1.62910310e-01
 -1.62184786e-01 -1.61502980e-01 -1.60882892e-01 -1.60343639e-01
 -1.59905384e-01 -1.59589242e-01 -1.59417152e-01 -1.59411728e-01
 -1.59596064e-01 -1.59993514e-01 -1.60627441e-01 -1.61520917e-01
 -1.62696410e-01 -1.64175423e-01 -1.65978114e-01 -1.68122893e-01
 -1.70625994e-01 -1.73501045e-01 -1.76758621e-01 -1.80405814e-01
 -1.84445804e-01 -1.88877464e-01 -1.93694987e-01 -1.98887568e-01
 -2.04439134e-01 -2.10328139e-01 -2.16527438e-01 -2.23004243e-01
 -2.29720167e-01 -2.36631370e-01 -2.43688806e-01 -2.50838574e-01
 -2.58022368e-01 -2.65178036e-01 -2.72240229e-01 -2.79141140e-01
 -2.85811327e-01 -2.92180591e-01 -2.98178912e-01 -3.03737422e-01
 -3.08789389e-01 -3.13271202e-01 -3.17123331e-01 -3.20291250e-01
 -3.22726295e-01 -3.24386442e-01 -3.25236993e-01 -3.25251144e-01
 -3.24410434e-01 -3.22705055e-01 -3.20134025e-01 -3.16705212e-01
 -3.12435214e-01 -3.07349092e-01 -3.01479978e-01 -2.94868537e-01
 -2.87562327e-01 -2.79615053e-01 -2.71085739e-01 -2.62037821e-01
 -2.52538212e-01 -2.42656319e-01 -2.32463065e-01 -2.22029917e-01
 -2.11427941e-01 -2.00726903e-01 -1.89994440e-01 -1.79295291e-01
 -1.68690625e-01 -1.58237457e-01 -1.47988162e-01 -1.37990100e-01
 -1.28285331e-01 -1.18910445e-01 -1.09896483e-01 -1.01268954e-01
 -9.30479309e-02 -8.52482364e-02 -7.78796827e-02 -7.09473766e-02
 -6.44520687e-02 -5.83905387e-02 -5.27560067e-02 -4.75385587e-02
 -4.27255797e-02 -3.83021827e-02 -3.42516284e-02 -3.05557273e-02
 -2.71952201e-02 -2.41501303e-02 -2.14000869e-02 -1.89246151e-02
 -1.67033921e-02 -1.47164689e-02 -1.29444583e-02 -1.13686899e-02
 -9.97133282e-03 -8.73549037e-03 -7.64526642e-03 -6.68580815e-03
 -5.84332686e-03 -5.10509997e-03 -4.45945695e-03 -3.89575196e-03
 -3.40432559e-03 -2.97645830e-03 -2.60431759e-03 -2.28090089e-03
 -1.99997593e-03 -1.75602007e-03 -1.54415978e-03 -1.36011137e-03
 -1.20012376e-03 -1.06092399e-03 -9.39665781e-04 -8.33881660e-04
 -7.41438666e-04 -6.60497816e-04 -5.89477266e-04 -5.27019089e-04
 -4.71959530e-04 -4.23302550e-04 -3.80196434e-04 -3.41913249e-04
 -3.07830884e-04 -2.77417454e-04 -2.50217811e-04 -2.25841935e-04
 -2.03955000e-04 -1.84268892e-04 -1.66535011e-04 -1.50538172e-04
 -1.36091463e-04 -1.23031923e-04 -1.11216904e-04 -1.00521036e-04
 -9.08336843e-05 -8.20568203e-05 -7.41032504e-05 -6.68951309e-05
 -6.03627271e-05 -5.44433718e-05 -4.90805911e-05 -4.42233651e-05
 -3.98255025e-05 -3.58451073e-05 -3.22441222e-05 -2.89879348e-05
 -2.60450357e-05 -2.33867210e-05 -2.09868290e-05 -1.88215085e-05
 -1.68690124e-05 -1.51095120e-05 -1.35249309e-05 -1.20987945e-05
 -1.08160928e-05 -9.66315675e-06 -8.62754385e-06 -7.69793475e-06
 -6.86403771e-06 -6.11650118e-06 -5.44683351e-06 -4.84732902e-06
 -4.31100021e-06 -3.83151527e-06 -3.40314076e-06 -3.02068882e-06
 -2.67946879e-06 -2.37524266e-06 -2.10418433e-06 -1.86284213e-06
 -1.64810456e-06 -1.45716887e-06 -1.28751234e-06 -1.13686603e-06
 -1.00319082e-06 -8.84655458e-07 -7.79616680e-07 -6.86600993e-07
 -6.04288139e-07 -5.31496059e-07 -4.67167219e-07 -4.10356204e-07
 -3.60218469e-07 -3.16000142e-07 -2.77028791e-07 -2.42705078e-07
 -2.12495211e-07 -1.85924130e-07 -1.62569359e-07 -1.42055468e-07
 -1.24049079e-07 -1.08254376e-07 -9.44090656e-08 -8.22807545e-08
 -7.16636885e-08 -6.23758353e-08 -5.42562680e-08 -4.71628223e-08
 -4.09700016e-08 -3.55671037e-08 -3.08565486e-08 -2.67523858e-08
 -2.31789637e-08 -2.00697442e-08 -1.73662475e-08 -1.50171134e-08
 -1.29772676e-08 -1.12071810e-08 -9.67221262e-09 -8.34202739e-09
 -7.19007985e-09 -6.19315773e-09 -5.33097805e-09 -4.58583023e-09
 -3.94226103e-09 -3.38679654e-09 -2.90769710e-09 -2.49474146e-09
 -2.13903678e-09 -1.83285152e-09 -1.56946864e-09 -1.34305663e-09
 -1.14855642e-09 -9.81582192e-10 -8.38334485e-10 -7.15524185e-10
 -6.10305986e-10 -5.20220266e-10 -4.43142323e-10 -3.77238074e-10
 -3.20925431e-10 -2.72840649e-10 -2.31809024e-10 -1.96819412e-10
 -1.67002067e-10 -1.41609402e-10 -1.19999285e-10 -1.01620552e-10
 -8.60004594e-11 -7.27338064e-11 -6.14735349e-11 -5.19225942e-11
 -4.38269153e-11 -3.69693447e-11 -3.11644112e-11 -2.62538152e-11
 -2.21025432e-11 -1.85955230e-11 -1.56347476e-11 -1.31368026e-11
 -1.10307439e-11 -9.25627512e-12 -7.76218578e-12 -6.50501252e-12
 -5.44789296e-12 -4.55958505e-12 -3.81362865e-12 -3.18762928e-12
 -2.66264667e-12 -2.22267312e-12 -1.85418891e-12 -1.54578358e-12
 -1.28783351e-12 -1.07222785e-12 -8.92135392e-13 -7.41806748e-13
 -6.16406368e-13 -5.11870120e-13 -4.24784603e-13 -3.52284942e-13
 -2.91968313e-13 -2.41820817e-13 -2.00155706e-13 -1.65561210e-13
 -1.36856533e-13 -1.13054747e-13 -9.33315318e-14 -7.69988630e-14
 -6.34828706e-14 -5.23052313e-14 -4.30675357e-14 -3.54381664e-14
 -2.91412912e-14 -2.39476368e-14 -1.96667619e-14 -1.61405892e-14
 -1.32379956e-14 -1.08502916e-14 -8.88744464e-15 -7.27492859e-15
 -5.95109504e-15 -4.86498341e-15 -3.97449694e-15 -3.24488489e-15
 -2.64748038e-15 -2.15865148e-15 -1.75893032e-15 -1.43229035e-15
 -1.16554709e-15 -9.47861547e-16 -7.70329116e-16 -6.25639336e-16
 -5.07794632e-16 -4.11877901e-16 -3.33860624e-16 -2.70444552e-16
 -2.18931170e-16 -1.77114161e-16 -1.43190861e-16 -1.15689418e-16
 -9.34089095e-17 -7.53701347e-17 -6.07752294e-17 -4.89745268e-17
 -3.94393923e-17 -3.17399696e-17 -2.55269616e-17 -2.05167265e-17
 -1.64790943e-17 -1.32274136e-17 -1.06104268e-17 -8.50564199e-18
 -6.81393004e-18 -5.45512326e-18 -4.36443260e-18 -3.48953324e-18
 -2.78819544e-18 -2.22636012e-18 -1.77657660e-18 -1.41673554e-18
 -1.12904166e-18 -8.99181718e-19 -7.15651023e-19 -5.69208596e-19
 -4.52436807e-19 -3.59385651e-19 -2.85285609e-19 -2.26316032e-19
 -1.79418450e-19 -1.42146185e-19 -1.12543299e-19 -8.90472271e-20
 -7.04105090e-20 -5.56379210e-20 -4.39360115e-20 -3.46726224e-20
 -2.73444427e-20 -2.15510180e-20 -1.69739464e-20 -1.33602379e-20
 -1.05090118e-20 -8.26087202e-21 -6.48942525e-21 -5.09451564e-21
 -3.99683198e-21 -3.13361191e-21 -2.45522248e-21 -1.92244011e-21
 -1.50428843e-21 -1.17632068e-21 -9.19256436e-22 -7.17899994e-22
 -5.60283130e-22 -4.36985945e-22 -3.40599273e-22 -2.65299413e-22
 -2.06511951e-22 -1.60646184e-22 -1.24885485e-22 -9.70219144e-23
 -7.53258500e-23 -5.84432782e-23 -4.53149412e-23 -3.51127302e-23
 -2.71896804e-23 -2.10406878e-23 -1.62716685e-23 -1.25753641e-23
 -9.71237351e-24 -7.49629222e-24 -5.78207826e-24 -4.45694986e-24
 -3.43326920e-24 -2.64298253e-24 -2.03327936e-24 -1.56320573e-24
 -1.20102362e-24 -9.22153645e-25 -7.07573158e-25 -5.42569951e-25
 -4.15773162e-25 -3.18400317e-25 -2.43672689e-25 -1.86361650e-25
 -1.42436917e-25 -1.08793990e-25 -8.30431040e-26 -6.33459082e-26
 -4.82891861e-26 -3.67872675e-26 -2.80066717e-26 -2.13079563e-26
 -1.62008730e-26 -1.23098104e-26 -9.34718068e-27 -7.09293918e-27
 -5.37883423e-27 -4.07630254e-27 -3.08717312e-27 -2.33653282e-27
 -1.76725456e-27 -1.33580377e-27 -1.00902643e-27 -7.61690861e-28
 -5.74607478e-28 -4.33191701e-28 -3.26366300e-28 -2.45723569e-28
 -1.84886263e-28 -1.39020486e-28 -1.04464633e-28 -7.84469554e-29
 -5.88707037e-29 -4.41508111e-29 -3.30898251e-29 -2.47837250e-29
 -1.85504743e-29 -1.38758559e-29 -1.03724385e-29 -7.74851149e-30
 -5.78458251e-30 -4.31560895e-30 -3.21757349e-30 -2.39734860e-30
 -1.78504937e-30 -1.32826766e-30 -9.87727832e-31 -7.34015633e-31
 -5.45116909e-31 -4.04566877e-31 -3.00059456e-31 -2.22402999e-31
 -1.64736671e-31 -1.21942826e-31 -9.02066499e-32 -6.66863853e-32
 -4.92665472e-32 -3.63733583e-32 -2.68368167e-32 -1.97876822e-32
 -1.45805927e-32 -1.07367231e-32 -7.90104721e-33 -5.81050508e-33
 -4.27031035e-33 -3.13632687e-33 -2.30196928e-33 -1.68847274e-33
 -1.23767013e-33 -9.06634189e-34 -6.63705780e-34 -4.85551648e-34
 -3.54986299e-34 -2.59360644e-34 -1.89370744e-34 -1.38177720e-34
 -1.00757987e-34 -7.34238697e-35 -5.34701475e-35 -3.89136367e-35
 -2.83014433e-35 -2.05698760e-35 -1.49407049e-35 -1.08449319e-35
 -7.86681423e-36 -5.70278878e-36 -4.13135014e-36 -2.99097682e-36
 -2.16396592e-36 -1.56460283e-36 -1.13050928e-36 -8.16320073e-37
 -5.89064902e-37 -4.24797687e-37 -3.06138159e-37 -2.20479956e-37
 -1.58685443e-37 -1.14135669e-37 -8.20393125e-38 -5.89303422e-38
 -4.23031044e-38 -3.03474246e-38 -2.17564367e-38 -1.55872687e-38
 -1.11601132e-38 -7.98515782e-39 -5.70971898e-39 -4.08001998e-39
 -2.91357479e-39 -2.07924841e-39 -1.48286942e-39 -1.05685588e-39
 -7.52739925e-40 -5.35784889e-40 -3.81111712e-40 -2.70913381e-40]
symrep = 0 - 0.28*np.exp(-(x-1.6475399999999998)**2/(2*0.7**2))- 0.17*np.exp(-(x--0.94122)**2/(2*1.5666666666666669**2))
    