energies = {0: [-0.5561145504899442], 1: [-0.08176845992215122], 2: []}
wfns = {0: [array([ 0.00000000e+00,  3.47876631e-10,  6.96373664e-10,  1.04611261e-09,
        1.39771718e-09,  1.75181444e-09,  2.10903588e-09,  2.47001856e-09,
        2.83540627e-09,  3.20585063e-09,  3.58201229e-09,  3.96456209e-09,
        4.35418228e-09,  4.75156771e-09,  5.15742706e-09,  5.57248414e-09,
        5.99747917e-09,  6.43317008e-09,  6.88033388e-09,  7.33976804e-09,
        7.81229192e-09,  8.29874820e-09,  8.80000444e-09,  9.31695457e-09,
        9.85052052e-09,  1.04016539e-08,  1.09713375e-08,  1.15605873e-08,
        1.21704542e-08,  1.28020259e-08,  1.34564287e-08,  1.41348296e-08,
        1.48384385e-08,  1.55685102e-08,  1.63263468e-08,  1.71132997e-08,
        1.79307723e-08,  1.87802227e-08,  1.96631656e-08,  2.05811757e-08,
        2.15358902e-08,  2.25290118e-08,  2.35623115e-08,  2.46376321e-08,
        2.57568914e-08,  2.69220854e-08,  2.81352921e-08,  2.93986753e-08,
        3.07144879e-08,  3.20850766e-08,  3.35128857e-08,  3.50004615e-08,
        3.65504570e-08,  3.81656365e-08,  3.98488804e-08,  4.16031907e-08,
        4.34316959e-08,  4.53376570e-08,  4.73244732e-08,  4.93956876e-08,
        5.15549941e-08,  5.38062435e-08,  5.61534508e-08,  5.86008020e-08,
        6.11526615e-08,  6.38135805e-08,  6.65883044e-08,  6.94817816e-08,
        7.24991723e-08,  7.56458578e-08,  7.89274498e-08,  8.23498007e-08,
        8.59190139e-08,  8.96414547e-08,  9.35237618e-08,  9.75728587e-08,
        1.01795967e-07,  1.06200617e-07,  1.10794666e-07,  1.15586305e-07,
        1.20584080e-07,  1.25796904e-07,  1.31234074e-07,  1.36905287e-07,
        1.42820655e-07,  1.48990730e-07,  1.55426514e-07,  1.62139485e-07,
        1.69141615e-07,  1.76445392e-07,  1.84063840e-07,  1.92010547e-07,
        2.00299685e-07,  2.08946037e-07,  2.17965022e-07,  2.27372726e-07,
        2.37185924e-07,  2.47422120e-07,  2.58099567e-07,  2.69237307e-07,
        2.80855205e-07,  2.92973978e-07,  3.05615240e-07,  3.18801535e-07,
        3.32556380e-07,  3.46904304e-07,  3.61870896e-07,  3.77482847e-07,
        3.93768000e-07,  4.10755396e-07,  4.28475333e-07,  4.46959410e-07,
        4.66240594e-07,  4.86353268e-07,  5.07333304e-07,  5.29218115e-07,
        5.52046732e-07,  5.75859867e-07,  6.00699989e-07,  6.26611396e-07,
        6.53640299e-07,  6.81834902e-07,  7.11245487e-07,  7.41924504e-07,
        7.73926666e-07,  8.07309046e-07,  8.42131178e-07,  8.78455163e-07,
        9.16345782e-07,  9.55870608e-07,  9.97100130e-07,  1.04010788e-06,
        1.08497055e-06,  1.13176815e-06,  1.18058414e-06,  1.23150559e-06,
        1.28462329e-06,  1.34003199e-06,  1.39783049e-06,  1.45812188e-06,
        1.52101368e-06,  1.58661805e-06,  1.65505199e-06,  1.72643754e-06,
        1.80090201e-06,  1.87857820e-06,  1.95960465e-06,  2.04412584e-06,
        2.13229252e-06,  2.22426192e-06,  2.32019806e-06,  2.42027204e-06,
        2.52466232e-06,  2.63355507e-06,  2.74714449e-06,  2.86563316e-06,
        2.98923238e-06,  3.11816260e-06,  3.25265373e-06,  3.39294563e-06,
        3.53928849e-06,  3.69194331e-06,  3.85118233e-06,  4.01728953e-06,
        4.19056115e-06,  4.37130620e-06,  4.55984702e-06,  4.75651985e-06,
        4.96167544e-06,  5.17567966e-06,  5.39891417e-06,  5.63177709e-06,
        5.87468369e-06,  6.12806717e-06,  6.39237943e-06,  6.66809184e-06,
        6.95569609e-06,  7.25570510e-06,  7.56865391e-06,  7.89510063e-06,
        8.23562743e-06,  8.59084163e-06,  8.96137669e-06,  9.34789344e-06,
        9.75108119e-06,  1.01716590e-05,  1.06103769e-05,  1.10680172e-05,
        1.15453963e-05,  1.20433653e-05,  1.25628125e-05,  1.31046641e-05,
        1.36698865e-05,  1.42594878e-05,  1.48745193e-05,  1.55160781e-05,
        1.61853081e-05,  1.68834029e-05,  1.76116076e-05,  1.83712207e-05,
        1.91635970e-05,  1.99901495e-05,  2.08523524e-05,  2.17517433e-05,
        2.26899262e-05,  2.36685742e-05,  2.46894327e-05,  2.57543222e-05,
        2.68651418e-05,  2.80238726e-05,  2.92325811e-05,  3.04934229e-05,
        3.18086465e-05,  3.31805975e-05,  3.46117227e-05,  3.61045743e-05,
        3.76618146e-05,  3.92862209e-05,  4.09806901e-05,  4.27482440e-05,
        4.45920351e-05,  4.65153513e-05,  4.85216229e-05,  5.06144277e-05,
        5.27974981e-05,  5.50747274e-05,  5.74501767e-05,  5.99280824e-05,
        6.25128636e-05,  6.52091301e-05,  6.80216902e-05,  7.09555599e-05,
        7.40159715e-05,  7.72083829e-05,  8.05384874e-05,  8.40122240e-05,
        8.76357876e-05,  9.14156405e-05,  9.53585237e-05,  9.94714689e-05,
        1.03761811e-04,  1.08237202e-04,  1.12905622e-04,  1.17775398e-04,
        1.22855214e-04,  1.28154130e-04,  1.33681595e-04,  1.39447467e-04,
        1.45462030e-04,  1.51736009e-04,  1.58280593e-04,  1.65107454e-04,
        1.72228767e-04,  1.79657233e-04,  1.87406098e-04,  1.95489182e-04,
        2.03920902e-04,  2.12716292e-04,  2.21891041e-04,  2.31461509e-04,
        2.41444764e-04,  2.51858611e-04,  2.62721621e-04,  2.74053169e-04,
        2.85873461e-04,  2.98203579e-04,  3.11065512e-04,  3.24482198e-04,
        3.38477563e-04,  3.53076568e-04,  3.68305248e-04,  3.84190761e-04,
        4.00761438e-04,  4.18046830e-04,  4.36077764e-04,  4.54886396e-04,
        4.74506268e-04,  4.94972371e-04,  5.16321202e-04,  5.38590833e-04,
        5.61820981e-04,  5.86053070e-04,  6.11330316e-04,  6.37697795e-04,
        6.65202528e-04,  6.93893562e-04,  7.23822062e-04,  7.55041396e-04,
        7.87607234e-04,  8.21577643e-04,  8.57013198e-04,  8.93977079e-04,
        9.32535192e-04,  9.72756281e-04,  1.01471205e-03,  1.05847730e-03,
        1.10413003e-03,  1.15175163e-03,  1.20142696e-03,  1.25324454e-03,
        1.30729671e-03,  1.36367977e-03,  1.42249414e-03,  1.48384458e-03,
        1.54784031e-03,  1.61459527e-03,  1.68422824e-03,  1.75686312e-03,
        1.83262907e-03,  1.91166080e-03,  1.99409873e-03,  2.08008927e-03,
        2.16978505e-03,  2.26334520e-03,  2.36093555e-03,  2.46272895e-03,
        2.56890555e-03,  2.67965305e-03,  2.79516703e-03,  2.91565125e-03,
        3.04131794e-03,  3.17238815e-03,  3.30909205e-03,  3.45166929e-03,
        3.60036935e-03,  3.75545184e-03,  3.91718694e-03,  4.08585569e-03,
        4.26175038e-03,  4.44517495e-03,  4.63644532e-03,  4.83588982e-03,
        5.04384953e-03,  5.26067869e-03,  5.48674506e-03,  5.72243030e-03,
        5.96813039e-03,  6.22425594e-03,  6.49123259e-03,  6.76950136e-03,
        7.05951901e-03,  7.36175837e-03,  7.67670863e-03,  8.00487570e-03,
        8.34678246e-03,  8.70296901e-03,  9.07399297e-03,  9.46042960e-03,
        9.86287207e-03,  1.02819315e-02,  1.07182373e-02,  1.11724367e-02,
        1.16451955e-02,  1.21371974e-02,  1.26491442e-02,  1.31817555e-02,
        1.37357685e-02,  1.43119377e-02,  1.49110345e-02,  1.55338465e-02,
        1.61811770e-02,  1.68538443e-02,  1.75526805e-02,  1.82785309e-02,
        1.90322523e-02,  1.98147122e-02,  2.06267864e-02,  2.14693581e-02,
        2.23433151e-02,  2.32495479e-02,  2.41889470e-02,  2.51624002e-02,
        2.61707891e-02,  2.72149857e-02,  2.82958486e-02,  2.94142187e-02,
        3.05709143e-02,  3.17667260e-02,  3.30024112e-02,  3.42786880e-02,
        3.55962288e-02,  3.69556527e-02,  3.83575185e-02,  3.98023165e-02,
        4.12904596e-02,  4.28222745e-02,  4.43979920e-02,  4.60177371e-02,
        4.76815182e-02,  4.93892164e-02,  5.11405746e-02,  5.29351855e-02,
        5.47724801e-02,  5.66517160e-02,  5.85719658e-02,  6.05321048e-02,
        6.25308000e-02,  6.45664991e-02,  6.66374192e-02,  6.87415379e-02,
        7.08765834e-02,  7.30400267e-02,  7.52290751e-02,  7.74406664e-02,
        7.96714651e-02,  8.19178604e-02,  8.41759664e-02,  8.64416236e-02,
        8.87104039e-02,  9.09776170e-02,  9.32383202e-02,  9.54873301e-02,
        9.77192383e-02,  9.99284286e-02,  1.02109098e-01,  1.04255280e-01,
        1.06360871e-01,  1.08419660e-01,  1.10425360e-01,  1.12371639e-01,
        1.14252162e-01,  1.16060623e-01,  1.17790789e-01,  1.19436537e-01,
        1.20991897e-01,  1.22451093e-01,  1.23808588e-01,  1.25059120e-01,
        1.26197745e-01,  1.27219874e-01,  1.28121313e-01,  1.28898291e-01,
        1.29547498e-01,  1.30066107e-01,  1.30451804e-01,  1.30702803e-01,
        1.30817864e-01,  1.30796305e-01,  1.30638009e-01,  1.30343424e-01,
        1.29913565e-01,  1.29349997e-01,  1.28654836e-01,  1.27830718e-01,
        1.26880791e-01,  1.25808681e-01,  1.24618467e-01,  1.23314648e-01,
        1.21902109e-01,  1.20386082e-01,  1.18772110e-01,  1.17066003e-01,
        1.15273795e-01,  1.13401707e-01,  1.11456098e-01,  1.09443430e-01,
        1.07370218e-01,  1.05242999e-01,  1.03068286e-01,  1.00852535e-01,
        9.86021105e-02,  9.63232525e-02,  9.40220467e-02,  9.17043986e-02,
        8.93760089e-02,  8.70423528e-02,  8.47086621e-02,  8.23799098e-02,
        8.00607980e-02,  7.77557483e-02,  7.54688954e-02,  7.32040827e-02,
        7.09648602e-02,  6.87544858e-02,  6.65759268e-02,  6.44318650e-02,
        6.23247025e-02,  6.02565693e-02,  5.82293319e-02,  5.62446036e-02,
        5.43037550e-02,  5.24079256e-02,  5.05580361e-02,  4.87548007e-02,
        4.69987400e-02,  4.52901939e-02,  4.36293345e-02,  4.20161790e-02,
        4.04506022e-02,  3.89323488e-02,  3.74610456e-02,  3.60362130e-02,
        3.46572758e-02,  3.33235745e-02,  3.20343746e-02,  3.07888768e-02,
        2.95862256e-02,  2.84255176e-02,  2.73058100e-02,  2.62261270e-02,
        2.51854672e-02,  2.41828092e-02,  2.32171179e-02,  2.22873491e-02,
        2.13924544e-02,  2.05313853e-02,  1.97030972e-02,  1.89065524e-02,
        1.81407233e-02,  1.74045949e-02,  1.66971672e-02,  1.60174570e-02,
        1.53644996e-02,  1.47373503e-02,  1.41350855e-02,  1.35568036e-02,
        1.30016259e-02,  1.24686970e-02,  1.19571852e-02,  1.14662830e-02,
        1.09952068e-02,  1.05431975e-02,  1.01095197e-02,  9.69346216e-03,
        9.29433730e-03,  8.91148078e-03,  8.54425128e-03,  8.19203003e-03,
        7.85422031e-03,  7.53024705e-03,  7.21955621e-03,  6.92161430e-03,
        6.63590782e-03,  6.36194267e-03,  6.09924358e-03,  5.84735358e-03,
        5.60583335e-03,  5.37426071e-03,  5.15223001e-03,  4.93935157e-03,
        4.73525115e-03,  4.53956939e-03,  4.35196127e-03,  4.17209558e-03,
        3.99965445e-03,  3.83433281e-03,  3.67583790e-03,  3.52388886e-03,
        3.37821620e-03,  3.23856142e-03,  3.10467655e-03,  2.97632373e-03,
        2.85327483e-03,  2.73531107e-03,  2.62222262e-03,  2.51380827e-03,
        2.40987505e-03,  2.31023795e-03,  2.21471954e-03,  2.12314972e-03,
        2.03536536e-03,  1.95121008e-03,  1.87053393e-03,  1.79319314e-03,
        1.71904987e-03,  1.64797198e-03,  1.57983278e-03,  1.51451079e-03,
        1.45188957e-03,  1.39185747e-03,  1.33430746e-03,  1.27913694e-03,
        1.22624753e-03,  1.17554493e-03,  1.12693873e-03,  1.08034226e-03,
        1.03567243e-03,  9.92849570e-04,  9.51797330e-04,  9.12442499e-04,
        8.74714897e-04,  8.38547242e-04,  8.03875038e-04,  7.70636451e-04,
        7.38772207e-04,  7.08225480e-04,  6.78941794e-04,  6.50868926e-04,
        6.23956812e-04,  5.98157458e-04,  5.73424853e-04,  5.49714890e-04,
        5.26985284e-04,  5.05195502e-04,  4.84306682e-04,  4.64281572e-04,
        4.45084459e-04,  4.26681108e-04,  4.09038698e-04,  3.92125765e-04,
        3.75912148e-04,  3.60368931e-04,  3.45468395e-04,  3.31183965e-04,
        3.17490167e-04,  3.04362580e-04,  2.91777792e-04,  2.79713359e-04,
        2.68147766e-04,  2.57060387e-04,  2.46431448e-04,  2.36241993e-04,
        2.26473852e-04,  2.17109604e-04,  2.08132547e-04,  1.99526674e-04,
        1.91276636e-04,  1.83367719e-04,  1.75785820e-04,  1.68517417e-04,
        1.61549547e-04,  1.54869783e-04,  1.48466214e-04,  1.42327419e-04,
        1.36442450e-04,  1.30800813e-04,  1.25392444e-04,  1.20207700e-04,
        1.15237334e-04,  1.10472482e-04,  1.05904646e-04,  1.01525680e-04,
        9.73277746e-05,  9.33034430e-05,  8.94455084e-05,  8.57470905e-05,
        8.22015937e-05,  7.88026949e-05,  7.55443325e-05,  7.24206955e-05,
        6.94262134e-05,  6.65555457e-05,  6.38035728e-05,  6.11653870e-05,
        5.86362834e-05,  5.62117514e-05,  5.38874673e-05,  5.16592858e-05,
        4.95232333e-05,  4.74755004e-05,  4.55124350e-05,  4.36305364e-05,
        4.18264483e-05,  4.00969533e-05,  3.84389671e-05,  3.68495328e-05,
        3.53258157e-05,  3.38650986e-05,  3.24647764e-05,  3.11223517e-05,
        2.98354306e-05,  2.86017178e-05,  2.74190131e-05,  2.62852075e-05,
        2.51982788e-05,  2.41562886e-05,  2.31573786e-05,  2.21997674e-05,
        2.12817472e-05,  2.04016808e-05,  1.95579986e-05,  1.87491961e-05,
        1.79738308e-05,  1.72305200e-05,  1.65179381e-05,  1.58348141e-05,
        1.51799300e-05,  1.45521176e-05,  1.39502574e-05,  1.33732761e-05,
        1.28201446e-05,  1.22898765e-05,  1.17815261e-05,  1.12941869e-05,
        1.08269896e-05,  1.03791012e-05,  9.94972280e-06,  9.53808871e-06,
        9.14346481e-06,  8.76514733e-06,  8.40246158e-06,  8.05476075e-06,
        7.72142474e-06,  7.40185909e-06,  7.09549389e-06,  6.80178276e-06,
        6.52020191e-06,  6.25024916e-06,  5.99144308e-06,  5.74332211e-06,
        5.50544377e-06,  5.27738380e-06,  5.05873551e-06,  4.84910894e-06,
        4.64813026e-06,  4.45544103e-06,  4.27069762e-06,  4.09357055e-06,
        3.92374394e-06,  3.76091492e-06,  3.60479310e-06,  3.45510006e-06,
        3.31156882e-06,  3.17394343e-06,  3.04197843e-06,  2.91543849e-06,
        2.79409792e-06,  2.67774034e-06,  2.56615823e-06,  2.45915260e-06,
        2.35653261e-06,  2.25811526e-06,  2.16372501e-06,  2.07319355e-06,
        1.98635941e-06,  1.90306773e-06,  1.82316998e-06,  1.74652366e-06,
        1.67299209e-06,  1.60244412e-06,  1.53475395e-06,  1.46980085e-06,
        1.40746899e-06,  1.34764720e-06,  1.29022880e-06,  1.23511139e-06,
        1.18219667e-06,  1.13139028e-06,  1.08260160e-06,  1.03574363e-06,
        9.90732805e-07,  9.47488847e-07,  9.05934636e-07,  8.65996066e-07,
        8.27601910e-07,  7.90683695e-07,  7.55175583e-07,  7.21014248e-07,
        6.88138767e-07,  6.56490509e-07,  6.26013035e-07,  5.96651989e-07,
        5.68355011e-07,  5.41071634e-07,  5.14753203e-07,  4.89352780e-07,
        4.64825067e-07,  4.41126321e-07,  4.18214278e-07,  3.96048077e-07,
        3.74588187e-07,  3.53796335e-07,  3.33635443e-07,  3.14069554e-07,
        2.95063776e-07,  2.76584214e-07,  2.58597911e-07,  2.41072790e-07,
        2.23977598e-07,  2.07281846e-07,  1.90955760e-07,  1.74970224e-07,
        1.59296729e-07,  1.43907323e-07,  1.28774561e-07,  1.13871454e-07,
        9.91714262e-08,  8.46482599e-08,  7.02760550e-08,  5.60291801e-08,
        4.18822274e-08,  2.78099673e-08,  1.37873034e-08, -2.10772259e-10,
       -1.42092238e-08, -2.82330161e-08, -4.23071590e-08, -5.64567523e-08,
       -7.07070303e-08, -8.50834070e-08, -9.96115211e-08, -1.14317282e-07,
       -1.29226916e-07, -1.44367013e-07, -1.59764573e-07, -1.75447057e-07,
       -1.91442432e-07, -2.07779225e-07, -2.24486570e-07, -2.41594265e-07,
       -2.59132817e-07, -2.77133506e-07, -2.95628433e-07, -3.14650583e-07,
       -3.34233880e-07, -3.54413248e-07, -3.75224676e-07, -3.96705277e-07,
       -4.18893361e-07, -4.41828498e-07, -4.65551590e-07, -4.90104945e-07,
       -5.15532352e-07, -5.41879156e-07, -5.69192346e-07, -5.97520631e-07,
       -6.26914532e-07, -6.57426470e-07, -6.89110859e-07, -7.22024207e-07,
       -7.56225209e-07, -7.91774860e-07, -8.28736560e-07, -8.67176225e-07,
       -9.07162409e-07, -9.48766422e-07, -9.92062462e-07, -1.03712774e-06,
       -1.08404263e-06, -1.13289080e-06, -1.18375936e-06, -1.23673903e-06,
       -1.29192430e-06, -1.34941358e-06, -1.40930940e-06, -1.47171857e-06,
       -1.53675240e-06, -1.60452688e-06, -1.67516285e-06, -1.74878631e-06,
       -1.82552854e-06, -1.90552642e-06, -1.98892260e-06, -2.07586582e-06,
       -2.16651113e-06, -2.26102019e-06, -2.35956155e-06, -2.46231093e-06,
       -2.56945159e-06, -2.68117460e-06, -2.79767921e-06, -2.91917319e-06,
       -3.04587321e-06, -3.17800523e-06, -3.31580489e-06, -3.45951794e-06,
       -3.60940068e-06, -3.76572042e-06, -3.92875592e-06, -4.09879795e-06,
       -4.27614977e-06, -4.46112765e-06, -4.65406149e-06, -4.85529536e-06,
       -5.06518815e-06, -5.28411418e-06, -5.51246387e-06, -5.75064447e-06,
       -5.99908074e-06, -6.25821576e-06, -6.52851165e-06, -6.81045046e-06,
       -7.10453500e-06, -7.41128974e-06, -7.73126175e-06, -8.06502166e-06,
       -8.41316469e-06, -8.77631174e-06, -9.15511042e-06, -9.55023628e-06,
       -9.96239401e-06, -1.03923186e-05, -1.08407769e-05, -1.13085685e-05,
       -1.17965278e-05, -1.23055250e-05, -1.28364677e-05, -1.33903030e-05,
       -1.39680186e-05, -1.45706446e-05, -1.51992558e-05, -1.58549734e-05,
       -1.65389666e-05, -1.72524554e-05, -1.79967121e-05, -1.87730641e-05,
       -1.95828959e-05, -2.04276518e-05, -2.13088383e-05, -2.22280268e-05,
       -2.31868567e-05, -2.41870380e-05, -2.52303544e-05, -2.63186664e-05,
       -2.74539151e-05, -2.86381250e-05, -2.98734080e-05, -3.11619671e-05,
       -3.25061003e-05, -3.39082048e-05, -3.53707810e-05, -3.68964374e-05,
       -3.84878947e-05, -4.01479912e-05, -4.18796874e-05, -4.36860717e-05,
       -4.55703656e-05, -4.75359295e-05, -4.95862688e-05, -5.17250400e-05,
       -5.39560575e-05, -5.62833000e-05, -5.87109179e-05, -6.12432406e-05,
       -6.38847843e-05, -6.66402598e-05, -6.95145813e-05, -7.25128749e-05,
       -7.56404876e-05, -7.89029973e-05, -8.23062222e-05, -8.58562318e-05,
       -8.95593570e-05, -9.34222020e-05, -9.74516558e-05, -1.01654905e-04,
       -1.06039444e-04, -1.10613094e-04, -1.15384011e-04, -1.20360703e-04,
       -1.25552047e-04, -1.30967299e-04, -1.36616117e-04, -1.42508577e-04,
       -1.48655185e-04, -1.55066905e-04, -1.61755170e-04, -1.68731909e-04,
       -1.76009564e-04, -1.83601113e-04, -1.91520096e-04, -1.99780636e-04,
       -2.08397463e-04, -2.17385945e-04, -2.26762113e-04, -2.36542687e-04,
       -2.46745110e-04, -2.57387578e-04, -2.68489070e-04, -2.80069384e-04,
       -2.92149173e-04, -3.04749979e-04, -3.17894276e-04, -3.31605503e-04,
       -3.45908115e-04, -3.60827618e-04, -3.76390619e-04, -3.92624874e-04,
       -4.09559335e-04, -4.27224202e-04, -4.45650979e-04, -4.64872528e-04,
       -4.84923129e-04, -5.05838540e-04, -5.27656062e-04, -5.50414603e-04,
       -5.74154751e-04, -5.98918845e-04, -6.24751048e-04, -6.51697430e-04,
       -6.79806047e-04, -7.09127026e-04, -7.39712661e-04, -7.71617495e-04,
       -8.04898430e-04, -8.39614817e-04, -8.75828570e-04, -9.13604272e-04,
       -9.53009292e-04, -9.94113905e-04, -1.03699142e-03, -1.08171830e-03,
       -1.12837431e-03, -1.17704265e-03, -1.22781014e-03, -1.28076729e-03,
       -1.33600856e-03, -1.39363246e-03, -1.45374176e-03, -1.51644366e-03])], 1: [array([ 0.00000000e+00,  6.40945378e-06,  1.28205880e-05,  1.92350837e-05,
        2.56546226e-05,  3.20808879e-05,  3.85155644e-05,  4.49603393e-05,
        5.14169023e-05,  5.78869462e-05,  6.43721674e-05,  7.08742663e-05,
        7.73949477e-05,  8.39359211e-05,  9.04989016e-05,  9.70856100e-05,
        1.03697773e-04,  1.10337125e-04,  1.17005405e-04,  1.23704363e-04,
        1.30435755e-04,  1.37201346e-04,  1.44002910e-04,  1.50842229e-04,
        1.57721098e-04,  1.64641320e-04,  1.71604708e-04,  1.78613090e-04,
        1.85668301e-04,  1.92772193e-04,  1.99926628e-04,  2.07133481e-04,
        2.14394642e-04,  2.21712016e-04,  2.29087519e-04,  2.36523087e-04,
        2.44020669e-04,  2.51582230e-04,  2.59209753e-04,  2.66905238e-04,
        2.74670703e-04,  2.82508183e-04,  2.90419734e-04,  2.98407429e-04,
        3.06473364e-04,  3.14619653e-04,  3.22848431e-04,  3.31161857e-04,
        3.39562110e-04,  3.48051392e-04,  3.56631929e-04,  3.65305971e-04,
        3.74075793e-04,  3.82943693e-04,  3.91911996e-04,  4.00983055e-04,
        4.10159246e-04,  4.19442977e-04,  4.28836682e-04,  4.38342822e-04,
        4.47963891e-04,  4.57702412e-04,  4.67560936e-04,  4.77542051e-04,
        4.87648371e-04,  4.97882547e-04,  5.08247263e-04,  5.18745235e-04,
        5.29379217e-04,  5.40151996e-04,  5.51066397e-04,  5.62125281e-04,
        5.73331548e-04,  5.84688137e-04,  5.96198024e-04,  6.07864228e-04,
        6.19689807e-04,  6.31677862e-04,  6.43831535e-04,  6.56154015e-04,
        6.68648530e-04,  6.81318358e-04,  6.94166820e-04,  7.07197285e-04,
        7.20413168e-04,  7.33817937e-04,  7.47415104e-04,  7.61208235e-04,
        7.75200947e-04,  7.89396907e-04,  8.03799839e-04,  8.18413518e-04,
        8.33241776e-04,  8.48288501e-04,  8.63557638e-04,  8.79053190e-04,
        8.94779220e-04,  9.10739851e-04,  9.26939268e-04,  9.43381718e-04,
        9.60071512e-04,  9.77013027e-04,  9.94210703e-04,  1.01166905e-03,
        1.02939265e-03,  1.04738614e-03,  1.06565424e-03,  1.08420175e-03,
        1.10303352e-03,  1.12215450e-03,  1.14156969e-03,  1.16128419e-03,
        1.18130316e-03,  1.20163186e-03,  1.22227562e-03,  1.24323984e-03,
        1.26453002e-03,  1.28615175e-03,  1.30811070e-03,  1.33041262e-03,
        1.35306335e-03,  1.37606885e-03,  1.39943513e-03,  1.42316833e-03,
        1.44727468e-03,  1.47176047e-03,  1.49663215e-03,  1.52189623e-03,
        1.54755934e-03,  1.57362819e-03,  1.60010964e-03,  1.62701061e-03,
        1.65433817e-03,  1.68209948e-03,  1.71030182e-03,  1.73895258e-03,
        1.76805927e-03,  1.79762953e-03,  1.82767110e-03,  1.85819188e-03,
        1.88919984e-03,  1.92070314e-03,  1.95271002e-03,  1.98522889e-03,
        2.01826825e-03,  2.05183679e-03,  2.08594329e-03,  2.12059671e-03,
        2.15580612e-03,  2.19158076e-03,  2.22793001e-03,  2.26486339e-03,
        2.30239060e-03,  2.34052147e-03,  2.37926600e-03,  2.41863435e-03,
        2.45863683e-03,  2.49928395e-03,  2.54058634e-03,  2.58255485e-03,
        2.62520048e-03,  2.66853441e-03,  2.71256799e-03,  2.75731279e-03,
        2.80278051e-03,  2.84898310e-03,  2.89593266e-03,  2.94364150e-03,
        2.99212213e-03,  3.04138726e-03,  3.09144981e-03,  3.14232290e-03,
        3.19401988e-03,  3.24655429e-03,  3.29993991e-03,  3.35419074e-03,
        3.40932100e-03,  3.46534515e-03,  3.52227787e-03,  3.58013409e-03,
        3.63892899e-03,  3.69867797e-03,  3.75939671e-03,  3.82110111e-03,
        3.88380737e-03,  3.94753192e-03,  4.01229147e-03,  4.07810300e-03,
        4.14498375e-03,  4.21295128e-03,  4.28202340e-03,  4.35221822e-03,
        4.42355414e-03,  4.49604986e-03,  4.56972440e-03,  4.64459708e-03,
        4.72068751e-03,  4.79801565e-03,  4.87660179e-03,  4.95646651e-03,
        5.03763076e-03,  5.12011583e-03,  5.20394333e-03,  5.28913525e-03,
        5.37571392e-03,  5.46370204e-03,  5.55312269e-03,  5.64399930e-03,
        5.73635571e-03,  5.83021612e-03,  5.92560515e-03,  6.02254782e-03,
        6.12106952e-03,  6.22119610e-03,  6.32295382e-03,  6.42636934e-03,
        6.53146978e-03,  6.63828270e-03,  6.74683611e-03,  6.85715846e-03,
        6.96927868e-03,  7.08322617e-03,  7.19903080e-03,  7.31672294e-03,
        7.43633344e-03,  7.55789367e-03,  7.68143549e-03,  7.80699130e-03,
        7.93459402e-03,  8.06427709e-03,  8.19607454e-03,  8.33002090e-03,
        8.46615130e-03,  8.60450143e-03,  8.74510757e-03,  8.88800658e-03,
        9.03323592e-03,  9.18083368e-03,  9.33083855e-03,  9.48328986e-03,
        9.63822759e-03,  9.79569235e-03,  9.95572544e-03,  1.01183688e-02,
        1.02836651e-02,  1.04516576e-02,  1.06223905e-02,  1.07959084e-02,
        1.09722569e-02,  1.11514822e-02,  1.13336313e-02,  1.15187520e-02,
        1.17068927e-02,  1.18981029e-02,  1.20924326e-02,  1.22899328e-02,
        1.24906553e-02,  1.26946527e-02,  1.29019785e-02,  1.31126871e-02,
        1.33268336e-02,  1.35444743e-02,  1.37656662e-02,  1.39904673e-02,
        1.42189366e-02,  1.44511339e-02,  1.46871201e-02,  1.49269571e-02,
        1.51707077e-02,  1.54184360e-02,  1.56702068e-02,  1.59260861e-02,
        1.61861410e-02,  1.64504397e-02,  1.67190514e-02,  1.69920467e-02,
        1.72694970e-02,  1.75514751e-02,  1.78380549e-02,  1.81293114e-02,
        1.84253211e-02,  1.87261615e-02,  1.90319114e-02,  1.93426509e-02,
        1.96584614e-02,  1.99794257e-02,  2.03056277e-02,  2.06371528e-02,
        2.09740878e-02,  2.13165209e-02,  2.16645415e-02,  2.20182406e-02,
        2.23777106e-02,  2.27430453e-02,  2.31143400e-02,  2.34916914e-02,
        2.38751978e-02,  2.42649587e-02,  2.46610755e-02,  2.50636506e-02,
        2.54727883e-02,  2.58885940e-02,  2.63111749e-02,  2.67406393e-02,
        2.71770972e-02,  2.76206596e-02,  2.80714393e-02,  2.85295499e-02,
        2.89951064e-02,  2.94682252e-02,  2.99490232e-02,  3.04376187e-02,
        3.09341307e-02,  3.14386787e-02,  3.19513831e-02,  3.24723643e-02,
        3.30017431e-02,  3.35396402e-02,  3.40861760e-02,  3.46414701e-02,
        3.52056417e-02,  3.57788082e-02,  3.63610859e-02,  3.69525888e-02,
        3.75534284e-02,  3.81637135e-02,  3.87835492e-02,  3.94130366e-02,
        4.00522720e-02,  4.07013465e-02,  4.13603448e-02,  4.20293451e-02,
        4.27084174e-02,  4.33976235e-02,  4.40970154e-02,  4.48066345e-02,
        4.55265107e-02,  4.62566609e-02,  4.69970882e-02,  4.77477804e-02,
        4.85087091e-02,  4.92798276e-02,  5.00610702e-02,  5.08523505e-02,
        5.16535595e-02,  5.24645647e-02,  5.32852080e-02,  5.41153040e-02,
        5.49546384e-02,  5.58029663e-02,  5.66600101e-02,  5.75254579e-02,
        5.83989611e-02,  5.92801330e-02,  6.01685462e-02,  6.10637310e-02,
        6.19651727e-02,  6.28723100e-02,  6.37845322e-02,  6.47011773e-02,
        6.56215293e-02,  6.65448159e-02,  6.74702061e-02,  6.83968074e-02,
        6.93236634e-02,  7.02497507e-02,  7.11739768e-02,  7.20951764e-02,
        7.30121092e-02,  7.39234565e-02,  7.48278184e-02,  7.57237105e-02,
        7.66095610e-02,  7.74837077e-02,  7.83443944e-02,  7.91897686e-02,
        8.00178777e-02,  8.08266668e-02,  8.16139756e-02,  8.23775360e-02,
        8.31149698e-02,  8.38237871e-02,  8.45013840e-02,  8.51450426e-02,
        8.57519295e-02,  8.63190969e-02,  8.68434826e-02,  8.73219127e-02,
        8.77511034e-02,  8.81276655e-02,  8.84481090e-02,  8.87088495e-02,
        8.89062156e-02,  8.90364584e-02,  8.90957618e-02,  8.90802550e-02,
        8.89860269e-02,  8.88091414e-02,  8.85456561e-02,  8.81916410e-02,
        8.77432006e-02,  8.71964974e-02,  8.65477765e-02,  8.57933934e-02,
        8.49298415e-02,  8.39537829e-02,  8.28620793e-02,  8.16518244e-02,
        8.03203769e-02,  7.88653941e-02,  7.72848657e-02,  7.55771475e-02,
        7.37409942e-02,  7.17755915e-02,  6.96805868e-02,  6.74561178e-02,
        6.51028391e-02,  6.26219458e-02,  6.00151940e-02,  5.72849175e-02,
        5.44340409e-02,  5.14660875e-02,  4.83851834e-02,  4.51960557e-02,
        4.19040258e-02,  3.85149974e-02,  3.50354391e-02,  3.14723604e-02,
        2.78332838e-02,  2.41262103e-02,  2.03595803e-02,  1.65422294e-02,
        1.26833405e-02,  8.79239044e-03,  4.87909481e-03,  9.53348578e-04,
       -2.97483488e-03, -6.89538661e-03, -1.07982457e-02, -1.46734234e-02,
       -1.85110662e-02, -2.23015180e-02, -2.60353805e-02, -2.97035707e-02,
       -3.32973751e-02, -3.68085003e-02, -4.02291194e-02, -4.35519134e-02,
       -4.67701076e-02, -4.98775021e-02, -5.28684980e-02, -5.57381161e-02,
       -5.84820113e-02, -6.10964803e-02, -6.35784639e-02, -6.59255446e-02,
       -6.81359374e-02, -7.02084776e-02, -7.21426023e-02, -7.39383293e-02,
       -7.55962312e-02, -7.71174067e-02, -7.85034494e-02, -7.97564135e-02,
       -8.08787790e-02, -8.18734140e-02, -8.27435376e-02, -8.34926813e-02,
       -8.41246511e-02, -8.46434895e-02, -8.50534382e-02, -8.53589025e-02,
       -8.55644162e-02, -8.56746081e-02, -8.56941710e-02, -8.56278317e-02,
       -8.54803234e-02, -8.52563605e-02, -8.49606147e-02, -8.45976946e-02,
       -8.41721260e-02, -8.36883357e-02, -8.31506365e-02, -8.25632145e-02,
       -8.19301190e-02, -8.12552530e-02, -8.05423669e-02, -7.97950526e-02,
       -7.90167402e-02, -7.82106950e-02, -7.73800171e-02, -7.65276411e-02,
       -7.56563371e-02, -7.47687132e-02, -7.38672179e-02, -7.29541439e-02,
       -7.20316325e-02, -7.11016776e-02, -7.01661316e-02, -6.92267101e-02,
       -6.82849980e-02, -6.73424553e-02, -6.64004228e-02, -6.54601284e-02,
       -6.45226927e-02, -6.35891355e-02, -6.26603813e-02, -6.17372653e-02,
       -6.08205389e-02, -5.99108753e-02, -5.90088745e-02, -5.81150690e-02,
       -5.72299281e-02, -5.63538628e-02, -5.54872305e-02, -5.46303386e-02,
       -5.37834492e-02, -5.29467825e-02, -5.21205204e-02, -5.13048097e-02,
       -5.04997655e-02, -4.97054741e-02, -4.89219954e-02, -4.81493656e-02,
       -4.73875997e-02, -4.66366935e-02, -4.58966255e-02, -4.51673589e-02,
       -4.44488433e-02, -4.37410162e-02, -4.30438043e-02, -4.23571249e-02,
       -4.16808873e-02, -4.10149935e-02, -4.03593393e-02, -3.97138153e-02,
       -3.90783078e-02, -3.84526990e-02, -3.78368682e-02, -3.72306922e-02,
       -3.66340457e-02, -3.60468019e-02, -3.54688330e-02, -3.49000102e-02,
       -3.43402046e-02, -3.37892869e-02, -3.32471280e-02, -3.27135993e-02,
       -3.21885726e-02, -3.16719205e-02, -3.11635163e-02, -3.06632346e-02,
       -3.01709509e-02, -2.96865419e-02, -2.92098857e-02, -2.87408617e-02,
       -2.82793506e-02, -2.78252347e-02, -2.73783978e-02, -2.69387251e-02,
       -2.65061034e-02, -2.60804210e-02, -2.56615680e-02, -2.52494357e-02,
       -2.48439172e-02, -2.44449072e-02, -2.40523019e-02, -2.36659990e-02,
       -2.32858979e-02, -2.29118993e-02, -2.25439057e-02, -2.21818209e-02,
       -2.18255503e-02, -2.14750008e-02, -2.11300806e-02, -2.07906995e-02,
       -2.04567688e-02, -2.01282008e-02, -1.98049098e-02, -1.94868109e-02,
       -1.91738208e-02, -1.88658575e-02, -1.85628404e-02, -1.82646901e-02,
       -1.79713284e-02, -1.76826784e-02, -1.73986644e-02, -1.71192121e-02,
       -1.68442482e-02, -1.65737006e-02, -1.63074984e-02, -1.60455718e-02,
       -1.57878521e-02, -1.55342717e-02, -1.52847643e-02, -1.50392643e-02,
       -1.47977075e-02, -1.45600304e-02, -1.43261708e-02, -1.40960673e-02,
       -1.38696597e-02, -1.36468885e-02, -1.34276954e-02, -1.32120229e-02,
       -1.29998144e-02, -1.27910143e-02, -1.25855679e-02, -1.23834212e-02,
       -1.21845214e-02, -1.19888162e-02, -1.17962544e-02, -1.16067854e-02,
       -1.14203595e-02, -1.12369280e-02, -1.10564426e-02, -1.08788562e-02,
       -1.07041220e-02, -1.05321944e-02, -1.03630281e-02, -1.01965790e-02,
       -1.00328033e-02, -9.87165801e-03, -9.71310101e-03, -9.55709068e-03,
       -9.40358611e-03, -9.25254706e-03, -9.10393392e-03, -8.95770773e-03,
       -8.81383015e-03, -8.67226347e-03, -8.53297055e-03, -8.39591488e-03,
       -8.26106053e-03, -8.12837214e-03, -7.99781492e-03, -7.86935463e-03,
       -7.74295760e-03, -7.61859069e-03, -7.49622129e-03, -7.37581732e-03,
       -7.25734720e-03, -7.14077988e-03, -7.02608479e-03, -6.91323187e-03,
       -6.80219151e-03, -6.69293462e-03, -6.58543254e-03, -6.47965708e-03,
       -6.37558052e-03, -6.27317557e-03, -6.17241538e-03, -6.07327352e-03,
       -5.97572401e-03, -5.87974126e-03, -5.78530012e-03, -5.69237582e-03,
       -5.60094400e-03, -5.51098068e-03, -5.42246229e-03, -5.33536560e-03,
       -5.24966778e-03, -5.16534637e-03, -5.08237926e-03, -5.00074469e-03,
       -4.92042126e-03, -4.84138791e-03, -4.76362391e-03, -4.68710889e-03,
       -4.61182277e-03, -4.53774583e-03, -4.46485863e-03, -4.39314206e-03,
       -4.32257733e-03, -4.25314593e-03, -4.18482966e-03, -4.11761061e-03,
       -4.05147114e-03, -3.98639393e-03, -3.92236191e-03, -3.85935828e-03,
       -3.79736654e-03, -3.73637042e-03, -3.67635394e-03, -3.61730136e-03,
       -3.55919719e-03, -3.50202621e-03, -3.44577342e-03, -3.39042407e-03,
       -3.33596365e-03, -3.28237789e-03, -3.22965273e-03, -3.17777435e-03,
       -3.12672914e-03, -3.07650373e-03, -3.02708495e-03, -2.97845983e-03,
       -2.93061563e-03, -2.88353981e-03, -2.83722002e-03, -2.79164411e-03,
       -2.74680015e-03, -2.70267636e-03, -2.65926119e-03, -2.61654325e-03,
       -2.57451133e-03, -2.53315442e-03, -2.49246168e-03, -2.45242243e-03,
       -2.41302618e-03, -2.37426260e-03, -2.33612153e-03, -2.29859296e-03,
       -2.26166706e-03, -2.22533413e-03, -2.18958467e-03, -2.15440930e-03,
       -2.11979878e-03, -2.08574405e-03, -2.05223618e-03, -2.01926639e-03,
       -1.98682602e-03, -1.95490658e-03, -1.92349969e-03, -1.89259713e-03,
       -1.86219078e-03, -1.83227268e-03, -1.80283497e-03, -1.77386996e-03,
       -1.74537003e-03, -1.71732771e-03, -1.68973567e-03, -1.66258665e-03,
       -1.63587354e-03, -1.60958934e-03, -1.58372716e-03, -1.55828021e-03,
       -1.53324183e-03, -1.50860545e-03, -1.48436460e-03, -1.46051294e-03,
       -1.43704421e-03, -1.41395226e-03, -1.39123103e-03, -1.36887456e-03,
       -1.34687700e-03, -1.32523258e-03, -1.30393561e-03, -1.28298053e-03,
       -1.26236182e-03, -1.24207410e-03, -1.22211203e-03, -1.20247039e-03,
       -1.18314402e-03, -1.16412786e-03, -1.14541692e-03, -1.12700629e-03,
       -1.10889115e-03, -1.09106676e-03, -1.07352843e-03, -1.05627156e-03,
       -1.03929164e-03, -1.02258421e-03, -1.00614489e-03, -9.89969366e-04,
       -9.74053404e-04, -9.58392828e-04, -9.42983533e-04, -9.27821476e-04,
       -9.12902685e-04, -8.98223246e-04, -8.83779312e-04, -8.69567094e-04,
       -8.55582868e-04, -8.41822966e-04, -8.28283780e-04, -8.14961761e-04,
       -8.01853417e-04, -7.88955309e-04, -7.76264057e-04, -7.63776332e-04,
       -7.51488861e-04, -7.39398422e-04, -7.27501845e-04, -7.15796012e-04,
       -7.04277851e-04, -6.92944345e-04, -6.81792521e-04, -6.70819456e-04,
       -6.60022272e-04, -6.49398138e-04, -6.38944269e-04, -6.28657925e-04,
       -6.18536408e-04, -6.08577064e-04, -5.98777282e-04, -5.89134493e-04,
       -5.79646168e-04, -5.70309821e-04, -5.61123002e-04, -5.52083303e-04,
       -5.43188355e-04, -5.34435824e-04, -5.25823417e-04, -5.17348874e-04,
       -5.09009975e-04, -5.00804533e-04, -4.92730396e-04, -4.84785447e-04,
       -4.76967604e-04, -4.69274816e-04, -4.61705067e-04, -4.54256372e-04,
       -4.46926778e-04, -4.39714363e-04, -4.32617237e-04, -4.25633538e-04,
       -4.18761435e-04, -4.11999127e-04, -4.05344840e-04, -3.98796831e-04,
       -3.92353381e-04, -3.86012802e-04, -3.79773432e-04, -3.73633634e-04,
       -3.67591798e-04, -3.61646341e-04, -3.55795704e-04, -3.50038352e-04,
       -3.44372776e-04, -3.38797492e-04, -3.33311036e-04, -3.27911970e-04,
       -3.22598880e-04, -3.17370371e-04, -3.12225073e-04, -3.07161638e-04,
       -3.02178736e-04, -2.97275063e-04, -2.92449331e-04, -2.87700277e-04,
       -2.83026655e-04, -2.78427239e-04, -2.73900823e-04, -2.69446221e-04,
       -2.65062266e-04, -2.60747806e-04, -2.56501712e-04, -2.52322869e-04,
       -2.48210183e-04, -2.44162575e-04, -2.40178983e-04, -2.36258364e-04,
       -2.32399689e-04, -2.28601947e-04, -2.24864141e-04, -2.21185293e-04,
       -2.17564437e-04, -2.14000623e-04, -2.10492919e-04, -2.07040403e-04,
       -2.03642171e-04, -2.00297332e-04, -1.97005008e-04, -1.93764337e-04,
       -1.90574469e-04, -1.87434567e-04, -1.84343809e-04, -1.81301383e-04,
       -1.78306493e-04, -1.75358353e-04, -1.72456189e-04, -1.69599242e-04,
       -1.66786762e-04, -1.64018011e-04, -1.61292265e-04, -1.58608807e-04,
       -1.55966934e-04, -1.53365955e-04, -1.50805186e-04, -1.48283957e-04,
       -1.45801606e-04, -1.43357483e-04, -1.40950946e-04, -1.38581366e-04,
       -1.36248119e-04, -1.33950596e-04, -1.31688193e-04, -1.29460317e-04,
       -1.27266384e-04, -1.25105819e-04, -1.22978055e-04, -1.20882535e-04,
       -1.18818709e-04, -1.16786036e-04, -1.14783983e-04, -1.12812024e-04,
       -1.10869644e-04, -1.08956333e-04, -1.07071589e-04, -1.05214918e-04,
       -1.03385833e-04, -1.01583855e-04, -9.98085103e-05, -9.80593348e-05,
       -9.63358694e-05, -9.46376622e-05, -9.29642679e-05, -9.13152478e-05,
       -8.96901696e-05, -8.80886071e-05, -8.65101405e-05, -8.49543559e-05,
       -8.34208453e-05, -8.19092068e-05, -8.04190440e-05, -7.89499661e-05,
       -7.75015881e-05, -7.60735301e-05, -7.46654178e-05, -7.32768819e-05,
       -7.19075584e-05, -7.05570882e-05, -6.92251173e-05, -6.79112965e-05,
       -6.66152813e-05, -6.53367319e-05, -6.40753130e-05, -6.28306940e-05,
       -6.16025485e-05, -6.03905544e-05, -5.91943942e-05, -5.80137540e-05,
       -5.68483244e-05, -5.56977998e-05, -5.45618785e-05, -5.34402628e-05,
       -5.23326585e-05, -5.12387752e-05, -5.01583262e-05, -4.90910281e-05,
       -4.80366012e-05, -4.69947689e-05, -4.59652581e-05, -4.49477990e-05,
       -4.39421246e-05, -4.29479714e-05, -4.19650786e-05, -4.09931886e-05,
       -4.00320466e-05, -3.90814005e-05, -3.81410012e-05, -3.72106020e-05,
       -3.62899590e-05, -3.53788308e-05, -3.44769786e-05, -3.35841658e-05,
       -3.27001585e-05, -3.18247248e-05, -3.09576351e-05, -3.00986622e-05,
       -2.92475808e-05, -2.84041679e-05, -2.75682022e-05, -2.67394645e-05,
       -2.59177377e-05, -2.51028062e-05, -2.42944563e-05, -2.34924763e-05,
       -2.26966556e-05, -2.19067858e-05, -2.11226597e-05, -2.03440718e-05,
       -1.95708178e-05, -1.88026950e-05, -1.80395022e-05, -1.72810391e-05,
       -1.65271068e-05, -1.57775079e-05, -1.50320455e-05, -1.42905245e-05,
       -1.35527502e-05, -1.28185294e-05, -1.20876694e-05, -1.13599786e-05,
       -1.06352663e-05, -9.91334251e-06, -9.19401784e-06, -8.47710375e-06,
       -7.76241225e-06, -7.04975598e-06, -6.33894807e-06, -5.62980217e-06,
       -4.92213234e-06, -4.21575303e-06, -3.51047905e-06, -2.80612548e-06,
       -2.10250764e-06, -1.39944106e-06, -6.96741395e-07,  5.77559228e-09])], 2: []}
KEDs = {0: [array([ 0.00000000e+00,  4.32031480e-22,  1.29917775e-21,  2.60762742e-21,
        4.36671859e-21,  6.58900549e-21,  9.29034805e-21,  1.24900251e-20,
        1.62108720e-20,  2.04794436e-20,  2.53262036e-20,  3.07857423e-20,
        3.68970230e-20,  4.37036606e-20,  5.12542324e-20,  5.96026251e-20,
        6.88084192e-20,  7.89373142e-20,  9.00615978e-20,  1.02260661e-19,
        1.15621566e-19,  1.30239667e-19,  1.46219289e-19,  1.63674475e-19,
        1.82729799e-19,  2.03521254e-19,  2.26197223e-19,  2.50919541e-19,
        2.77864643e-19,  3.07224832e-19,  3.39209644e-19,  3.74047346e-19,
        4.11986568e-19,  4.53298072e-19,  4.98276690e-19,  5.47243422e-19,
        6.00547734e-19,  6.58570044e-19,  7.21724446e-19,  7.90461657e-19,
        8.65272238e-19,  9.46690095e-19,  1.03529629e-18,  1.13172318e-18,
        1.23665894e-18,  1.35085248e-18,  1.47511877e-18,  1.61034466e-18,
        1.75749524e-18,  1.91762067e-18,  2.09186375e-18,  2.28146800e-18,
        2.48778658e-18,  2.71229194e-18,  2.95658631e-18,  3.22241319e-18,
        3.51166969e-18,  3.82642019e-18,  4.16891098e-18,  4.54158634e-18,
        4.94710596e-18,  5.38836395e-18,  5.86850945e-18,  6.39096916e-18,
        6.95947173e-18,  7.57807446e-18,  8.25119215e-18,  8.98362868e-18,
        9.78061129e-18,  1.06478279e-17,  1.15914675e-17,  1.26182647e-17,
        1.37355476e-17,  1.49512899e-17,  1.62741680e-17,  1.77136231e-17,
        1.92799281e-17,  2.09842615e-17,  2.28387867e-17,  2.48567390e-17,
        2.70525199e-17,  2.94418004e-17,  3.20416321e-17,  3.48705695e-17,
        3.79488019e-17,  4.12982980e-17,  4.49429624e-17,  4.89088061e-17,
        5.32241325e-17,  5.79197391e-17,  6.30291373e-17,  6.85887915e-17,
        7.46383799e-17,  8.12210769e-17,  8.83838616e-17,  9.61778532e-17,
        1.04658676e-16,  1.13886854e-16,  1.23928249e-16,  1.34854522e-16,
        1.46743652e-16,  1.59680489e-16,  1.73757360e-16,  1.89074729e-16,
        2.05741911e-16,  2.23877858e-16,  2.43611999e-16,  2.65085175e-16,
        2.88450633e-16,  3.13875127e-16,  3.41540106e-16,  3.71643009e-16,
        4.04398672e-16,  4.40040865e-16,  4.78823959e-16,  5.21024738e-16,
        5.66944381e-16,  6.16910604e-16,  6.71280005e-16,  7.30440605e-16,
        7.94814621e-16,  8.64861473e-16,  9.41081070e-16,  1.02401737e-15,
        1.11426228e-15,  1.21245984e-15,  1.31931088e-15,  1.43557797e-15,
        1.56209086e-15,  1.69975246e-15,  1.84954523e-15,  2.01253820e-15,
        2.18989461e-15,  2.38288022e-15,  2.59287232e-15,  2.82136956e-15,
        3.07000269e-15,  3.34054614e-15,  3.63493071e-15,  3.95525736e-15,
        4.30381218e-15,  4.68308273e-15,  5.09577577e-15,  5.54483660e-15,
        6.03347005e-15,  6.56516339e-15,  7.14371118e-15,  7.77324240e-15,
        8.45824984e-15,  9.20362226e-15,  1.00146792e-14,  1.08972090e-14,
        1.18575100e-14,  1.29024357e-14,  1.40394435e-14,  1.52766479e-14,
        1.66228787e-14,  1.80877434e-14,  1.96816965e-14,  2.14161137e-14,
        2.33033730e-14,  2.53569435e-14,  2.75914810e-14,  3.00229328e-14,
        3.26686516e-14,  3.55475194e-14,  3.86800819e-14,  4.20886954e-14,
        4.57976865e-14,  4.98335253e-14,  5.42250147e-14,  5.90034957e-14,
        6.42030712e-14,  6.98608494e-14,  7.60172084e-14,  8.27160848e-14,
        9.00052868e-14,  9.79368359e-14,  1.06567337e-13,  1.15958386e-13,
        1.26177002e-13,  1.37296114e-13,  1.49395077e-13,  1.62560237e-13,
        1.76885552e-13,  1.92473259e-13,  2.09434602e-13,  2.27890630e-13,
        2.47973062e-13,  2.69825219e-13,  2.93603055e-13,  3.19476268e-13,
        3.47629508e-13,  3.78263699e-13,  4.11597469e-13,  4.47868713e-13,
        4.87336292e-13,  5.30281876e-13,  5.77011957e-13,  6.27860037e-13,
        6.83189007e-13,  7.43393736e-13,  8.08903892e-13,  8.80187005e-13,
        9.57751806e-13,  1.04215186e-12,  1.13398950e-12,  1.23392016e-12,
        1.34265702e-12,  1.46097611e-12,  1.58972184e-12,  1.72981304e-12,
        1.88224950e-12,  2.04811915e-12,  2.22860573e-12,  2.42499735e-12,
        2.63869561e-12,  2.87122562e-12,  3.12424689e-12,  3.39956517e-12,
        3.69914535e-12,  4.02512547e-12,  4.37983195e-12,  4.76579627e-12,
        5.18577295e-12,  5.64275928e-12,  6.14001665e-12,  6.68109387e-12,
        7.26985249e-12,  7.91049434e-12,  8.60759152e-12,  9.36611906e-12,
        1.01914904e-11,  1.10895960e-11,  1.20668454e-11,  1.31302131e-11,
        1.42872880e-11,  1.55463279e-11,  1.69163183e-11,  1.84070365e-11,
        2.00291214e-11,  2.17941494e-11,  2.37147171e-11,  2.58045312e-11,
        2.80785061e-11,  3.05528707e-11,  3.32452839e-11,  3.61749609e-11,
        3.93628101e-11,  4.28315823e-11,  4.66060335e-11,  5.07131009e-11,
        5.51820956e-11,  6.00449119e-11,  6.53362545e-11,  7.10938863e-11,
        7.73588982e-11,  8.41760020e-11,  9.15938497e-11,  9.96653804e-11,
        1.08448199e-10,  1.18004985e-10,  1.28403943e-10,  1.39719288e-10,
        1.52031774e-10,  1.65429270e-10,  1.80007391e-10,  1.95870175e-10,
        2.13130828e-10,  2.31912533e-10,  2.52349326e-10,  2.74587054e-10,
        2.98784414e-10,  3.25114088e-10,  3.53763972e-10,  3.84938515e-10,
        4.18860181e-10,  4.55771032e-10,  4.95934454e-10,  5.39637035e-10,
        5.87190607e-10,  6.38934464e-10,  6.95237785e-10,  7.56502255e-10,
        8.23164928e-10,  8.95701333e-10,  9.74628854e-10,  1.06051041e-09,
        1.15395843e-09,  1.25563924e-09,  1.36627775e-09,  1.48666257e-09,
        1.61765163e-09,  1.76017823e-09,  1.91525758e-09,  2.08399398e-09,
        2.26758859e-09,  2.46734779e-09,  2.68469240e-09,  2.92116753e-09,
        3.17845336e-09,  3.45837677e-09,  3.76292399e-09,  4.09425424e-09,
        4.45471458e-09,  4.84685588e-09,  5.27345018e-09,  5.73750940e-09,
        6.24230554e-09,  6.79139253e-09,  7.38862978e-09,  8.03820755e-09,
        8.74467424e-09,  9.51296588e-09,  1.03484377e-08,  1.12568979e-08,
        1.22446446e-08,  1.33185042e-08,  1.44858738e-08,  1.57547653e-08,
        1.71338538e-08,  1.86325280e-08,  2.02609446e-08,  2.20300860e-08,
        2.39518215e-08,  2.60389723e-08,  2.83053802e-08,  3.07659801e-08,
        3.34368767e-08,  3.63354250e-08,  3.94803149e-08,  4.28916595e-08,
        4.65910880e-08,  5.06018422e-08,  5.49488759e-08,  5.96589595e-08,
        6.47607862e-08,  7.02850819e-08,  7.62647174e-08,  8.27348226e-08,
        8.97329009e-08,  9.72989452e-08,  1.05475552e-07,  1.14308033e-07,
        1.23844526e-07,  1.34136096e-07,  1.45236832e-07,  1.57203930e-07,
        1.70097770e-07,  1.83981968e-07,  1.98923414e-07,  2.14992278e-07,
        2.32261994e-07,  2.50809197e-07,  2.70713626e-07,  2.92057964e-07,
        3.14927627e-07,  3.39410469e-07,  3.65596413e-07,  3.93576981e-07,
        4.23444705e-07,  4.55292420e-07,  4.89212401e-07,  5.25295341e-07,
        5.63629130e-07,  6.04297437e-07,  6.47378045e-07,  6.92940932e-07,
        7.41046065e-07,  7.91740879e-07,  8.45057414e-07,  9.01009095e-07,
        9.59587113e-07,  1.02075640e-06,  1.08445116e-06,  1.15057001e-06,
        1.21897058e-06,  1.28946378e-06,  1.36180751e-06,  1.43570011e-06,
        1.51077327e-06,  1.58658481e-06,  1.66261108e-06,  1.73823927e-06,
        1.81275978e-06,  1.88535860e-06,  1.95511013e-06,  2.02097040e-06,
        2.08177114e-06,  2.13621487e-06,  2.18287125e-06,  2.22017514e-06,
        2.24642662e-06,  2.25979341e-06,  2.25831596e-06,  2.23991571e-06,
        2.20240680e-06,  2.14351159e-06,  2.06088039e-06,  1.95211545e-06,
        1.81479966e-06,  1.64652985e-06,  1.44495474e-06,  1.20781746e-06,
        9.33002253e-07,  6.18584981e-07,  2.62886805e-07, -1.35469792e-07,
       -5.77503593e-07, -1.06381704e-06, -1.59453975e-06, -2.16927465e-06,
       -2.78704836e-06, -3.44626748e-06, -4.14468257e-06, -4.87936153e-06,
       -5.64667403e-06, -6.44228854e-06, -7.26118327e-06, -8.09767204e-06,
       -8.94544592e-06, -9.79763080e-06, -1.06468609e-05, -1.14853677e-05,
       -1.23050830e-05, -1.30977545e-05, -1.38550725e-05, -1.45688040e-05,
       -1.52309326e-05, -1.58337999e-05, -1.63702456e-05, -1.68337423e-05,
       -1.72185223e-05, -1.75196918e-05, -1.77333297e-05, -1.78565689e-05,
       -1.78876570e-05, -1.78259944e-05, -1.76721494e-05, -1.74278493e-05,
       -1.70959478e-05, -1.66803699e-05, -1.61860350e-05, -1.56187612e-05,
       -1.49851536e-05, -1.42924789e-05, -1.35485297e-05, -1.27614834e-05,
       -1.19397575e-05, -1.10918663e-05, -1.02262817e-05, -9.35130120e-06,
       -8.47492615e-06, -7.60475258e-06, -6.74787594e-06, -5.91081162e-06,
       -5.09943171e-06, -4.31891849e-06, -3.57373431e-06, -2.86760739e-06,
       -2.20353244e-06, -1.58378493e-06, -1.00994733e-06, -4.82945848e-07,
       -3.09554098e-09,  4.29847695e-07,  8.16630320e-07,  1.15844115e-06,
        1.45684984e-06,  1.71374528e-06,  1.93127524e-06,  2.11178837e-06,
        2.25777950e-06,  2.37183884e-06,  2.45660577e-06,  2.51472751e-06,
        2.54882276e-06,  2.56145053e-06,  2.55508395e-06,  2.53208892e-06,
        2.49470733e-06,  2.44504454e-06,  2.38506069e-06,  2.31656550e-06,
        2.24121611e-06,  2.16051755e-06,  2.07582539e-06,  1.98835033e-06,
        1.89916410e-06,  1.80920664e-06,  1.71929403e-06,  1.63012699e-06,
        1.54229973e-06,  1.45630890e-06,  1.37256247e-06,  1.29138854e-06,
        1.21304368e-06,  1.13772103e-06,  1.06555791e-06,  9.96642897e-07,
        9.31022426e-07,  8.68706875e-07,  8.09676074e-07,  7.53884317e-07,
        7.01264862e-07,  6.51733938e-07,  6.05194306e-07,  5.61538375e-07,
        5.20650933e-07,  4.82411500e-07,  4.46696353e-07,  4.13380245e-07,
        3.82337851e-07,  3.53444970e-07,  3.26579513e-07,  3.01622297e-07,
        2.78457673e-07,  2.56974010e-07,  2.37064053e-07,  2.18625172e-07,
        2.01559525e-07,  1.85774135e-07,  1.71180912e-07,  1.57696620e-07,
        1.45242795e-07,  1.33745637e-07,  1.23135872e-07,  1.13348591e-07,
        1.04323076e-07,  9.60026206e-08,  8.83343323e-08,  8.12689439e-08,
        7.47606174e-08,  6.87667510e-08,  6.32477902e-08,  5.81670428e-08,
        5.34905005e-08,  4.91866661e-08,  4.52263892e-08,  4.15827081e-08,
        3.82307004e-08,  3.51473412e-08,  3.23113689e-08,  2.97031595e-08,
        2.73046073e-08,  2.50990144e-08,  2.30709859e-08,  2.12063333e-08,
        1.94919831e-08,  1.79158927e-08,  1.64669716e-08,  1.51350084e-08,
        1.39106027e-08,  1.27851025e-08,  1.17505458e-08,  1.07996065e-08,
        9.92554459e-09,  9.12216007e-09,  8.38375012e-09,  7.70506982e-09,
        7.08129578e-09,  6.50799258e-09,  5.98108189e-09,  5.49681387e-09,
        5.05174100e-09,  4.64269378e-09,  4.26675846e-09,  3.92125651e-09,
        3.60372574e-09,  3.31190284e-09,  3.04370741e-09,  2.79722723e-09,
        2.57070467e-09,  2.36252425e-09,  2.17120114e-09,  1.99537066e-09,
        1.83377851e-09,  1.68527191e-09,  1.54879136e-09,  1.42336312e-09,
        1.30809227e-09,  1.20215632e-09,  1.10479937e-09,  1.01532672e-09,
        9.33099906e-10,  8.57532169e-10,  7.88084251e-10,  7.24260559e-10,
        6.65605632e-10,  6.11700888e-10,  5.62161642e-10,  5.16634358e-10,
        4.74794133e-10,  4.36342371e-10,  4.01004658e-10,  3.68528802e-10,
        3.38683036e-10,  3.11254361e-10,  2.86047028e-10,  2.62881138e-10,
        2.41591366e-10,  2.22025771e-10,  2.04044719e-10,  1.87519885e-10,
        1.72333335e-10,  1.58376687e-10,  1.45550336e-10,  1.33762743e-10,
        1.22929784e-10,  1.12974146e-10,  1.03824778e-10,  9.54163840e-11,
        8.76889545e-11,  8.05873410e-11,  7.40608609e-11,  6.80629364e-11,
        6.25507617e-11,  5.74849978e-11,  5.28294913e-11,  4.85510173e-11,
        4.46190411e-11,  4.10055011e-11,  3.76846085e-11,  3.46326627e-11,
        3.18278828e-11,  2.92502517e-11,  2.68813735e-11,  2.47043420e-11,
        2.27036203e-11,  2.08649296e-11,  1.91751478e-11,  1.76222151e-11,
        1.61950488e-11,  1.48834634e-11,  1.36780985e-11,  1.25703517e-11,
        1.15523172e-11,  1.06167296e-11,  9.75691178e-12,  8.96672745e-12,
        8.24053723e-12,  7.57315849e-12,  6.95982830e-12,  6.39616947e-12,
        5.87815929e-12,  5.40210085e-12,  4.96459663e-12,  4.56252427e-12,
        4.19301428e-12,  3.85342953e-12,  3.54134651e-12,  3.25453794e-12,
        2.99095695e-12,  2.74872241e-12,  2.52610555e-12,  2.32151761e-12,
        2.13349850e-12,  1.96070637e-12,  1.80190803e-12,  1.65597019e-12,
        1.52185132e-12,  1.39859424e-12,  1.28531930e-12,  1.18121808e-12,
        1.08554763e-12,  9.97625184e-13,  9.16823252e-13,  8.42565171e-13,
        7.74320979e-13,  7.11603633e-13,  6.53965535e-13,  6.00995334e-13,
        5.52314994e-13,  5.07577097e-13,  4.66462357e-13,  4.28677349e-13,
        3.93952410e-13,  3.62039716e-13,  3.32711514e-13,  3.05758495e-13,
        2.80988302e-13,  2.58224157e-13,  2.37303595e-13,  2.18077313e-13,
        2.00408097e-13,  1.84169847e-13,  1.69246672e-13,  1.55532071e-13,
        1.42928165e-13,  1.31345003e-13,  1.20699919e-13,  1.10916942e-13,
        1.01926252e-13,  9.36636855e-14,  8.60702742e-14,  7.90918257e-14,
        7.26785366e-14,  6.67846365e-14,  6.13680623e-14,  5.63901570e-14,
        5.18153946e-14,  4.76111259e-14,  4.37473462e-14,  4.01964806e-14,
        3.69331873e-14,  3.39341770e-14,  3.11780465e-14,  2.86451260e-14,
        2.63173384e-14,  2.41780711e-14,  2.22120565e-14,  2.04052637e-14,
        1.87447980e-14,  1.72188091e-14,  1.58164062e-14,  1.45275809e-14,
        1.33431351e-14,  1.22546156e-14,  1.12542539e-14,  1.03349108e-14,
        9.49002504e-15,  8.71356688e-15,  7.99999494e-15,  7.34421662e-15,
        6.74155179e-15,  6.18769937e-15,  5.67870664e-15,  5.21094105e-15,
        4.78106425e-15,  4.38600833e-15,  4.02295386e-15,  3.68930981e-15,
        3.38269503e-15,  3.10092129e-15,  2.84197763e-15,  2.60401605e-15,
        2.38533825e-15,  2.18438359e-15,  1.99971791e-15,  1.83002328e-15,
        1.67408864e-15,  1.53080111e-15,  1.39913810e-15,  1.27815994e-15,
        1.16700325e-15,  1.06487473e-15,  9.71045511e-16,  8.84845956e-16,
        8.05660878e-16,  7.32925154e-16,  6.66119685e-16,  6.04767696e-16,
        5.48431332e-16,  4.96708535e-16,  4.49230170e-16,  4.05657396e-16,
        3.65679245e-16,  3.29010400e-16,  2.95389167e-16,  2.64575597e-16,
        2.36349782e-16,  2.10510280e-16,  1.86872681e-16,  1.65268290e-16,
        1.45542920e-16,  1.27555797e-16,  1.11178550e-16,  9.62942989e-17,
        8.27968185e-17,  7.05897802e-17,  5.95860654e-17,  4.97071431e-17,
        4.08825098e-17,  3.30491861e-17,  2.61512675e-17,  2.01395251e-17,
        1.49710545e-17,  1.06089697e-17,  7.02213929e-18,  4.18496506e-18,
        2.07719873e-18,  6.83797660e-19, -5.18251516e-21,  5.34111100e-21,
        7.15443643e-19,  2.13019292e-18,  4.25968566e-18,  7.11911957e-18,
        1.07289017e-17,  1.51147944e-17,  2.03080985e-17,  2.63458775e-17,
        3.32712217e-17,  4.11335555e-17,  4.99889906e-17,  5.99007262e-17,
        7.09394999e-17,  8.31840930e-17,  9.67218921e-17,  1.11649513e-16,
        1.28073492e-16,  1.46111041e-16,  1.65890892e-16,  1.87554207e-16,
        2.11255594e-16,  2.37164203e-16,  2.65464937e-16,  2.96359773e-16,
        3.30069200e-16,  3.66833794e-16,  4.06915936e-16,  4.50601681e-16,
        4.98202805e-16,  5.50059026e-16,  6.06540430e-16,  6.68050111e-16,
        7.35027049e-16,  8.07949243e-16,  8.87337122e-16,  9.73757257e-16,
        1.06782641e-15,  1.17021593e-15,  1.28165654e-15,  1.40294358e-15,
        1.53494264e-15,  1.67859576e-15,  1.83492817e-15,  2.00505556e-15,
        2.19019211e-15,  2.39165908e-15,  2.61089431e-15,  2.84946241e-15,
        3.10906599e-15,  3.39155779e-15,  3.69895388e-15,  4.03344807e-15,
        4.39742758e-15,  4.79349003e-15,  5.22446203e-15,  5.69341933e-15,
        6.20370876e-15,  6.75897214e-15,  7.36317226e-15,  8.02062115e-15,
        8.73601086e-15,  9.51444697e-15,  1.03614850e-14,  1.12831700e-14,
        1.22860799e-14,  1.33773722e-14,  1.45648352e-14,  1.58569436e-14,
        1.72629188e-14,  1.87927949e-14,  2.04574902e-14,  2.22688855e-14,
        2.42399080e-14,  2.63846247e-14,  2.87183417e-14,  3.12577143e-14,
        3.40208654e-14,  3.70275149e-14,  4.02991207e-14,  4.38590313e-14,
        4.77326531e-14,  5.19476311e-14,  5.65340466e-14,  6.15246319e-14,
        6.69550036e-14,  7.28639169e-14,  7.92935424e-14,  8.62897667e-14,
        9.39025204e-14,  1.02186134e-13,  1.11199725e-13,  1.21007622e-13,
        1.31679822e-13,  1.43292489e-13,  1.55928500e-13,  1.69678036e-13,
        1.84639224e-13,  2.00918838e-13,  2.18633062e-13,  2.37908318e-13,
        2.58882169e-13,  2.81704301e-13,  3.06537590e-13,  3.33559265e-13,
        3.62962174e-13,  3.94956157e-13,  4.29769550e-13,  4.67650806e-13,
        5.08870275e-13,  5.53722132e-13,  6.02526472e-13,  6.55631602e-13,
        7.13416519e-13,  7.76293622e-13,  8.44711650e-13,  9.19158885e-13,
        1.00016664e-12,  1.08831305e-12,  1.18422719e-12,  1.28859358e-12,
        1.40215707e-12,  1.52572811e-12,  1.66018862e-12,  1.80649820e-12,
        1.96570104e-12,  2.13893332e-12,  2.32743136e-12,  2.53254044e-12,
        2.75572436e-12,  2.99857593e-12,  3.26282833e-12,  3.55036748e-12,
        3.86324545e-12,  4.20369520e-12,  4.57414644e-12,  4.97724298e-12,
        5.41586163e-12,  5.89313271e-12,  6.41246240e-12,  6.97755701e-12,
        7.59244951e-12,  8.26152824e-12,  8.98956824e-12,  9.78176538e-12,
        1.06437734e-11,  1.15817442e-11,  1.26023719e-11,  1.37129404e-11,
        1.49213757e-11,  1.62363020e-11,  1.76671037e-11,  1.92239920e-11,
        2.09180782e-11,  2.27614525e-11,  2.47672705e-11,  2.69498475e-11,
        2.93247599e-11,  3.19089569e-11,  3.47208813e-11,  3.77806012e-11,
        4.11099530e-11,  4.47326976e-11,  4.86746896e-11,  5.29640621e-11,
        5.76314274e-11,  6.27100953e-11,  6.82363111e-11,  7.42495141e-11,
        8.07926191e-11,  8.79123227e-11,  9.56594366e-11,  1.04089250e-10,
        1.13261925e-10,  1.23242924e-10,  1.34103479e-10,  1.45921100e-10,
        1.58780127e-10,  1.72772330e-10,  1.87997570e-10,  2.04564505e-10,
        2.22591369e-10,  2.42206816e-10,  2.63550837e-10,  2.86775759e-10,
        3.12047333e-10,  3.39545915e-10,  3.69467758e-10,  4.02026406e-10,
        4.37454223e-10,  4.76004048e-10,  5.17951002e-10,  5.63594452e-10,
        6.13260143e-10,  6.67302529e-10,  7.26107296e-10,  7.90094121e-10,
        8.59719662e-10,  9.35480821e-10,  1.01791829e-09,  1.10762040e-09,
        1.20522733e-09,  1.31143570e-09,  1.42700347e-09,  1.55275542e-09,
        1.68958903e-09,  1.83848084e-09,  2.00049346e-09,  2.17678313e-09,
        2.36860798e-09,  2.57733704e-09,  2.80445994e-09,  3.05159762e-09,
        3.32051383e-09,  3.61312776e-09, -0.00000000e+00, -0.00000000e+00])], 1: [array([ 0.00000000e+00,  2.15448401e-14,  6.46571170e-14,  1.29382048e-13,
        2.15787518e-13,  3.23964151e-13,  4.54025406e-13,  6.06107694e-13,
        7.80370522e-13,  9.76996662e-13,  1.19619234e-12,  1.43818745e-12,
        1.70323581e-12,  1.99161541e-12,  2.30362870e-12,  2.63960293e-12,
        2.99989048e-12,  3.38486923e-12,  3.79494296e-12,  4.23054175e-12,
        4.69212248e-12,  5.18016926e-12,  5.69519397e-12,  6.23773677e-12,
        6.80836671e-12,  7.40768226e-12,  8.03631202e-12,  8.69491529e-12,
        9.38418285e-12,  1.01048376e-11,  1.08576354e-11,  1.16433658e-11,
        1.24628529e-11,  1.33169561e-11,  1.42065714e-11,  1.51326316e-11,
        1.60961082e-11,  1.70980117e-11,  1.81393927e-11,  1.92213437e-11,
        2.03449993e-11,  2.15115381e-11,  2.27221835e-11,  2.39782054e-11,
        2.52809210e-11,  2.66316967e-11,  2.80319492e-11,  2.94831472e-11,
        3.09868126e-11,  3.25445226e-11,  3.41579110e-11,  3.58286698e-11,
        3.75585514e-11,  3.93493703e-11,  4.12030045e-11,  4.31213983e-11,
        4.51065637e-11,  4.71605828e-11,  4.92856099e-11,  5.14838738e-11,
        5.37576800e-11,  5.61094135e-11,  5.85415407e-11,  6.10566126e-11,
        6.36572670e-11,  6.63462315e-11,  6.91263264e-11,  7.20004675e-11,
        7.49716693e-11,  7.80430480e-11,  8.12178251e-11,  8.44993302e-11,
        8.78910051e-11,  9.13964071e-11,  9.50192127e-11,  9.87632215e-11,
        1.02632361e-10,  1.06630688e-10,  1.10762397e-10,  1.15031821e-10,
        1.19443438e-10,  1.24001875e-10,  1.28711913e-10,  1.33578492e-10,
        1.38606716e-10,  1.43801859e-10,  1.49169370e-10,  1.54714879e-10,
        1.60444201e-10,  1.66363345e-10,  1.72478520e-10,  1.78796140e-10,
        1.85322831e-10,  1.92065437e-10,  1.99031031e-10,  2.06226919e-10,
        2.13660647e-10,  2.21340012e-10,  2.29273069e-10,  2.37468138e-10,
        2.45933815e-10,  2.54678977e-10,  2.63712798e-10,  2.73044752e-10,
        2.82684627e-10,  2.92642534e-10,  3.02928916e-10,  3.13554562e-10,
        3.24530616e-10,  3.35868591e-10,  3.47580378e-10,  3.59678260e-10,
        3.72174927e-10,  3.85083484e-10,  3.98417472e-10,  4.12190874e-10,
        4.26418137e-10,  4.41114182e-10,  4.56294424e-10,  4.71974783e-10,
        4.88171705e-10,  5.04902179e-10,  5.22183751e-10,  5.40034548e-10,
        5.58473290e-10,  5.77519318e-10,  5.97192607e-10,  6.17513790e-10,
        6.38504183e-10,  6.60185798e-10,  6.82581378e-10,  7.05714410e-10,
        7.29609158e-10,  7.54290682e-10,  7.79784870e-10,  8.06118460e-10,
        8.33319071e-10,  8.61415233e-10,  8.90436412e-10,  9.20413048e-10,
        9.51376581e-10,  9.83359485e-10,  1.01639531e-09,  1.05051869e-09,
        1.08576543e-09,  1.12217249e-09,  1.15977806e-09,  1.19862158e-09,
        1.23874378e-09,  1.28018676e-09,  1.32299397e-09,  1.36721031e-09,
        1.41288216e-09,  1.46005743e-09,  1.50878558e-09,  1.55911772e-09,
        1.61110666e-09,  1.66480690e-09,  1.72027478e-09,  1.77756847e-09,
        1.83674806e-09,  1.89787563e-09,  1.96101528e-09,  2.02623323e-09,
        2.09359789e-09,  2.16317991e-09,  2.23505227e-09,  2.30929035e-09,
        2.38597202e-09,  2.46517770e-09,  2.54699046e-09,  2.63149612e-09,
        2.71878329e-09,  2.80894354e-09,  2.90207142e-09,  2.99826460e-09,
        3.09762399e-09,  3.20025378e-09,  3.30626162e-09,  3.41575870e-09,
        3.52885985e-09,  3.64568370e-09,  3.76635278e-09,  3.89099364e-09,
        4.01973702e-09,  4.15271794e-09,  4.29007587e-09,  4.43195489e-09,
        4.57850380e-09,  4.72987629e-09,  4.88623114e-09,  5.04773234e-09,
        5.21454926e-09,  5.38685687e-09,  5.56483590e-09,  5.74867301e-09,
        5.93856100e-09,  6.13469906e-09,  6.33729287e-09,  6.54655494e-09,
        6.76270475e-09,  6.98596898e-09,  7.21658182e-09,  7.45478512e-09,
        7.70082873e-09,  7.95497071e-09,  8.21747759e-09,  8.48862471e-09,
        8.76869645e-09,  9.05798656e-09,  9.35679845e-09,  9.66544553e-09,
        9.98425150e-09,  1.03135507e-08,  1.06536886e-08,  1.10050219e-08,
        1.13679191e-08,  1.17427608e-08,  1.21299401e-08,  1.25298631e-08,
        1.29429493e-08,  1.33696319e-08,  1.38103584e-08,  1.42655912e-08,
        1.47358076e-08,  1.52215008e-08,  1.57231802e-08,  1.62413720e-08,
        1.67766197e-08,  1.73294847e-08,  1.79005469e-08,  1.84904051e-08,
        1.90996780e-08,  1.97290047e-08,  2.03790452e-08,  2.10504812e-08,
        2.17440171e-08,  2.24603801e-08,  2.32003217e-08,  2.39646179e-08,
        2.47540703e-08,  2.55695069e-08,  2.64117830e-08,  2.72817819e-08,
        2.81804161e-08,  2.91086282e-08,  3.00673915e-08,  3.10577118e-08,
        3.20806276e-08,  3.31372117e-08,  3.42285724e-08,  3.53558542e-08,
        3.65202394e-08,  3.77229491e-08,  3.89652447e-08,  4.02484289e-08,
        4.15738475e-08,  4.29428904e-08,  4.43569931e-08,  4.58176386e-08,
        4.73263582e-08,  4.88847339e-08,  5.04943993e-08,  5.21570418e-08,
        5.38744041e-08,  5.56482859e-08,  5.74805458e-08,  5.93731032e-08,
        6.13279402e-08,  6.33471034e-08,  6.54327059e-08,  6.75869295e-08,
        6.98120263e-08,  7.21103212e-08,  7.44842137e-08,  7.69361800e-08,
        7.94687749e-08,  8.20846337e-08,  8.47864745e-08,  8.75770997e-08,
        9.04593976e-08,  9.34363442e-08,  9.65110044e-08,  9.96865333e-08,
        1.02966177e-07,  1.06353271e-07,  1.09851246e-07,  1.13463619e-07,
        1.17193999e-07,  1.21046081e-07,  1.25023648e-07,  1.29130558e-07,
        1.33370751e-07,  1.37748232e-07,  1.42267068e-07,  1.46931379e-07,
        1.51745322e-07,  1.56713082e-07,  1.61838848e-07,  1.67126801e-07,
        1.72581084e-07,  1.78205778e-07,  1.84004871e-07,  1.89982219e-07,
        1.96141508e-07,  2.02486206e-07,  2.09019507e-07,  2.15744276e-07,
        2.22662979e-07,  2.29777606e-07,  2.37089591e-07,  2.44599716e-07,
        2.52308010e-07,  2.60213633e-07,  2.68314756e-07,  2.76608422e-07,
        2.85090396e-07,  2.93755013e-07,  3.02594994e-07,  3.11601270e-07,
        3.20762772e-07,  3.30066226e-07,  3.39495922e-07,  3.49033473e-07,
        3.58657561e-07,  3.68343673e-07,  3.78063818e-07,  3.87786238e-07,
        3.97475106e-07,  4.07090213e-07,  4.16586645e-07,  4.25914458e-07,
        4.35018342e-07,  4.43837274e-07,  4.52304185e-07,  4.60345603e-07,
        4.67881314e-07,  4.74824010e-07,  4.81078952e-07,  4.86543624e-07,
        4.91107401e-07,  4.94651222e-07,  4.97047263e-07,  4.98158627e-07,
        4.97839032e-07,  4.95932518e-07,  4.92273148e-07,  4.86684732e-07,
        4.78980544e-07,  4.68963057e-07,  4.56423676e-07,  4.41142484e-07,
        4.22887995e-07,  4.01416907e-07,  3.76473880e-07,  3.47791315e-07,
        3.15089162e-07,  2.78074752e-07,  2.36442668e-07,  1.89874665e-07,
        1.38039662e-07,  8.05938220e-08,  1.71807421e-08, -5.25682034e-08,
       -1.29033344e-07, -2.12605972e-07, -3.03687323e-07, -4.02687248e-07,
       -5.10022486e-07, -6.26114505e-07, -7.51386815e-07, -8.86261703e-07,
       -1.03115630e-06, -1.18647790e-06, -1.35261849e-06, -1.52994836e-06,
       -1.71880880e-06, -1.91950374e-06, -2.13229041e-06, -2.35736888e-06,
       -2.59487055e-06, -2.84484558e-06, -3.10724938e-06, -3.38192812e-06,
       -3.66860361e-06, -3.96685752e-06, -4.27611534e-06, -4.59563024e-06,
       -4.92446737e-06, -5.26148877e-06, -5.60533961e-06, -5.95443605e-06,
       -6.30695555e-06, -6.66083007e-06, -7.01374283e-06, -7.36312949e-06,
       -7.70618417e-06, -8.03987122e-06, -8.36094315e-06, -8.66596547e-06,
       -8.95134868e-06, -9.21338793e-06, -9.44831029e-06, -9.65232982e-06,
       -9.82170989e-06, -9.95283244e-06, -1.00422732e-05, -1.00868821e-05,
       -1.00838663e-05, -1.00308763e-05, -9.92609100e-06, -9.76830007e-06,
       -9.55698211e-06, -9.29237478e-06, -8.97553483e-06, -8.60838529e-06,
       -8.19374712e-06, -7.73535314e-06, -7.23784204e-06, -6.70673105e-06,
       -6.14836598e-06, -5.56984839e-06, -4.97893992e-06, -4.38394493e-06,
       -3.79357311e-06, -3.21678452e-06, -2.66262043e-06, -2.14002385e-06,
       -1.65765402e-06, -1.22370008e-06, -8.45698769e-07, -5.30361662e-07,
       -2.83416916e-07, -1.09470532e-07, -1.18914599e-08,  7.27570235e-09,
       -5.26325258e-08, -1.90874256e-07, -4.05311478e-07, -6.92452705e-07,
       -1.04752787e-06, -1.46459326e-06, -1.93666339e-06, -2.45586583e-06,
       -3.01361437e-06, -3.60079547e-06, -4.20796251e-06, -4.82553235e-06,
       -5.44397895e-06, -6.05401879e-06, -6.64678349e-06, -7.21397570e-06,
       -7.74800487e-06, -8.24210030e-06, -8.69040000e-06, -9.08801417e-06,
       -9.43106359e-06, -9.71669337e-06, -9.94306351e-06, -1.01093183e-05,
       -1.02155368e-05, -1.02626673e-05, -1.02524487e-05, -1.01873215e-05,
       -1.00703324e-05, -9.90503439e-06, -9.69538562e-06, -9.44564962e-06,
       -9.16029899e-06, -8.84392429e-06, -8.50114984e-06, -8.13655754e-06,
       -7.75461942e-06, -7.35963958e-06, -6.95570552e-06, -6.54664892e-06,
       -6.13601552e-06, -5.72704357e-06, -5.32265028e-06, -4.92542545e-06,
       -4.53763151e-06, -4.16120920e-06, -3.79778782e-06, -3.44869938e-06,
       -3.11499582e-06, -2.79746846e-06, -2.49666909e-06, -2.21293194e-06,
       -1.94639614e-06, -1.69702808e-06, -1.46464337e-06, -1.24892790e-06,
       -1.04945798e-06, -8.65719201e-07, -6.97123942e-07, -5.43027384e-07,
       -4.02742071e-07, -2.75550942e-07, -1.60718879e-07, -5.75028184e-08,
        3.48395022e-08,  1.17042098e-07,  1.89824485e-07,  2.53886535e-07,
        3.09904333e-07,  3.58526942e-07,  4.00373973e-07,  4.36033866e-07,
        4.66062790e-07,  4.90984082e-07,  5.11288139e-07,  5.27432696e-07,
        5.39843420e-07,  5.48914759e-07,  5.55011004e-07,  5.58467500e-07,
        5.59591979e-07,  5.58665973e-07,  5.55946273e-07,  5.51666419e-07,
        5.46038190e-07,  5.39253074e-07,  5.31483714e-07,  5.22885311e-07,
        5.13596970e-07,  5.03742995e-07,  4.93434119e-07,  4.82768666e-07,
        4.71833647e-07,  4.60705788e-07,  4.49452484e-07,  4.38132697e-07,
        4.26797777e-07,  4.15492226e-07,  4.04254401e-07,  3.93117156e-07,
        3.82108433e-07,  3.71251801e-07,  3.60566941e-07,  3.50070096e-07,
        3.39774469e-07,  3.29690585e-07,  3.19826625e-07,  3.10188711e-07,
        3.00781178e-07,  2.91606802e-07,  2.82667017e-07,  2.73962098e-07,
        2.65491332e-07,  2.57253158e-07,  2.49245305e-07,  2.41464902e-07,
        2.33908582e-07,  2.26572569e-07,  2.19452755e-07,  2.12544769e-07,
        2.05844036e-07,  1.99345824e-07,  1.93045296e-07,  1.86937538e-07,
        1.81017600e-07,  1.75280518e-07,  1.69721338e-07,  1.64335141e-07,
        1.59117053e-07,  1.54062260e-07,  1.49166023e-07,  1.44423684e-07,
        1.39830673e-07,  1.35382516e-07,  1.31074838e-07,  1.26903365e-07,
        1.22863929e-07,  1.18952468e-07,  1.15165025e-07,  1.11497751e-07,
        1.07946904e-07,  1.04508846e-07,  1.01180043e-07,  9.79570648e-08,
        9.48365818e-08,  9.18153631e-08,  8.88902752e-08,  8.60582794e-08,
        8.33164298e-08,  8.06618707e-08,  7.80918347e-08,  7.56036400e-08,
        7.31946884e-08,  7.08624627e-08,  6.86045246e-08,  6.64185122e-08,
        6.43021382e-08,  6.22531870e-08,  6.02695132e-08,  5.83490392e-08,
        5.64897532e-08,  5.46897069e-08,  5.29470140e-08,  5.12598481e-08,
        4.96264405e-08,  4.80450792e-08,  4.65141060e-08,  4.50319159e-08,
        4.35969548e-08,  4.22077180e-08,  4.08627488e-08,  3.95606367e-08,
        3.83000163e-08,  3.70795654e-08,  3.58980044e-08,  3.47540938e-08,
        3.36466342e-08,  3.25744640e-08,  3.15364587e-08,  3.05315298e-08,
        2.95586232e-08,  2.86167185e-08,  2.77048280e-08,  2.68219951e-08,
        2.59672940e-08,  2.51398283e-08,  2.43387301e-08,  2.35631591e-08,
        2.28123020e-08,  2.20853713e-08,  2.13816044e-08,  2.07002634e-08,
        2.00406336e-08,  1.94020231e-08,  1.87837622e-08,  1.81852024e-08,
        1.76057160e-08,  1.70446951e-08,  1.65015513e-08,  1.59757151e-08,
        1.54666348e-08,  1.49737766e-08,  1.44966235e-08,  1.40346750e-08,
        1.35874468e-08,  1.31544696e-08,  1.27352894e-08,  1.23294666e-08,
        1.19365754e-08,  1.15562039e-08,  1.11879531e-08,  1.08314367e-08,
        1.04862809e-08,  1.01521236e-08,  9.82861433e-09,  9.51541382e-09,
        9.21219357e-09,  8.91863556e-09,  8.63443188e-09,  8.35928447e-09,
        8.09290473e-09,  7.83501329e-09,  7.58533967e-09,  7.34362199e-09,
        7.10960673e-09,  6.88304847e-09,  6.66370957e-09,  6.45136000e-09,
        6.24577702e-09,  6.04674503e-09,  5.85405527e-09,  5.66750564e-09,
        5.48690050e-09,  5.31205040e-09,  5.14277197e-09,  4.97888767e-09,
        4.82022560e-09,  4.66661936e-09,  4.51790785e-09,  4.37393508e-09,
        4.23455007e-09,  4.09960661e-09,  3.96896317e-09,  3.84248275e-09,
        3.72003267e-09,  3.60148451e-09,  3.48671393e-09,  3.37560056e-09,
        3.26802787e-09,  3.16388302e-09,  3.06305678e-09,  2.96544342e-09,
        2.87094054e-09,  2.77944903e-09,  2.69087294e-09,  2.60511935e-09,
        2.52209834e-09,  2.44172283e-09,  2.36390851e-09,  2.28857378e-09,
        2.21563962e-09,  2.14502953e-09,  2.07666946e-09,  2.01048771e-09,
        1.94641487e-09,  1.88438374e-09,  1.82432925e-09,  1.76618842e-09,
        1.70990027e-09,  1.65540577e-09,  1.60264775e-09,  1.55157089e-09,
        1.50212161e-09,  1.45424806e-09,  1.40790001e-09,  1.36302886e-09,
        1.31958755e-09,  1.27753052e-09,  1.23681364e-09,  1.19739423e-09,
        1.15923093e-09,  1.12228372e-09,  1.08651385e-09,  1.05188380e-09,
        1.01835724e-09,  9.85899030e-10,  9.54475108e-10,  9.24052523e-10,
        8.94599365e-10,  8.66084743e-10,  8.38478752e-10,  8.11752435e-10,
        7.85877764e-10,  7.60827599e-10,  7.36575667e-10,  7.13096533e-10,
        6.90365570e-10,  6.68358939e-10,  6.47053558e-10,  6.26427081e-10,
        6.06457874e-10,  5.87124995e-10,  5.68408165e-10,  5.50287754e-10,
        5.32744758e-10,  5.15760775e-10,  4.99317995e-10,  4.83399170e-10,
        4.67987604e-10,  4.53067134e-10,  4.38622111e-10,  4.24637384e-10,
        4.11098287e-10,  3.97990617e-10,  3.85300629e-10,  3.73015013e-10,
        3.61120882e-10,  3.49605763e-10,  3.38457578e-10,  3.27664634e-10,
        3.17215611e-10,  3.07099551e-10,  2.97305843e-10,  2.87824215e-10,
        2.78644724e-10,  2.69757740e-10,  2.61153944e-10,  2.52824312e-10,
        2.44760106e-10,  2.36952870e-10,  2.29394414e-10,  2.22076812e-10,
        2.14992388e-10,  2.08133712e-10,  2.01493591e-10,  1.95065060e-10,
        1.88841377e-10,  1.82816014e-10,  1.76982652e-10,  1.71335172e-10,
        1.65867652e-10,  1.60574356e-10,  1.55449734e-10,  1.50488410e-10,
        1.45685180e-10,  1.41035008e-10,  1.36533015e-10,  1.32174481e-10,
        1.27954833e-10,  1.23869646e-10,  1.19914636e-10,  1.16085653e-10,
        1.12378683e-10,  1.08789837e-10,  1.05315352e-10,  1.01951582e-10,
        9.86950013e-11,  9.55421926e-11,  9.24898497e-11,  8.95347713e-11,
        8.66738580e-11,  8.39041091e-11,  8.12226198e-11,  7.86265775e-11,
        7.61132596e-11,  7.36800299e-11,  7.13243364e-11,  6.90437085e-11,
        6.68357542e-11,  6.46981576e-11,  6.26286769e-11,  6.06251415e-11,
        5.86854500e-11,  5.68075681e-11,  5.49895262e-11,  5.32294175e-11,
        5.15253959e-11,  4.98756743e-11,  4.82785223e-11,  4.67322648e-11,
        4.52352801e-11,  4.37859981e-11,  4.23828987e-11,  4.10245104e-11,
        3.97094084e-11,  3.84362135e-11,  3.72035902e-11,  3.60102457e-11,
        3.48549286e-11,  3.37364269e-11,  3.26535677e-11,  3.16052152e-11,
        3.05902698e-11,  2.96076670e-11,  2.86563764e-11,  2.77354000e-11,
        2.68437721e-11,  2.59805574e-11,  2.51448506e-11,  2.43357751e-11,
        2.35524824e-11,  2.27941510e-11,  2.20599855e-11,  2.13492158e-11,
        2.06610965e-11,  1.99949060e-11,  1.93499454e-11,  1.87255383e-11,
        1.81210299e-11,  1.75357861e-11,  1.69691931e-11,  1.64206566e-11,
        1.58896013e-11,  1.53754702e-11,  1.48777242e-11,  1.43958411e-11,
        1.39293155e-11,  1.34776582e-11,  1.30403954e-11,  1.26170685e-11,
        1.22072335e-11,  1.18104607e-11,  1.14263337e-11,  1.10544498e-11,
        1.06944189e-11,  1.03458634e-11,  1.00084177e-11,  9.68172791e-12,
        9.36545139e-12,  9.05925642e-12,  8.76282185e-12,  8.47583676e-12,
        8.19800018e-12,  7.92902068e-12,  7.66861617e-12,  7.41651352e-12,
        7.17244832e-12,  6.93616459e-12,  6.70741451e-12,  6.48595816e-12,
        6.27156327e-12,  6.06400498e-12,  5.86306559e-12,  5.66853437e-12,
        5.48020727e-12,  5.29788677e-12,  5.12138166e-12,  4.95050681e-12,
        4.78508301e-12,  4.62493674e-12,  4.46990006e-12,  4.31981034e-12,
        4.17451018e-12,  4.03384717e-12,  3.89767379e-12,  3.76584722e-12,
        3.63822919e-12,  3.51468586e-12,  3.39508765e-12,  3.27930911e-12,
        3.16722883e-12,  3.05872924e-12,  2.95369656e-12,  2.85202061e-12,
        2.75359476e-12,  2.65831579e-12,  2.56608374e-12,  2.47680190e-12,
        2.39037663e-12,  2.30671726e-12,  2.22573607e-12,  2.14734812e-12,
        2.07147119e-12,  1.99802569e-12,  1.92693461e-12,  1.85812337e-12,
        1.79151981e-12,  1.72705407e-12,  1.66465854e-12,  1.60426777e-12,
        1.54581843e-12,  1.48924921e-12,  1.43450078e-12,  1.38151572e-12,
        1.33023846e-12,  1.28061522e-12,  1.23259395e-12,  1.18612428e-12,
        1.14115748e-12,  1.09764639e-12,  1.05554536e-12,  1.01481025e-12,
        9.75398323e-13,  9.37268250e-13,  9.00380038e-13,  8.64694996e-13,
        8.30175699e-13,  7.96785941e-13,  7.64490702e-13,  7.33256111e-13,
        7.03049406e-13,  6.73838908e-13,  6.45593980e-13,  6.18284997e-13,
        5.91883317e-13,  5.66361249e-13,  5.41692025e-13,  5.17849772e-13,
        4.94809483e-13,  4.72546994e-13,  4.51038953e-13,  4.30262804e-13,
        4.10196756e-13,  3.90819763e-13,  3.72111502e-13,  3.54052351e-13,
        3.36623370e-13,  3.19806278e-13,  3.03583437e-13,  2.87937833e-13,
        2.72853056e-13,  2.58313285e-13,  2.44303269e-13,  2.30808316e-13,
        2.17814270e-13,  2.05307505e-13,  1.93274901e-13,  1.81703840e-13,
        1.70582184e-13,  1.59898271e-13,  1.49640893e-13,  1.39799292e-13,
        1.30363148e-13,  1.21322562e-13,  1.12668053e-13,  1.04390544e-13,
        9.64813528e-14,  8.89321843e-14,  8.17351208e-14,  7.48826138e-14,
        6.83674763e-14,  6.21828749e-14,  5.63223232e-14,  5.07796744e-14,
        4.55491153e-14,  4.06251599e-14,  3.60026439e-14,  3.16767191e-14,
        2.76428483e-14,  2.38968007e-14,  2.04346474e-14,  1.72527572e-14,
        1.43477928e-14,  1.17167075e-14,  9.35674162e-15,  7.26542006e-15,
        5.44054937e-15,  3.88021558e-15,  2.58278218e-15,  1.54688839e-15,
        7.71447727e-16,  2.55646902e-16, -0.00000000e+00,  0.00000000e+00])], 2: []}
v = [-1.20625632e-49 -2.01729819e-49 -3.36968305e-49 -5.62207284e-49
 -9.36898068e-49 -1.55946876e-48 -2.59268331e-48 -4.30537245e-48
 -7.14102316e-48 -1.18303778e-47 -1.95760583e-47 -3.23549210e-47
 -5.34126219e-47 -8.80716048e-47 -1.45049549e-46 -2.38608174e-46
 -3.92051130e-46 -6.43411120e-46 -1.05468526e-45 -1.72681434e-45
 -2.82394920e-45 -4.61271446e-45 -7.52566226e-45 -1.22636948e-44
 -1.99611890e-44 -3.24518858e-44 -5.26965193e-44 -8.54697397e-44
 -1.38462221e-43 -2.24046757e-43 -3.62104977e-43 -5.84546123e-43
 -9.42522083e-43 -1.51793350e-42 -2.44175685e-42 -3.92320087e-42
 -6.29603501e-42 -1.00921148e-41 -1.61579289e-41 -2.58391166e-41
 -4.12722448e-41 -6.58456334e-41 -1.04926293e-40 -1.67005255e-40
 -2.65499927e-40 -4.21586925e-40 -6.68649188e-40 -1.05924877e-39
 -1.67604655e-39 -2.64888220e-39 -4.18145736e-39 -6.59297091e-39
 -1.03830060e-38 -1.63325318e-38 -2.56609293e-38 -4.02698217e-38
 -6.31212359e-38 -9.88233882e-38 -1.54536989e-37 -2.41375737e-37
 -3.76567849e-37 -5.86788135e-37 -9.13288248e-37 -1.41978595e-36
 -2.20458242e-36 -3.41915088e-36 -5.29661799e-36 -8.19534982e-36
 -1.26655718e-35 -1.95510716e-35 -3.01442714e-35 -4.64223879e-35
 -7.14066439e-35 -1.09707982e-34 -1.68355106e-34 -2.58049379e-34
 -3.95064316e-34 -6.04117268e-34 -9.22705601e-34 -1.40764624e-33
 -2.14492619e-33 -3.26452231e-33 -4.96266992e-33 -7.53528358e-33
 -1.14280537e-32 -1.73114485e-32 -2.61928650e-32 -3.95841262e-32
 -5.97513310e-32 -9.00870922e-32 -1.35664437e-31 -2.04060023e-31
 -3.06576111e-31 -4.60052246e-31 -6.89547945e-31 -1.03231028e-30
 -1.54363459e-30 -2.30551114e-30 -3.43936623e-30 -5.12481387e-30
 -7.62721956e-30 -1.13381679e-29 -1.68348015e-29 -2.49667267e-29
 -3.69831337e-29 -5.47185154e-29 -8.08636627e-29 -1.19360608e-28
 -1.75977504e-28 -2.59144391e-28 -3.81166751e-28 -5.59985466e-28
 -8.21726063e-28 -1.20438668e-27 -1.76316689e-27 -2.57815789e-27
 -3.76542700e-27 -5.49297489e-27 -8.00367935e-27 -1.16482442e-26
 -1.69324580e-26 -2.45848940e-26 -3.56537744e-26 -5.16453917e-26
 -7.47216731e-26 -1.07981813e-25 -1.55863250e-25 -2.24711867e-25
 -3.23591834e-25 -4.65434382e-25 -6.68665403e-25 -9.59508564e-25
 -1.37524038e-24 -1.96878501e-24 -2.81519234e-24 -4.02076002e-24
 -5.73586290e-24 -8.17297462e-24 -1.16319518e-23 -1.65354647e-23
 -2.34785854e-23 -3.32981064e-23 -4.71693248e-23 -6.67410077e-23
 -9.43233797e-23 -1.33149644e-22 -1.87739369e-22 -2.64402817e-22
 -3.71940049e-22 -5.22608880e-22 -7.33463523e-22 -1.02820368e-21
 -1.43972583e-21 -2.01363915e-21 -2.81310554e-21 -3.92549453e-21
 -5.47152350e-21 -7.61779732e-21 -1.05939928e-20 -1.47163826e-20
 -2.04200029e-20 -2.83025939e-20 -3.91845591e-20 -5.41906993e-20
 -7.48615154e-20 -1.03304628e-19 -1.42400569e-19 -1.96082211e-19
 -2.69713820e-19 -3.70604797e-19 -5.08705334e-19 -6.97547627e-19
 -9.55518228e-19 -1.30757669e-18 -1.78757522e-18 -2.44138727e-18
 -3.33112398e-18 -4.54081303e-18 -6.18404205e-18 -8.41423967e-18
 -1.14384965e-17 -1.55361343e-17 -2.10836405e-17 -2.85881357e-17
 -3.87322686e-17 -5.24344171e-17 -7.09293777e-17 -9.58764707e-17
 -1.29504324e-16 -1.74804705e-16 -2.35791925e-16 -3.17849886e-16
 -4.28196210e-16 -5.76502771e-16 -7.75725023e-16 -1.04321005e-15
 -1.40217650e-15 -1.88369042e-15 -2.52930244e-15 -3.39456598e-15
 -4.55372921e-15 -6.10598932e-15 -8.18382577e-15 -1.09640978e-14
 -1.46828152e-14 -1.96547875e-14 -2.62997457e-14 -3.51770465e-14
 -4.70317468e-14 -6.28557261e-14 -8.39687089e-14 -1.12125573e-13
 -1.49658344e-13 -1.99663909e-13 -2.66251927e-13 -3.54871885e-13
 -4.72744095e-13 -6.29427027e-13 -8.37563175e-13 -1.11385844e-12
 -1.48036646e-12 -1.96617056e-12 -2.60958337e-12 -3.46101936e-12
 -4.58674045e-12 -6.07373285e-12 -8.03604670e-12 -1.06230242e-11
 -1.40299611e-11 -1.85118985e-11 -2.44014331e-11 -3.21316764e-11
 -4.22658003e-11 -5.55349880e-11 -7.28870928e-11 -9.55489095e-11
 -1.25105716e-10 -1.63602681e-10 -2.13673887e-10 -2.78706188e-10
 -3.63046863e-10 -4.72266259e-10 -6.13489302e-10 -7.95813063e-10
 -1.03083164e-09 -1.33329450e-09 -1.72193057e-09 -2.22047736e-09
 -2.85896372e-09 -3.67530479e-09 -4.71728121e-09 -6.04498930e-09
 -7.73386780e-09 -9.87842824e-09 -1.25968421e-08 -1.60365686e-08
 -2.03812430e-08 -2.58590891e-08 -3.27531672e-08 -4.14138310e-08
 -5.22738306e-08 -6.58665829e-08 -8.28482173e-08 -1.04024115e-07
 -1.30380774e-07 -1.63123986e-07 -2.03724442e-07 -2.53972094e-07
 -3.16040780e-07 -3.92564860e-07 -4.86729845e-07 -6.02379323e-07
 -7.44140757e-07 -9.17573102e-07 -1.12933958e-06 -1.38740930e-06
 -1.70129200e-06 -2.08231048e-06 -2.54391598e-06 -3.10205221e-06
 -3.77557437e-06 -4.58673005e-06 -5.56170949e-06 -6.73127350e-06
 -8.13146769e-06 -9.80443239e-06 -1.17993185e-05 -1.41733194e-05
 -1.69928306e-05 -2.03347477e-05 -2.42879158e-05 -2.89547409e-05
 -3.44529764e-05 -4.09176965e-05 -4.85034676e-05 -5.73867298e-05
 -6.77683977e-05 -7.98766906e-05 -9.39701990e-05 -1.10341194e-04
 -1.29319183e-04 -1.51274714e-04 -1.76623423e-04 -2.05830325e-04
 -2.39414337e-04 -2.77953017e-04 -3.22087503e-04 -3.72527632e-04
 -4.30057211e-04 -4.95539396e-04 -5.69922153e-04 -6.54243745e-04
 -7.49638204e-04 -8.57340721e-04 -9.78692889e-04 -1.11514775e-03
 -1.26827454e-03 -1.43976311e-03 -1.63142787e-03 -1.84521123e-03
 -2.08318643e-03 -2.34755975e-03 -2.64067182e-03 -2.96499827e-03
 -3.32314930e-03 -3.71786842e-03 -4.15203012e-03 -4.62863644e-03
 -5.15081256e-03 -5.72180122e-03 -6.34495609e-03 -7.02373412e-03
 -7.76168687e-03 -8.56245091e-03 -9.42973748e-03 -1.03673213e-02
 -1.13790292e-02 -1.24687276e-02 -1.36403109e-02 -1.48976890e-02
 -1.62447757e-02 -1.76854769e-02 -1.92236806e-02 -2.08632471e-02
 -2.26080007e-02 -2.44617237e-02 -2.64281510e-02 -2.85109682e-02
 -3.07138110e-02 -3.30402675e-02 -3.54938834e-02 -3.80781700e-02
 -4.07966145e-02 -4.36526941e-02 -4.66498928e-02 -4.97917199e-02
 -5.30817331e-02 -5.65235621e-02 -6.01209353e-02 -6.38777078e-02
 -6.77978910e-02 -7.18856822e-02 -7.61454947e-02 -8.05819877e-02
 -8.52000941e-02 -9.00050468e-02 -9.50024024e-02 -1.00198060e-01
 -1.05598279e-01 -1.11209685e-01 -1.17039279e-01 -1.23094430e-01
 -1.29382868e-01 -1.35912665e-01 -1.42692207e-01 -1.49730158e-01
 -1.57035417e-01 -1.64617058e-01 -1.72484267e-01 -1.80646270e-01
 -1.89112240e-01 -1.97891210e-01 -2.06991966e-01 -2.16422937e-01
 -2.26192073e-01 -2.36306723e-01 -2.46773499e-01 -2.57598143e-01
 -2.68785387e-01 -2.80338812e-01 -2.92260707e-01 -3.04551928e-01
 -3.17211764e-01 -3.30237800e-01 -3.43625797e-01 -3.57369566e-01
 -3.71460868e-01 -3.85889310e-01 -4.00642264e-01 -4.15704793e-01
 -4.31059597e-01 -4.46686975e-01 -4.62564803e-01 -4.78668529e-01
 -4.94971192e-01 -5.11443455e-01 -5.28053662e-01 -5.44767914e-01
 -5.61550166e-01 -5.78362339e-01 -5.95164457e-01 -6.11914801e-01
 -6.28570078e-01 -6.45085612e-01 -6.61415543e-01 -6.77513049e-01
 -6.93330574e-01 -7.08820068e-01 -7.23933238e-01 -7.38621804e-01
 -7.52837766e-01 -7.66533665e-01 -7.79662851e-01 -7.92179752e-01
 -8.04040134e-01 -8.15201362e-01 -8.25622650e-01 -8.35265303e-01
 -8.44092945e-01 -8.52071747e-01 -8.59170618e-01 -8.65361404e-01
 -8.70619052e-01 -8.74921764e-01 -8.78251126e-01 -8.80592224e-01
 -8.81933728e-01 -8.82267958e-01 -8.81590934e-01 -8.79902391e-01
 -8.77205781e-01 -8.73508245e-01 -8.68820568e-01 -8.63157111e-01
 -8.56535715e-01 -8.48977597e-01 -8.40507214e-01 -8.31152119e-01
 -8.20942791e-01 -8.09912458e-01 -7.98096901e-01 -7.85534242e-01
 -7.72264734e-01 -7.58330527e-01 -7.43775435e-01 -7.28644699e-01
 -7.12984739e-01 -6.96842914e-01 -6.80267270e-01 -6.63306304e-01
 -6.46008715e-01 -6.28423176e-01 -6.10598101e-01 -5.92581422e-01
 -5.74420385e-01 -5.56161336e-01 -5.37849544e-01 -5.19529013e-01
 -5.01242323e-01 -4.83030479e-01 -4.64932771e-01 -4.46986659e-01
 -4.29227664e-01 -4.11689276e-01 -3.94402882e-01 -3.77397706e-01
 -3.60700760e-01 -3.44336820e-01 -3.28328406e-01 -3.12695782e-01
 -2.97456966e-01 -2.82627756e-01 -2.68221762e-01 -2.54250452e-01
 -2.40723214e-01 -2.27647414e-01 -2.15028474e-01 -2.02869948e-01
 -1.91173617e-01 -1.79939571e-01 -1.69166315e-01 -1.58850863e-01
 -1.48988843e-01 -1.39574599e-01 -1.30601301e-01 -1.22061047e-01
 -1.13944967e-01 -1.06243329e-01 -9.89456398e-02 -9.20407436e-02
 -8.55169181e-02 -7.93619679e-02 -7.35633128e-02 -6.81080730e-02
 -6.29831489e-02 -5.81752969e-02 -5.36712005e-02 -4.94575355e-02
 -4.55210316e-02 -4.18485274e-02 -3.84270218e-02 -3.52437193e-02
 -3.22860712e-02 -2.95418119e-02 -2.69989899e-02 -2.46459955e-02
 -2.24715834e-02 -2.04648913e-02 -1.86154557e-02 -1.69132225e-02
 -1.53485556e-02 -1.39122419e-02 -1.25954935e-02 -1.13899474e-02
 -1.02876625e-02 -9.28111507e-03 -8.36319197e-03 -7.52718231e-03
 -6.76676764e-03 -6.07601101e-03 -5.44934496e-03 -4.88155863e-03
 -4.36778425e-03 -3.90348312e-03 -3.48443120e-03 -3.10670447e-03
 -2.76666419e-03 -2.46094222e-03 -2.18642631e-03 -1.94024571e-03
 -1.71975697e-03 -1.52253009e-03 -1.34633505e-03 -1.18912875e-03
 -1.04904246e-03 -9.24369722e-04 -8.13554811e-04 -7.15181684e-04
 -6.27963511e-04 -5.50732740e-04 -4.82431704e-04 -4.22103784e-04
 -3.68885098e-04 -3.21996711e-04 -2.80737366e-04 -2.44476695e-04
 -2.12648914e-04 -1.84746974e-04 -1.60317141e-04 -1.38953996e-04
 -1.20295834e-04 -1.04020417e-04 -8.98410984e-05 -7.75032611e-05
 -6.67810679e-05 -5.74745001e-05 -4.94066611e-05 -4.24213288e-05
 -3.63807368e-05 -3.11635678e-05 -2.66631414e-05 -2.27857809e-05
 -1.94493450e-05 -1.65819080e-05 -1.41205783e-05 -1.20104402e-05
 -1.02036094e-05 -8.65839084e-06 -7.33852886e-06 -6.21254128e-06
 -5.25312854e-06 -4.43665060e-06 -3.74266442e-06 -3.15351578e-06
 -2.65397965e-06 -2.23094379e-06 -1.87313090e-06 -1.57085496e-06
 -1.31580795e-06 -1.10087342e-06 -9.19963770e-07 -7.67878527e-07
 -6.40181002e-07 -5.33091184e-07 -4.43392843e-07 -3.68353089e-07
 -3.05652825e-07 -2.53326704e-07 -2.09711376e-07 -1.73400948e-07
 -1.43208701e-07 -1.18134243e-07 -9.73353642e-08 -8.01039579e-08
 -6.58454472e-08 -5.40612382e-08 -4.43337721e-08 -3.63138120e-08
 -2.97096446e-08 -2.42779232e-08 -1.98159121e-08 -1.61549294e-08
 -1.31548082e-08 -1.06992278e-08 -8.69178167e-09 -7.05267130e-09
 -5.71593048e-09 -4.62709795e-09 -3.74126876e-09 -3.02146509e-09
 -2.43727602e-09 -1.96372337e-09 -1.58031755e-09 -1.27027244e-09
 -1.01985364e-09 -8.17837994e-10 -6.55066176e-10 -5.24072690e-10
 -4.18780394e-10 -3.34248613e-10 -2.66465720e-10 -2.12178580e-10
 -1.68752490e-10 -1.34056323e-10 -1.06368461e-10 -8.42998701e-11
 -6.67312710e-11 -5.27618905e-11 -4.16677221e-11 -3.28675725e-11
 -2.58954797e-11 -2.03783375e-11 -1.60177681e-11 -1.25754551e-11
 -9.86129343e-12 -7.72382654e-12 -6.04254094e-12 -4.72166478e-12
 -3.68518386e-12 -2.87284126e-12 -2.23693085e-12 -1.73973038e-12
 -1.35144942e-12 -1.04859095e-12 -8.12645011e-13 -6.29048457e-13
 -4.86357693e-13 -3.75591658e-13 -2.89710707e-13 -2.23203815e-13
 -1.71762021e-13 -1.32020425e-13 -1.01354626e-13 -7.77203024e-14
 -5.95269798e-14 -4.55388097e-14 -3.47966922e-14 -2.65572259e-14
 -2.02449130e-14 -1.54147888e-14 -1.17232413e-14 -8.90525360e-15
 -6.75667978e-15 -5.12045840e-15 -3.87590218e-15 -2.93038871e-15
 -2.21292205e-15 -1.66915037e-15 -1.25751527e-15 -9.46279715e-16
 -7.11236858e-16 -5.33946125e-16 -4.00376964e-16 -2.99867353e-16
 -2.24325038e-16 -1.67615730e-16 -1.25095088e-16 -9.32511506e-17
 -6.94315087e-17 -5.16353904e-17 -3.83554239e-17 -2.84573575e-17
 -2.10887487e-17 -1.56097344e-17 -1.15406076e-17 -8.52217205e-18
 -6.28579740e-18 -4.63083088e-18 -3.40757891e-18 -2.50450200e-18
 -1.83859174e-18 -1.34814835e-18 -9.87366811e-19 -7.22283718e-19
 -5.27746772e-19 -3.85151688e-19 -2.80754344e-19 -2.04413524e-19
 -1.48655583e-19 -1.07979493e-19 -7.83411249e-20 -5.67710311e-20
 -4.10915214e-20 -2.97075010e-20 -2.14520341e-20 -1.54724575e-20
 -1.11465014e-20 -8.02058994e-21 -5.76451152e-21 -4.13815896e-21
 -2.96715536e-21 -2.12501434e-21 -1.52009910e-21 -1.08610146e-21
 -7.75099319e-22 -5.52500623e-22 -3.93365845e-22 -2.79736402e-22
 -1.98696301e-22 -1.40967513e-22 -9.98933905e-23 -7.07038283e-23
 -4.99847547e-23 -3.52956075e-23 -2.48938585e-23 -1.75368760e-23
 -1.23395893e-23 -8.67236686e-24 -6.08783728e-24 -4.26851577e-24
 -2.98936678e-24 -2.09107678e-24 -1.46099662e-24 -1.01956967e-24
 -7.10678309e-25 -4.94786309e-25 -3.44073121e-25 -2.38985901e-25
 -1.65799140e-25 -1.14889602e-25 -7.95184011e-26 -5.49721865e-26
 -3.79583078e-26 -2.61793667e-26 -1.80343248e-26 -1.24087804e-26
 -8.52799175e-27 -5.85400249e-27 -4.01372390e-27 -2.74872027e-27
 -1.88019138e-27 -1.28458258e-27 -8.76618150e-28 -5.97512986e-28
 -4.06792277e-28 -2.76621868e-28 -1.87883560e-28 -1.27461642e-28
 -8.63691607e-29 -5.84556304e-29 -3.95168627e-29 -2.66825313e-29
 -1.79953400e-29 -1.21222028e-29 -8.15626813e-30 -5.48137990e-30
 -3.67939803e-30 -2.46690315e-30 -1.65202223e-30 -1.10501490e-30
 -7.38259158e-31 -4.92649460e-31 -3.28364076e-31 -2.18605823e-31
 -1.45363802e-31 -9.65471103e-32 -6.40487630e-32 -4.24395405e-32
 -2.80878864e-32 -1.85676057e-32 -1.22597386e-32 -8.08527839e-33
 -5.32595146e-33 -3.50419196e-33 -2.30285734e-33 -1.51159219e-33
 -9.91038908e-34 -6.48985854e-34 -4.24490734e-34 -2.77325407e-34
 -1.80967074e-34 -1.17949995e-34 -7.67864788e-35 -4.99298242e-35
 -3.24282700e-35 -2.10366211e-35 -1.36306526e-35 -8.82156770e-36
 -5.70247453e-36 -3.68187803e-36 -2.37445476e-36 -1.52949078e-36
 -9.84052537e-37 -6.32380061e-37 -4.05906971e-37 -2.60233566e-37
 -1.66643575e-37 -1.06586523e-37 -6.80933150e-38 -4.34505340e-38
 -2.76932687e-38 -1.76295725e-38 -1.12097984e-38 -7.11938178e-39
 -4.51622139e-39 -2.86151893e-39 -1.81095010e-39 -1.14473458e-39
 -7.22755797e-40 -4.55792131e-40 -2.87098235e-40 -1.80627006e-40
 -1.13507172e-40 -7.12446703e-41 -4.46652655e-41 -2.79689343e-41
 -1.74932449e-41 -1.09283173e-41 -6.81906254e-42 -4.24995676e-42
 -2.64565256e-42 -1.64501388e-42 -1.02163270e-42 -6.33736123e-43
 -3.92654519e-43 -2.42997160e-43 -1.50203570e-43 -9.27358743e-44
 -5.71878471e-44 -3.52247715e-44 -2.16711062e-44 -1.33168785e-44
 -8.17357877e-45 -5.01083991e-45 -3.06829607e-45 -1.87660323e-45
 -1.14639983e-45 -6.99500823e-46 -4.26313224e-46 -2.59512236e-46
 -1.57788495e-46 -9.58255430e-47 -5.81267048e-47 -3.52175044e-47
 -2.13122799e-47 -1.28821901e-47 -7.77746309e-48 -4.69001976e-48
 -2.82487897e-48 -1.69946991e-48 -1.02121121e-48 -6.12923291e-49
 -3.67438904e-49 -2.20015162e-49 -1.31585654e-49 -7.86055000e-50
 -4.69013979e-50 -2.79516274e-50 -1.66386034e-50 -9.89270599e-51
 -5.87491778e-51 -3.48479267e-51 -2.06462202e-51 -1.22177892e-51
 -7.22159547e-52 -4.26345956e-52 -2.51408292e-52 -1.48076284e-52
 -8.71123798e-53 -5.11873573e-53 -3.00423567e-53 -1.76113946e-53
 -1.03119775e-53 -6.03085138e-54 -3.52292790e-54 -2.05549935e-54
 -1.19789677e-54 -6.97284324e-55 -4.05404785e-55 -2.35427016e-55
 -1.36556440e-55 -7.91145814e-56 -4.57814288e-56 -2.64612655e-56
 -1.52763759e-56 -8.80883601e-57 -5.07347088e-57 -2.91863831e-57
 -1.67704164e-57 -9.62489216e-58 -5.51742399e-58 -3.15911405e-58
 -1.80668613e-58 -1.03202110e-58 -5.88820475e-59 -3.35556525e-59
 -1.91001569e-59 -1.08591702e-59 -6.16658617e-60 -3.49769092e-60
 -1.98155675e-60 -1.12129545e-60 -6.33755970e-61 -3.57777091e-61
 -2.01739738e-61 -1.13621060e-61 -6.39167494e-62 -3.59136035e-62
 -2.01554151e-62 -1.12982966e-62 -6.32590483e-63 -3.53769833e-63
 -1.97609309e-63 -1.10250981e-63 -6.14392612e-64 -3.41977842e-64
 -1.90124642e-64 -1.05576512e-64 -5.85577894e-65 -3.24407208e-65
 -1.79508400e-65 -9.92127570e-66 -5.47694928e-66 -3.01994046e-66
 -1.66320776e-66 -9.14919918e-67 -5.02699117e-67 -2.75880893e-67
 -1.51224997e-67 -8.27968861e-68 -4.52785889e-68 -2.47320561e-68
 -1.34932331e-68 -7.35292747e-69 -4.00214668e-69 -2.17577599e-69
 -1.18147305e-69 -6.40799137e-70 -3.47143052e-70 -1.87838017e-70
 -1.01518916e-70 -5.48023159e-71 -2.95487633e-71 -1.59135901e-71
 -8.56023101e-72 -4.59929496e-72 -2.46822928e-72 -1.32302545e-72
 -7.08336064e-73 -3.78790406e-73 -2.02323835e-73 -1.07940291e-73
 -5.75186362e-74 -3.06141381e-74 -1.62751107e-74 -8.64200132e-75
 -4.58345703e-75 -2.42806584e-75 -1.28474287e-75 -6.78985391e-76
 -3.58420718e-76 -1.88979302e-76 -9.95230861e-77 -5.23506272e-77
 -2.75047944e-77 -1.44338895e-77 -7.56565985e-78 -3.96094403e-78
 -2.07128118e-78 -1.08185205e-78 -5.64397584e-79 -2.94097193e-79
 -1.53068234e-79 -7.95733652e-80 -4.13179569e-80 -2.14288276e-80
 -1.11005997e-80 -5.74358344e-81 -2.96830065e-81 -1.53222061e-81]
symrep = 0 - 0.06*np.exp(-(x--4.80546)**2/(2*0.9**2))- 0.88*np.exp(-(x--2.4991199999999996)**2/(2*1.1666666666666667**2))
    