energies = {0: [-0.4543897349133072], 1: [-0.2014741710353151], 2: []}
wfns = {0: [array([ 0.00000000e+00,  7.69551680e-09,  1.54022470e-08,  2.31314204e-08,
        3.08942994e-08,  3.87021957e-08,  4.65664863e-08,  5.44986307e-08,
        6.25101870e-08,  7.06128291e-08,  7.88183639e-08,  8.71387477e-08,
        9.55861046e-08,  1.04172743e-07,  1.12911176e-07,  1.21814136e-07,
        1.30894596e-07,  1.40165787e-07,  1.49641218e-07,  1.59334697e-07,
        1.69260349e-07,  1.79432636e-07,  1.89866381e-07,  2.00576788e-07,
        2.11579462e-07,  2.22890436e-07,  2.34526192e-07,  2.46503684e-07,
        2.58840366e-07,  2.71554214e-07,  2.84663754e-07,  2.98188087e-07,
        3.12146921e-07,  3.26560596e-07,  3.41450114e-07,  3.56837172e-07,
        3.72744190e-07,  3.89194348e-07,  4.06211614e-07,  4.23820787e-07,
        4.42047524e-07,  4.60918385e-07,  4.80460866e-07,  5.00703445e-07,
        5.21675617e-07,  5.43407942e-07,  5.65932086e-07,  5.89280871e-07,
        6.13488318e-07,  6.38589702e-07,  6.64621598e-07,  6.91621938e-07,
        7.19630066e-07,  7.48686793e-07,  7.78834459e-07,  8.10116993e-07,
        8.42579979e-07,  8.76270718e-07,  9.11238303e-07,  9.47533687e-07,
        9.85209757e-07,  1.02432141e-06,  1.06492564e-06,  1.10708162e-06,
        1.15085076e-06,  1.19629685e-06,  1.24348611e-06,  1.29248729e-06,
        1.34337181e-06,  1.39621380e-06,  1.45109027e-06,  1.50808117e-06,
        1.56726955e-06,  1.62874166e-06,  1.69258707e-06,  1.75889881e-06,
        1.82777350e-06,  1.89931151e-06,  1.97361708e-06,  2.05079847e-06,
        2.13096816e-06,  2.21424296e-06,  2.30074422e-06,  2.39059797e-06,
        2.48393515e-06,  2.58089177e-06,  2.68160909e-06,  2.78623389e-06,
        2.89491861e-06,  3.00782162e-06,  3.12510743e-06,  3.24694696e-06,
        3.37351773e-06,  3.50500418e-06,  3.64159789e-06,  3.78349791e-06,
        3.93091101e-06,  4.08405198e-06,  4.24314397e-06,  4.40841880e-06,
        4.58011729e-06,  4.75848965e-06,  4.94379577e-06,  5.13630568e-06,
        5.33629989e-06,  5.54406981e-06,  5.75991820e-06,  5.98415958e-06,
        6.21712070e-06,  6.45914101e-06,  6.71057317e-06,  6.97178355e-06,
        7.24315277e-06,  7.52507626e-06,  7.81796480e-06,  8.12224519e-06,
        8.43836080e-06,  8.76677226e-06,  9.10795810e-06,  9.46241547e-06,
        9.83066088e-06,  1.02132309e-05,  1.06106830e-05,  1.10235963e-05,
        1.14525725e-05,  1.18982367e-05,  1.23612382e-05,  1.28422517e-05,
        1.33419781e-05,  1.38611456e-05,  1.44005107e-05,  1.49608594e-05,
        1.55430080e-05,  1.61478049e-05,  1.67761314e-05,  1.74289029e-05,
        1.81070708e-05,  1.88116232e-05,  1.95435866e-05,  2.03040277e-05,
        2.10940546e-05,  2.19148184e-05,  2.27675150e-05,  2.36533871e-05,
        2.45737253e-05,  2.55298709e-05,  2.65232169e-05,  2.75552109e-05,
        2.86273566e-05,  2.97412162e-05,  3.08984129e-05,  3.21006328e-05,
        3.33496277e-05,  3.46472175e-05,  3.59952931e-05,  3.73958187e-05,
        3.88508351e-05,  4.03624625e-05,  4.19329036e-05,  4.35644466e-05,
        4.52594689e-05,  4.70204405e-05,  4.88499272e-05,  5.07505950e-05,
        5.27252133e-05,  5.47766595e-05,  5.69079227e-05,  5.91221086e-05,
        6.14224434e-05,  6.38122791e-05,  6.62950980e-05,  6.88745180e-05,
        7.15542975e-05,  7.43383414e-05,  7.72307063e-05,  8.02356070e-05,
        8.33574219e-05,  8.66007000e-05,  8.99701671e-05,  9.34707330e-05,
        9.71074986e-05,  1.00885763e-04,  1.04811032e-04,  1.08889024e-04,
        1.13125683e-04,  1.17527182e-04,  1.22099933e-04,  1.26850601e-04,
        1.31786108e-04,  1.36913645e-04,  1.42240684e-04,  1.47774986e-04,
        1.53524618e-04,  1.59497955e-04,  1.65703703e-04,  1.72150904e-04,
        1.78848952e-04,  1.85807607e-04,  1.93037010e-04,  2.00547694e-04,
        2.08350603e-04,  2.16457107e-04,  2.24879019e-04,  2.33628611e-04,
        2.42718631e-04,  2.52162325e-04,  2.61973454e-04,  2.72166315e-04,
        2.82755759e-04,  2.93757216e-04,  3.05186718e-04,  3.17060919e-04,
        3.29397121e-04,  3.42213299e-04,  3.55528129e-04,  3.69361012e-04,
        3.83732104e-04,  3.98662347e-04,  4.14173494e-04,  4.30288150e-04,
        4.47029793e-04,  4.64422821e-04,  4.82492575e-04,  5.01265387e-04,
        5.20768612e-04,  5.41030667e-04,  5.62081078e-04,  5.83950517e-04,
        6.06670853e-04,  6.30275190e-04,  6.54797925e-04,  6.80274790e-04,
        7.06742907e-04,  7.34240846e-04,  7.62808674e-04,  7.92488018e-04,
        8.23322126e-04,  8.55355926e-04,  8.88636097e-04,  9.23211131e-04,
        9.59131411e-04,  9.96449275e-04,  1.03521910e-03,  1.07549739e-03,
        1.11734282e-03,  1.16081637e-03,  1.20598138e-03,  1.25290368e-03,
        1.30165163e-03,  1.35229627e-03,  1.40491138e-03,  1.45957364e-03,
        1.51636270e-03,  1.57536131e-03,  1.63665543e-03,  1.70033439e-03,
        1.76649096e-03,  1.83522155e-03,  1.90662631e-03,  1.98080929e-03,
        2.05787858e-03,  2.13794647e-03,  2.22112965e-03,  2.30754931e-03,
        2.39733139e-03,  2.49060671e-03,  2.58751118e-03,  2.68818601e-03,
        2.79277789e-03,  2.90143923e-03,  3.01432836e-03,  3.13160979e-03,
        3.25345439e-03,  3.38003973e-03,  3.51155024e-03,  3.64817756e-03,
        3.79012077e-03,  3.93758671e-03,  4.09079024e-03,  4.24995462e-03,
        4.41531176e-03,  4.58710262e-03,  4.76557750e-03,  4.95099649e-03,
        5.14362975e-03,  5.34375798e-03,  5.55167280e-03,  5.76767716e-03,
        5.99208581e-03,  6.22522574e-03,  6.46743668e-03,  6.71907154e-03,
        6.98049701e-03,  7.25209399e-03,  7.53425825e-03,  7.82740092e-03,
        8.13194916e-03,  8.44834670e-03,  8.77705456e-03,  9.11855170e-03,
        9.47333568e-03,  9.84192342e-03,  1.02248519e-02,  1.06226791e-02,
        1.10359845e-02,  1.14653702e-02,  1.19114617e-02,  1.23749086e-02,
        1.28563858e-02,  1.33565945e-02,  1.38762627e-02,  1.44161469e-02,
        1.49770323e-02,  1.55597347e-02,  1.61651011e-02,  1.67940108e-02,
        1.74473766e-02,  1.81261461e-02,  1.88313024e-02,  1.95638653e-02,
        2.03248925e-02,  2.11154807e-02,  2.19367659e-02,  2.27899249e-02,
        2.36761757e-02,  2.45967779e-02,  2.55530332e-02,  2.65462853e-02,
        2.75779197e-02,  2.86493628e-02,  2.97620811e-02,  3.09175791e-02,
        3.21173970e-02,  3.33631078e-02,  3.46563128e-02,  3.59986366e-02,
        3.73917209e-02,  3.88372164e-02,  4.03367741e-02,  4.18920335e-02,
        4.35046105e-02,  4.51760815e-02,  4.69079667e-02,  4.87017095e-02,
        5.05586542e-02,  5.24800205e-02,  5.44668744e-02,  5.65200972e-02,
        5.86403498e-02,  6.08280354e-02,  6.30832577e-02,  6.54057770e-02,
        6.77949634e-02,  7.02497481e-02,  7.27685718e-02,  7.53493337e-02,
        7.79893384e-02,  8.06852451e-02,  8.34330178e-02,  8.62278780e-02,
        8.90642634e-02,  9.19357913e-02,  9.48352305e-02,  9.77544820e-02,
        1.00684572e-01,  1.03615655e-01,  1.06537036e-01,  1.09437205e-01,
        1.12303886e-01,  1.15124115e-01,  1.17884319e-01,  1.20570433e-01,
        1.23168019e-01,  1.25662411e-01,  1.28038872e-01,  1.30282766e-01,
        1.32379737e-01,  1.34315901e-01,  1.36078034e-01,  1.37653762e-01,
        1.39031750e-01,  1.40201875e-01,  1.41155386e-01,  1.41885048e-01,
        1.42385259e-01,  1.42652150e-01,  1.42683644e-01,  1.42479495e-01,
        1.42041294e-01,  1.41372437e-01,  1.40478071e-01,  1.39365006e-01,
        1.38041600e-01,  1.36517626e-01,  1.34804113e-01,  1.32913173e-01,
        1.30857823e-01,  1.28651789e-01,  1.26309321e-01,  1.23844996e-01,
        1.21273543e-01,  1.18609663e-01,  1.15867869e-01,  1.13062339e-01,
        1.10206787e-01,  1.07314351e-01,  1.04397498e-01,  1.01467948e-01,
        9.85366179e-02,  9.56135827e-02,  9.27080499e-02,  8.98283519e-02,
        8.69819502e-02,  8.41754516e-02,  8.14146344e-02,  7.87044823e-02,
        7.60492253e-02,  7.34523853e-02,  7.09168248e-02,  6.84447984e-02,
        6.60380048e-02,  6.36976391e-02,  6.14244433e-02,  5.92187568e-02,
        5.70805631e-02,  5.50095350e-02,  5.30050766e-02,  5.10663618e-02,
        4.91923709e-02,  4.73819224e-02,  4.56337027e-02,  4.39462925e-02,
        4.23181903e-02,  4.07478327e-02,  3.92336132e-02,  3.77738970e-02,
        3.63670353e-02,  3.50113764e-02,  3.37052754e-02,  3.24471027e-02,
        3.12352501e-02,  3.00681369e-02,  2.89442139e-02,  2.78619667e-02,
        2.68199188e-02,  2.58166329e-02,  2.48507127e-02,  2.39208034e-02,
        2.30255921e-02,  2.21638083e-02,  2.13342229e-02,  2.05356484e-02,
        1.97669381e-02,  1.90269849e-02,  1.83147212e-02,  1.76291172e-02,
        1.69691802e-02,  1.63339534e-02,  1.57225152e-02,  1.51339775e-02,
        1.45674849e-02,  1.40222138e-02,  1.34973709e-02,  1.29921925e-02,
        1.25059432e-02,  1.20379150e-02,  1.15874265e-02,  1.11538215e-02,
        1.07364685e-02,  1.03347594e-02,  9.94810916e-03,  9.57595436e-03,
        9.21775282e-03,  8.87298265e-03,  8.54114151e-03,  8.22174589e-03,
        7.91433040e-03,  7.61844711e-03,  7.33366489e-03,  7.05956876e-03,
        6.79575934e-03,  6.54185222e-03,  6.29747741e-03,  6.06227882e-03,
        5.83591372e-03,  5.61805226e-03,  5.40837696e-03,  5.20658228e-03,
        5.01237417e-03,  4.82546960e-03,  4.64559620e-03,  4.47249185e-03,
        4.30590426e-03,  4.14559065e-03,  3.99131737e-03,  3.84285956e-03,
        3.70000084e-03,  3.56253296e-03,  3.43025552e-03,  3.30297569e-03,
        3.18050787e-03,  3.06267349e-03,  2.94930070e-03,  2.84022414e-03,
        2.73528467e-03,  2.63432917e-03,  2.53721030e-03,  2.44378628e-03,
        2.35392067e-03,  2.26748220e-03,  2.18434452e-03,  2.10438610e-03,
        2.02748994e-03,  1.95354349e-03,  1.88243843e-03,  1.81407052e-03,
        1.74833945e-03,  1.68514866e-03,  1.62440524e-03,  1.56601976e-03,
        1.50990614e-03,  1.45598150e-03,  1.40416607e-03,  1.35438304e-03,
        1.30655844e-03,  1.26062106e-03,  1.21650229e-03,  1.17413603e-03,
        1.13345863e-03,  1.09440871e-03,  1.05692713e-03,  1.02095687e-03,
        9.86442948e-04,  9.53332322e-04,  9.21573815e-04,  8.91118032e-04,
        8.61917280e-04,  8.33925496e-04,  8.07098172e-04,  7.81392284e-04,
        7.56766227e-04,  7.33179750e-04,  7.10593888e-04,  6.88970911e-04,
        6.68274260e-04,  6.48468493e-04,  6.29519232e-04,  6.11393113e-04,
        5.94057738e-04,  5.77481627e-04,  5.61634178e-04,  5.46485621e-04,
        5.32006979e-04,  5.18170037e-04,  5.04947300e-04,  4.92311964e-04,
        4.80237887e-04,  4.68699560e-04,  4.57672080e-04,  4.47131134e-04,
        4.37052969e-04,  4.27414383e-04,  4.18192708e-04,  4.09365793e-04,
        4.00912002e-04,  3.92810199e-04,  3.85039753e-04,  3.77580526e-04,
        3.70412883e-04,  3.63517692e-04,  3.56876329e-04,  3.50470690e-04,
        3.44283199e-04,  3.38296822e-04,  3.32495084e-04,  3.26862082e-04,
        3.21382507e-04,  3.16041661e-04,  3.10825474e-04,  3.05720533e-04,
        3.00714092e-04,  2.95794100e-04,  2.90949214e-04,  2.86168822e-04,
        2.81443055e-04,  2.76762804e-04,  2.72119729e-04,  2.67506268e-04,
        2.62915644e-04,  2.58341864e-04,  2.53779716e-04,  2.49224767e-04,
        2.44673348e-04,  2.40122539e-04,  2.35570152e-04,  2.31014706e-04,
        2.26455398e-04,  2.21892072e-04,  2.17325184e-04,  2.12755760e-04,
        2.08185357e-04,  2.03616017e-04,  1.99050220e-04,  1.94490835e-04,
        1.89941069e-04,  1.85404421e-04,  1.80884625e-04,  1.76385607e-04,
        1.71911430e-04,  1.67466251e-04,  1.63054271e-04,  1.58679695e-04,
        1.54346690e-04,  1.50059345e-04,  1.45821640e-04,  1.41637410e-04,
        1.37510324e-04,  1.33443851e-04,  1.29441247e-04,  1.25505536e-04,
        1.21639494e-04,  1.17845640e-04,  1.14126230e-04,  1.10483251e-04,
        1.06918421e-04,  1.03433190e-04,  1.00028744e-04,  9.67060101e-05,
        9.34656661e-05,  9.03081474e-05,  8.72336592e-05,  8.42421882e-05,
        8.13335149e-05,  7.85072274e-05,  7.57627347e-05,  7.30992812e-05,
        7.05159607e-05,  6.80117303e-05,  6.55854245e-05,  6.32357687e-05,
        6.09613924e-05,  5.87608417e-05,  5.66325914e-05,  5.45750565e-05,
        5.25866029e-05,  5.06655577e-05,  4.88102182e-05,  4.70188609e-05,
        4.52897494e-05,  4.36211414e-05,  4.20112957e-05,  4.04584780e-05,
        3.89609659e-05,  3.75170542e-05,  3.61250583e-05,  3.47833187e-05,
        3.34902033e-05,  3.22441104e-05,  3.10434711e-05,  2.98867507e-05,
        2.87724506e-05,  2.76991093e-05,  2.66653030e-05,  2.56696468e-05,
        2.47107944e-05,  2.37874387e-05,  2.28983116e-05,  2.20421836e-05,
        2.12178642e-05,  2.04242006e-05,  1.96600775e-05,  1.89244167e-05,
        1.82161759e-05,  1.75343485e-05,  1.68779622e-05,  1.62460786e-05,
        1.56377921e-05,  1.50522292e-05,  1.44885472e-05,  1.39459338e-05,
        1.34236058e-05,  1.29208083e-05,  1.24368140e-05,  1.19709218e-05,
        1.15224564e-05,  1.10907674e-05,  1.06752282e-05,  1.02752353e-05,
        9.89020755e-06,  9.51958521e-06,  9.16282939e-06,  8.81942115e-06,
        8.48886086e-06,  8.17066744e-06,  7.86437775e-06,  7.56954587e-06,
        7.28574253e-06,  7.01255445e-06,  6.74958377e-06,  6.49644748e-06,
        6.25277685e-06,  6.01821695e-06,  5.79242606e-06,  5.57507526e-06,
        5.36584790e-06,  5.16443913e-06,  4.97055553e-06,  4.78391460e-06,
        4.60424440e-06,  4.43128316e-06,  4.26477884e-06,  4.10448885e-06,
        3.95017963e-06,  3.80162634e-06,  3.65861252e-06,  3.52092978e-06,
        3.38837751e-06,  3.26076256e-06,  3.13789897e-06,  3.01960773e-06,
        2.90571647e-06,  2.79605923e-06,  2.69047622e-06,  2.58881361e-06,
        2.49092325e-06,  2.39666250e-06,  2.30589401e-06,  2.21848553e-06,
        2.13430969e-06,  2.05324382e-06,  1.97516981e-06,  1.89997390e-06,
        1.82754650e-06,  1.75778209e-06,  1.69057900e-06,  1.62583933e-06,
        1.56346872e-06,  1.50337630e-06,  1.44547450e-06,  1.38967896e-06,
        1.33590836e-06,  1.28408437e-06,  1.23413147e-06,  1.18597686e-06,
        1.13955039e-06,  1.09478439e-06,  1.05161365e-06,  1.00997525e-06,
        9.69808518e-07,  9.31054933e-07,  8.93658021e-07,  8.57563292e-07,
        8.22718150e-07,  7.89071820e-07,  7.56575275e-07,  7.25181164e-07,
        6.94843741e-07,  6.65518800e-07,  6.37163611e-07,  6.09736856e-07,
        5.83198571e-07,  5.57510086e-07,  5.32633970e-07,  5.08533974e-07,
        4.85174981e-07,  4.62522954e-07,  4.40544887e-07,  4.19208753e-07,
        3.98483464e-07,  3.78338820e-07,  3.58745467e-07,  3.39674855e-07,
        3.21099196e-07,  3.02991422e-07,  2.85325148e-07,  2.68074632e-07,
        2.51214737e-07,  2.34720896e-07,  2.18569076e-07,  2.02735740e-07,
        1.87197819e-07,  1.71932670e-07,  1.56918050e-07,  1.42132082e-07,
        1.27553219e-07,  1.13160219e-07,  9.89321085e-08,  8.48481557e-08,
        7.08878383e-08,  5.70308141e-08,  4.32568917e-08,  2.95460004e-08,
        1.58781617e-08,  2.23345961e-09, -1.14079880e-08, -2.50660586e-08,
       -3.87606539e-08, -5.25117287e-08, -6.63393203e-08, -8.02635774e-08,
       -9.43047894e-08, -1.08483416e-07, -1.22820119e-07, -1.37335786e-07,
       -1.52051571e-07, -1.66988916e-07, -1.82169586e-07, -1.97615703e-07,
       -2.13349772e-07, -2.29394721e-07, -2.45773930e-07, -2.62511264e-07,
       -2.79631114e-07, -2.97158424e-07, -3.15118735e-07, -3.33538216e-07,
       -3.52443708e-07, -3.71862759e-07, -3.91823665e-07, -4.12355511e-07,
       -4.33488216e-07, -4.55252572e-07, -4.77680293e-07, -5.00804060e-07,
       -5.24657567e-07, -5.49275571e-07, -5.74693945e-07, -6.00949726e-07,
       -6.28081173e-07, -6.56127820e-07, -6.85130535e-07, -7.15131579e-07,
       -7.46174667e-07, -7.78305033e-07, -8.11569496e-07, -8.46016527e-07,
       -8.81696319e-07, -9.18660863e-07, -9.56964022e-07, -9.96661607e-07,
       -1.03781146e-06, -1.08047356e-06, -1.12471004e-06, -1.17058539e-06,
       -1.21816644e-06, -1.26752252e-06, -1.31872555e-06, -1.37185015e-06,
       -1.42697372e-06, -1.48417659e-06, -1.54354210e-06, -1.60515677e-06,
       -1.66911037e-06, -1.73549609e-06, -1.80441066e-06, -1.87595451e-06,
       -1.95023188e-06, -2.02735101e-06, -2.10742426e-06, -2.19056831e-06,
       -2.27690433e-06, -2.36655810e-06, -2.45966027e-06, -2.55634651e-06,
       -2.65675768e-06, -2.76104012e-06, -2.86934577e-06, -2.98183245e-06,
       -3.09866406e-06, -3.22001086e-06, -3.34604964e-06, -3.47696408e-06,
       -3.61294493e-06, -3.75419034e-06, -3.90090611e-06, -4.05330603e-06,
       -4.21161218e-06, -4.37605522e-06, -4.54687477e-06, -4.72431973e-06,
       -4.90864868e-06, -5.10013019e-06, -5.29904329e-06, -5.50567783e-06,
       -5.72033488e-06, -5.94332725e-06, -6.17497985e-06, -6.41563024e-06,
       -6.66562909e-06, -6.92534066e-06, -7.19514340e-06, -7.47543045e-06,
       -7.76661022e-06, -8.06910700e-06, -8.38336157e-06, -8.70983184e-06,
       -9.04899353e-06, -9.40134084e-06, -9.76738718e-06, -1.01476659e-05,
       -1.05427312e-05, -1.09531587e-05, -1.13795465e-05, -1.18225158e-05,
       -1.22827121e-05, -1.27608060e-05, -1.32574941e-05, -1.37735003e-05,
       -1.43095762e-05, -1.48665032e-05, -1.54450928e-05, -1.60461879e-05,
       -1.66706645e-05, -1.73194326e-05, -1.79934374e-05, -1.86936611e-05,
       -1.94211240e-05, -2.01768862e-05, -2.09620489e-05, -2.17777561e-05,
       -2.26251964e-05, -2.35056048e-05, -2.44202641e-05, -2.53705070e-05,
       -2.63577182e-05, -2.73833362e-05, -2.84488555e-05, -2.95558286e-05,
       -3.07058686e-05, -3.19006512e-05, -3.31419175e-05, -3.44314760e-05,
       -3.57712059e-05, -3.71630594e-05, -3.86090645e-05, -4.01113282e-05,
       -4.16720397e-05, -4.32934730e-05, -4.49779908e-05, -4.67280477e-05,
       -4.85461937e-05, -5.04350781e-05, -5.23974534e-05, -5.44361789e-05,
       -5.65542253e-05, -5.87546790e-05, -6.10407462e-05, -6.34157582e-05,
       -6.58831756e-05, -6.84465937e-05, -7.11097479e-05, -7.38765187e-05,
       -7.67509377e-05, -7.97371932e-05, -8.28396368e-05, -8.60627890e-05,
       -8.94113464e-05, -9.28901884e-05, -9.65043841e-05, -1.00259200e-04,
       -1.04160107e-04, -1.08212789e-04, -1.12423153e-04, -1.16797332e-04,
       -1.21341701e-04, -1.26062881e-04, -1.30967753e-04, -1.36063462e-04,
       -1.41357434e-04, -1.46857383e-04, -1.52571323e-04, -1.58507581e-04,
       -1.64674806e-04, -1.71081984e-04, -1.77738453e-04, -1.84653910e-04,
       -1.91838434e-04, -1.99302492e-04, -2.07056961e-04, -2.15113141e-04,
       -2.23482770e-04, -2.32178043e-04, -2.41211632e-04, -2.50596699e-04,
       -2.60346920e-04, -2.70476501e-04, -2.81000204e-04, -2.91933363e-04,
       -3.03291908e-04, -3.15092391e-04, -3.27352006e-04, -3.40088619e-04,
       -3.53320786e-04, -3.67067791e-04, -3.81349663e-04, -3.96187214e-04,
       -4.11602063e-04, -4.27616673e-04, -4.44254379e-04, -4.61539424e-04])], 1: [array([ 0.00000000e+00,  9.63873049e-09,  1.92836880e-08,  2.89411036e-08,
        3.86172165e-08,  4.83182777e-08,  5.80505547e-08,  6.78203348e-08,
        7.76339298e-08,  8.74976797e-08,  9.74179570e-08,  1.07401170e-07,
        1.17453770e-07,  1.27582249e-07,  1.37793152e-07,  1.48093076e-07,
        1.58488674e-07,  1.68986663e-07,  1.79593824e-07,  1.90317011e-07,
        2.01163151e-07,  2.12139251e-07,  2.23252403e-07,  2.34509785e-07,
        2.45918670e-07,  2.57486430e-07,  2.69220537e-07,  2.81128572e-07,
        2.93218229e-07,  3.05497317e-07,  3.17973770e-07,  3.30655648e-07,
        3.43551144e-07,  3.56668589e-07,  3.70016457e-07,  3.83603372e-07,
        3.97438111e-07,  4.11529613e-07,  4.25886980e-07,  4.40519489e-07,
        4.55436593e-07,  4.70647929e-07,  4.86163324e-07,  5.01992801e-07,
        5.18146588e-07,  5.34635120e-07,  5.51469049e-07,  5.68659252e-07,
        5.86216833e-07,  6.04153135e-07,  6.22479747e-07,  6.41208508e-07,
        6.60351518e-07,  6.79921143e-07,  6.99930027e-07,  7.20391096e-07,
        7.41317569e-07,  7.62722965e-07,  7.84621114e-07,  8.07026162e-07,
        8.29952584e-07,  8.53415191e-07,  8.77429142e-07,  9.02009950e-07,
        9.27173496e-07,  9.52936037e-07,  9.79314215e-07,  1.00632507e-06,
        1.03398606e-06,  1.06231505e-06,  1.09133034e-06,  1.12105067e-06,
        1.15149526e-06,  1.18268376e-06,  1.21463632e-06,  1.24737360e-06,
        1.28091673e-06,  1.31528739e-06,  1.35050778e-06,  1.38660065e-06,
        1.42358934e-06,  1.46149772e-06,  1.50035029e-06,  1.54017216e-06,
        1.58098904e-06,  1.62282732e-06,  1.66571400e-06,  1.70967682e-06,
        1.75474415e-06,  1.80094513e-06,  1.84830960e-06,  1.89686816e-06,
        1.94665217e-06,  1.99769381e-06,  2.05002605e-06,  2.10368269e-06,
        2.15869840e-06,  2.21510872e-06,  2.27295010e-06,  2.33225991e-06,
        2.39307646e-06,  2.45543903e-06,  2.51938793e-06,  2.58496447e-06,
        2.65221100e-06,  2.72117097e-06,  2.79188894e-06,  2.86441060e-06,
        2.93878278e-06,  3.01505355e-06,  3.09327218e-06,  3.17348919e-06,
        3.25575641e-06,  3.34012700e-06,  3.42665545e-06,  3.51539767e-06,
        3.60641099e-06,  3.69975421e-06,  3.79548763e-06,  3.89367310e-06,
        3.99437405e-06,  4.09765554e-06,  4.20358430e-06,  4.31222875e-06,
        4.42365909e-06,  4.53794731e-06,  4.65516724e-06,  4.77539461e-06,
        4.89870709e-06,  5.02518435e-06,  5.15490810e-06,  5.28796214e-06,
        5.42443244e-06,  5.56440716e-06,  5.70797672e-06,  5.85523389e-06,
        6.00627379e-06,  6.16119400e-06,  6.32009462e-06,  6.48307829e-06,
        6.65025031e-06,  6.82171868e-06,  6.99759418e-06,  7.17799043e-06,
        7.36302398e-06,  7.55281436e-06,  7.74748418e-06,  7.94715922e-06,
        8.15196846e-06,  8.36204424e-06,  8.57752225e-06,  8.79854172e-06,
        9.02524543e-06,  9.25777984e-06,  9.49629518e-06,  9.74094554e-06,
        9.99188898e-06,  1.02492876e-05,  1.05133077e-05,  1.07841199e-05,
        1.10618991e-05,  1.13468247e-05,  1.16390809e-05,  1.19388564e-05,
        1.22463450e-05,  1.25617452e-05,  1.28852609e-05,  1.32171010e-05,
        1.35574800e-05,  1.39066176e-05,  1.42647395e-05,  1.46320771e-05,
        1.50088676e-05,  1.53953546e-05,  1.57917875e-05,  1.61984227e-05,
        1.66155227e-05,  1.70433571e-05,  1.74822023e-05,  1.79323417e-05,
        1.83940662e-05,  1.88676740e-05,  1.93534712e-05,  1.98517716e-05,
        2.03628971e-05,  2.08871779e-05,  2.14249527e-05,  2.19765690e-05,
        2.25423831e-05,  2.31227605e-05,  2.37180763e-05,  2.43287150e-05,
        2.49550711e-05,  2.55975492e-05,  2.62565645e-05,  2.69325426e-05,
        2.76259204e-05,  2.83371457e-05,  2.90666780e-05,  2.98149887e-05,
        3.05825611e-05,  3.13698912e-05,  3.21774877e-05,  3.30058721e-05,
        3.38555798e-05,  3.47271597e-05,  3.56211749e-05,  3.65382028e-05,
        3.74788361e-05,  3.84436823e-05,  3.94333648e-05,  4.04485229e-05,
        4.14898126e-05,  4.25579065e-05,  4.36534946e-05,  4.47772848e-05,
        4.59300031e-05,  4.71123941e-05,  4.83252219e-05,  4.95692698e-05,
        5.08453416e-05,  5.21542617e-05,  5.34968757e-05,  5.48740511e-05,
        5.62866774e-05,  5.77356674e-05,  5.92219572e-05,  6.07465069e-05,
        6.23103015e-05,  6.39143513e-05,  6.55596925e-05,  6.72473881e-05,
        6.89785285e-05,  7.07542320e-05,  7.25756458e-05,  7.44439467e-05,
        7.63603415e-05,  7.83260685e-05,  8.03423975e-05,  8.24106312e-05,
        8.45321058e-05,  8.67081918e-05,  8.89402950e-05,  9.12298575e-05,
        9.35783585e-05,  9.59873152e-05,  9.84582839e-05,  1.00992861e-04,
        1.03592684e-04,  1.06259432e-04,  1.08994828e-04,  1.11800640e-04,
        1.14678680e-04,  1.17630807e-04,  1.20658929e-04,  1.23765002e-04,
        1.26951032e-04,  1.30219078e-04,  1.33571252e-04,  1.37009718e-04,
        1.40536699e-04,  1.44154472e-04,  1.47865375e-04,  1.51671806e-04,
        1.55576224e-04,  1.59581150e-04,  1.63689173e-04,  1.67902946e-04,
        1.72225192e-04,  1.76658703e-04,  1.81206343e-04,  1.85871050e-04,
        1.90655838e-04,  1.95563797e-04,  2.00598100e-04,  2.05761998e-04,
        2.11058826e-04,  2.16492009e-04,  2.22065054e-04,  2.27781563e-04,
        2.33645229e-04,  2.39659839e-04,  2.45829281e-04,  2.52157539e-04,
        2.58648701e-04,  2.65306962e-04,  2.72136622e-04,  2.79142095e-04,
        2.86327905e-04,  2.93698696e-04,  3.01259228e-04,  3.09014387e-04,
        3.16969182e-04,  3.25128753e-04,  3.33498369e-04,  3.42083440e-04,
        3.50889509e-04,  3.59922266e-04,  3.69187546e-04,  3.78691332e-04,
        3.88439765e-04,  3.98439139e-04,  4.08695911e-04,  4.19216705e-04,
        4.30008313e-04,  4.41077701e-04,  4.52432010e-04,  4.64078566e-04,
        4.76024878e-04,  4.88278645e-04,  5.00847759e-04,  5.13740307e-04,
        5.26964576e-04,  5.40529055e-04,  5.54442438e-04,  5.68713623e-04,
        5.83351714e-04,  5.98366021e-04,  6.13766057e-04,  6.29561533e-04,
        6.45762355e-04,  6.62378613e-04,  6.79420568e-04,  6.96898640e-04,
        7.14823386e-04,  7.33205473e-04,  7.52055649e-04,  7.71384700e-04,
        7.91203407e-04,  8.11522483e-04,  8.32352507e-04,  8.53703838e-04,
        8.75586521e-04,  8.98010169e-04,  9.20983828e-04,  9.44515823e-04,
        9.68613579e-04,  9.93283413e-04,  1.01853030e-03,  1.04435761e-03,
        1.07076680e-03,  1.09775709e-03,  1.12532510e-03,  1.15346439e-03,
        1.18216510e-03,  1.21141335e-03,  1.24119082e-03,  1.27147410e-03,
        1.30223414e-03,  1.33343560e-03,  1.36503620e-03,  1.39698605e-03,
        1.42922697e-03,  1.46169184e-03,  1.49430390e-03,  1.52697617e-03,
        1.55961086e-03,  1.59209888e-03,  1.62431944e-03,  1.65613973e-03,
        1.68741484e-03,  1.71798769e-03,  1.74768931e-03,  1.77633919e-03,
        1.80374597e-03,  1.82970835e-03,  1.85401618e-03,  1.87645198e-03,
        1.89679256e-03,  1.91481108e-03,  1.93027921e-03,  1.94296960e-03,
        1.95265857e-03,  1.95912891e-03,  1.96217281e-03,  1.96159483e-03,
        1.95721490e-03,  1.94887119e-03,  1.93642283e-03,  1.91975247e-03,
        1.89876844e-03,  1.87340666e-03,  1.84363200e-03,  1.80943930e-03,
        1.77085378e-03,  1.72793098e-03,  1.68075610e-03,  1.62944288e-03,
        1.57413189e-03,  1.51498840e-03,  1.45219983e-03,  1.38597278e-03,
        1.31652982e-03,  1.24410613e-03,  1.16894584e-03,  1.09129857e-03,
        1.01141577e-03,  9.29547380e-04,  8.45938540e-04,  7.60826617e-04,
        6.74438514e-04,  5.86988308e-04,  4.98675258e-04,  4.09682194e-04,
        3.20174271e-04,  2.30298122e-04,  1.40181343e-04,  4.99323350e-05,
       -4.03595628e-05, -1.30623660e-04, -2.20807269e-04, -3.10874868e-04,
       -4.00807094e-04, -4.90599628e-04, -5.80261989e-04, -6.69816279e-04,
       -7.59295906e-04, -8.48744312e-04, -9.38213733e-04, -1.02776400e-03,
       -1.11746142e-03, -1.20737769e-03, -1.29758897e-03, -1.38817496e-03,
       -1.47921811e-03, -1.57080295e-03, -1.66301548e-03, -1.75594262e-03,
       -1.84967182e-03, -1.94429066e-03, -2.03988664e-03, -2.13654690e-03,
       -2.23435812e-03, -2.33340638e-03, -2.43377716e-03, -2.53555530e-03,
       -2.63882502e-03, -2.74367003e-03, -2.85017354e-03, -2.95841841e-03,
       -3.06848725e-03, -3.18046255e-03, -3.29442680e-03, -3.41046263e-03,
       -3.52865300e-03, -3.64908127e-03, -3.77183136e-03, -3.89698795e-03,
       -4.02463652e-03, -4.15486354e-03, -4.28775662e-03, -4.42340454e-03,
       -4.56189747e-03, -4.70332703e-03, -4.84778638e-03, -4.99537039e-03,
       -5.14617569e-03, -5.30030076e-03, -5.45784608e-03, -5.61891416e-03,
       -5.78360968e-03, -5.95203953e-03, -6.12431295e-03, -6.30054157e-03,
       -6.48083951e-03, -6.66532348e-03, -6.85411283e-03, -7.04732969e-03,
       -7.24509899e-03, -7.44754860e-03, -7.65480937e-03, -7.86701527e-03,
       -8.08430343e-03, -8.30681427e-03, -8.53469156e-03, -8.76808254e-03,
       -9.00713801e-03, -9.25201241e-03, -9.50286395e-03, -9.75985469e-03,
       -1.00231506e-02, -1.02929219e-02, -1.05693428e-02, -1.08525918e-02,
       -1.11428519e-02, -1.14403106e-02, -1.17451600e-02, -1.20575971e-02,
       -1.23778235e-02, -1.27060462e-02, -1.30424770e-02, -1.33873332e-02,
       -1.37408374e-02, -1.41032177e-02, -1.44747081e-02, -1.48555483e-02,
       -1.52459839e-02, -1.56462668e-02, -1.60566550e-02, -1.64774129e-02,
       -1.69088117e-02, -1.73511289e-02, -1.78046493e-02, -1.82696643e-02,
       -1.87464726e-02, -1.92353803e-02, -1.97367005e-02, -2.02507543e-02,
       -2.07778701e-02, -2.13183840e-02, -2.18726402e-02, -2.24409905e-02,
       -2.30237949e-02, -2.36214210e-02, -2.42342447e-02, -2.48626498e-02,
       -2.55070278e-02, -2.61677781e-02, -2.68453076e-02, -2.75400308e-02,
       -2.82523690e-02, -2.89827505e-02, -2.97316098e-02, -3.04993875e-02,
       -3.12865289e-02, -3.20934844e-02, -3.29207074e-02, -3.37686543e-02,
       -3.46377829e-02, -3.55285512e-02, -3.64414157e-02, -3.73768302e-02,
       -3.83352432e-02, -3.93170964e-02, -4.03228221e-02, -4.13528401e-02,
       -4.24075558e-02, -4.34873557e-02, -4.45926048e-02, -4.57236425e-02,
       -4.68807781e-02, -4.80642864e-02, -4.92744029e-02, -5.05113181e-02,
       -5.17751724e-02, -5.30660495e-02, -5.43839703e-02, -5.57288861e-02,
       -5.71006713e-02, -5.84991163e-02, -5.99239197e-02, -6.13746804e-02,
       -6.28508894e-02, -6.43519218e-02, -6.58770283e-02, -6.74253272e-02,
       -6.89957958e-02, -7.05872631e-02, -7.21984015e-02, -7.38277202e-02,
       -7.54735578e-02, -7.71340772e-02, -7.88072597e-02, -8.04909012e-02,
       -8.21826092e-02, -8.38798007e-02, -8.55797020e-02, -8.72793499e-02,
       -8.89755946e-02, -9.06651043e-02, -9.23443718e-02, -9.40097233e-02,
       -9.56573292e-02, -9.72832167e-02, -9.88832855e-02, -1.00453324e-01,
       -1.01989031e-01, -1.03486034e-01, -1.04939914e-01, -1.06346233e-01,
       -1.07700558e-01, -1.08998487e-01, -1.10235686e-01, -1.11407912e-01,
       -1.12511046e-01, -1.13541124e-01, -1.14494369e-01, -1.15367217e-01,
       -1.16156352e-01, -1.16858727e-01, -1.17471595e-01, -1.17992530e-01,
       -1.18419451e-01, -1.18750637e-01, -1.18984746e-01, -1.19120822e-01,
       -1.19158312e-01, -1.19097064e-01, -1.18937329e-01, -1.18679763e-01,
       -1.18325417e-01, -1.17875730e-01, -1.17332514e-01, -1.16697937e-01,
       -1.15974508e-01, -1.15165051e-01, -1.14272681e-01, -1.13300780e-01,
       -1.12252968e-01, -1.11133070e-01, -1.09945092e-01, -1.08693188e-01,
       -1.07381625e-01, -1.06014759e-01, -1.04597000e-01, -1.03132787e-01,
       -1.01626555e-01, -1.00082715e-01, -9.85056226e-02, -9.68995604e-02,
       -9.52687139e-02, -9.36171537e-02, -9.19488185e-02, -9.02675010e-02,
       -8.85768347e-02, -8.68802845e-02, -8.51811381e-02, -8.34824997e-02,
       -8.17872863e-02, -8.00982247e-02, -7.84178511e-02, -7.67485117e-02,
       -7.50923649e-02, -7.34513844e-02, -7.18273641e-02, -7.02219229e-02,
       -6.86365113e-02, -6.70724181e-02, -6.55307776e-02, -6.40125774e-02,
       -6.25186666e-02, -6.10497635e-02, -5.96064646e-02, -5.81892519e-02,
       -5.67985022e-02, -5.54344943e-02, -5.40974171e-02, -5.27873773e-02,
       -5.15044068e-02, -5.02484694e-02, -4.90194678e-02, -4.78172496e-02,
       -4.66416137e-02, -4.54923153e-02, -4.43690718e-02, -4.32715668e-02,
       -4.21994556e-02, -4.11523685e-02, -4.01299149e-02, -3.91316870e-02,
       -3.81572625e-02, -3.72062077e-02, -3.62780804e-02, -3.53724316e-02,
       -3.44888079e-02, -3.36267535e-02, -3.27858116e-02, -3.19655259e-02,
       -3.11654420e-02, -3.03851084e-02, -2.96240772e-02, -2.88819056e-02,
       -2.81581559e-02, -2.74523965e-02, -2.67642023e-02, -2.60931551e-02,
       -2.54388437e-02, -2.48008647e-02, -2.41788222e-02, -2.35723282e-02,
       -2.29810026e-02, -2.24044733e-02, -2.18423761e-02, -2.12943549e-02,
       -2.07600617e-02, -2.02391562e-02, -1.97313060e-02, -1.92361866e-02,
       -1.87534809e-02, -1.82828795e-02, -1.78240805e-02, -1.73767889e-02,
       -1.69407173e-02, -1.65155850e-02, -1.61011184e-02, -1.56970504e-02,
       -1.53031206e-02, -1.49190751e-02, -1.45446662e-02, -1.41796522e-02,
       -1.38237978e-02, -1.34768732e-02, -1.31386545e-02, -1.28089233e-02,
       -1.24874667e-02, -1.21740772e-02, -1.18685523e-02, -1.15706948e-02,
       -1.12803123e-02, -1.09972172e-02, -1.07212266e-02, -1.04521624e-02,
       -1.01898506e-02, -9.93412179e-03, -9.68481085e-03, -9.44175667e-03,
       -9.20480225e-03, -8.97379450e-03, -8.74858420e-03, -8.52902586e-03,
       -8.31497762e-03, -8.10630121e-03, -7.90286182e-03, -7.70452801e-03,
       -7.51117167e-03, -7.32266786e-03, -7.13889481e-03, -6.95973380e-03,
       -6.78506907e-03, -6.61478780e-03, -6.44877996e-03, -6.28693832e-03,
       -6.12915831e-03, -5.97533800e-03, -5.82537802e-03, -5.67918149e-03,
       -5.53665396e-03, -5.39770335e-03, -5.26223989e-03, -5.13017606e-03,
       -5.00142655e-03, -4.87590818e-03, -4.75353986e-03, -4.63424253e-03,
       -4.51793912e-03, -4.40455450e-03, -4.29401541e-03, -4.18625045e-03,
       -4.08118998e-03, -3.97876614e-03, -3.87891276e-03, -3.78156532e-03,
       -3.68666094e-03, -3.59413830e-03, -3.50393763e-03, -3.41600065e-03,
       -3.33027057e-03, -3.24669198e-03, -3.16521089e-03, -3.08577467e-03,
       -3.00833200e-03, -2.93283284e-03, -2.85922841e-03, -2.78747117e-03,
       -2.71751476e-03, -2.64931398e-03, -2.58282478e-03, -2.51800419e-03,
       -2.45481034e-03, -2.39320240e-03, -2.33314058e-03, -2.27458607e-03,
       -2.21750104e-03, -2.16184861e-03, -2.10759283e-03, -2.05469865e-03,
       -2.00313189e-03, -1.95285924e-03, -1.90384823e-03, -1.85606718e-03,
       -1.80948523e-03, -1.76407229e-03, -1.71979902e-03, -1.67663681e-03,
       -1.63455778e-03, -1.59353475e-03, -1.55354121e-03, -1.51455132e-03,
       -1.47653990e-03, -1.43948239e-03, -1.40335485e-03, -1.36813394e-03,
       -1.33379690e-03, -1.30032155e-03, -1.26768627e-03, -1.23586996e-03,
       -1.20485209e-03, -1.17461260e-03, -1.14513195e-03, -1.11639112e-03,
       -1.08837152e-03, -1.06105506e-03, -1.03442408e-03, -1.00846139e-03,
       -9.83150210e-04, -9.58474186e-04, -9.34417378e-04, -9.10964244e-04,
       -8.88099633e-04, -8.65808772e-04, -8.44077262e-04, -8.22891062e-04,
       -8.02236486e-04, -7.82100189e-04, -7.62469164e-04, -7.43330726e-04,
       -7.24672512e-04, -7.06482469e-04, -6.88748844e-04, -6.71460180e-04,
       -6.54605309e-04, -6.38173341e-04, -6.22153662e-04, -6.06535920e-04,
       -5.91310027e-04, -5.76466146e-04, -5.61994688e-04, -5.47886302e-04,
       -5.34131875e-04, -5.20722520e-04, -5.07649575e-04, -4.94904593e-04,
       -4.82479341e-04, -4.70365792e-04, -4.58556119e-04, -4.47042694e-04,
       -4.35818078e-04, -4.24875019e-04, -4.14206448e-04, -4.03805472e-04,
       -3.93665373e-04, -3.83779598e-04, -3.74141761e-04, -3.64745637e-04,
       -3.55585154e-04, -3.46654394e-04, -3.37947588e-04, -3.29459111e-04,
       -3.21183479e-04, -3.13115346e-04, -3.05249498e-04, -2.97580855e-04,
       -2.90104463e-04, -2.82815490e-04, -2.75709228e-04, -2.68781087e-04,
       -2.62026590e-04, -2.55441373e-04, -2.49021183e-04, -2.42761871e-04,
       -2.36659394e-04, -2.30709809e-04, -2.24909273e-04, -2.19254038e-04,
       -2.13740450e-04, -2.08364949e-04, -2.03124060e-04, -1.98014398e-04,
       -1.93032662e-04, -1.88175633e-04, -1.83440174e-04, -1.78823225e-04,
       -1.74321804e-04, -1.69933003e-04, -1.65653985e-04, -1.61481988e-04,
       -1.57414314e-04, -1.53448337e-04, -1.49581495e-04, -1.45811288e-04,
       -1.42135282e-04, -1.38551102e-04, -1.35056431e-04, -1.31649013e-04,
       -1.28326646e-04, -1.25087184e-04, -1.21928533e-04, -1.18848654e-04,
       -1.15845555e-04, -1.12917299e-04, -1.10061991e-04, -1.07277788e-04,
       -1.04562892e-04, -1.01915548e-04, -9.93340453e-05, -9.68167170e-05,
       -9.43619365e-05, -9.19681179e-05, -8.96337148e-05, -8.73572189e-05,
       -8.51371595e-05, -8.29721025e-05, -8.08606491e-05, -7.88014351e-05,
       -7.67931303e-05, -7.48344373e-05, -7.29240905e-05, -7.10608558e-05,
       -6.92435296e-05, -6.74709377e-05, -6.57419349e-05, -6.40554043e-05,
       -6.24102563e-05, -6.08054280e-05, -5.92398827e-05, -5.77126089e-05,
       -5.62226200e-05, -5.47689533e-05, -5.33506698e-05, -5.19668531e-05,
       -5.06166092e-05, -4.92990659e-05, -4.80133719e-05, -4.67586967e-05,
       -4.55342296e-05, -4.43391796e-05, -4.31727746e-05, -4.20342611e-05,
       -4.09229036e-05, -3.98379841e-05, -3.87788016e-05, -3.77446719e-05,
       -3.67349269e-05, -3.57489143e-05, -3.47859971e-05, -3.38455531e-05,
       -3.29269748e-05, -3.20296687e-05, -3.11530553e-05, -3.02965680e-05,
       -2.94596537e-05, -2.86417715e-05, -2.78423932e-05, -2.70610023e-05,
       -2.62970940e-05, -2.55501748e-05, -2.48197620e-05, -2.41053840e-05,
       -2.34065790e-05, -2.27228957e-05, -2.20538924e-05, -2.13991369e-05,
       -2.07582061e-05, -2.01306860e-05, -1.95161713e-05, -1.89142648e-05,
       -1.83245778e-05, -1.77467293e-05, -1.71803459e-05, -1.66250617e-05,
       -1.60805181e-05, -1.55463632e-05, -1.50222519e-05, -1.45078456e-05,
       -1.40028121e-05, -1.35068249e-05, -1.30195638e-05, -1.25407139e-05,
       -1.20699658e-05, -1.16070154e-05, -1.11515637e-05, -1.07033164e-05,
       -1.02619838e-05, -9.82728101e-06, -9.39892703e-06, -8.97664516e-06,
       -8.56016259e-06, -8.14921027e-06, -7.74352268e-06, -7.34283775e-06,
       -6.94689661e-06, -6.55544347e-06, -6.16822543e-06, -5.78499234e-06,
       -5.40549660e-06, -5.02949304e-06, -4.65673876e-06, -4.28699293e-06,
       -3.92001669e-06, -3.55557295e-06, -3.19342626e-06, -2.83334266e-06,
       -2.47508953e-06, -2.11843541e-06, -1.76314990e-06, -1.40900345e-06,
       -1.05576729e-06, -7.03213191e-07, -3.51113403e-07,  7.59551643e-10])], 2: []}
KEDs = {0: [array([5.92209788e-17, 5.93936906e-17, 5.97401214e-17, 6.02622909e-17,
       6.09632438e-17, 6.18470671e-17, 6.29189141e-17, 6.41850344e-17,
       6.56528103e-17, 6.73307999e-17, 6.92287870e-17, 7.13578383e-17,
       7.37303673e-17, 7.63602077e-17, 7.92626931e-17, 8.24547469e-17,
       8.59549810e-17, 8.97838041e-17, 9.39635408e-17, 9.85185617e-17,
       1.03475426e-16, 1.08863034e-16, 1.14712802e-16, 1.21058835e-16,
       1.27938136e-16, 1.35390817e-16, 1.43460330e-16, 1.52193727e-16,
       1.61641929e-16, 1.71860025e-16, 1.82907595e-16, 1.94849052e-16,
       2.07754023e-16, 2.21697753e-16, 2.36761544e-16, 2.53033226e-16,
       2.70607676e-16, 2.89587363e-16, 3.10082953e-16, 3.32213947e-16,
       3.56109386e-16, 3.81908594e-16, 4.09761998e-16, 4.39832004e-16,
       4.72293938e-16, 5.07337076e-16, 5.45165743e-16, 5.86000504e-16,
       6.30079455e-16, 6.77659605e-16, 7.29018377e-16, 7.84455229e-16,
       8.44293394e-16, 9.08881768e-16, 9.78596945e-16, 1.05384541e-15,
       1.13506592e-15, 1.22273203e-15, 1.31735490e-15, 1.41948625e-15,
       1.52972156e-15, 1.64870359e-15, 1.77712608e-15, 1.91573782e-15,
       2.06534701e-15, 2.22682596e-15, 2.40111622e-15, 2.58923400e-15,
       2.79227617e-15, 3.01142659e-15, 3.24796305e-15, 3.50326473e-15,
       3.77882020e-15, 4.07623614e-15, 4.39724667e-15, 4.74372351e-15,
       5.11768685e-15, 5.52131714e-15, 5.95696782e-15, 6.42717902e-15,
       6.93469239e-15, 7.48246707e-15, 8.07369697e-15, 8.71182933e-15,
       9.40058490e-15, 1.01439796e-14, 1.09463479e-14, 1.18123681e-14,
       1.27470898e-14, 1.37559629e-14, 1.48448700e-14, 1.60201600e-14,
       1.72886856e-14, 1.86578433e-14, 2.01356161e-14, 2.17306204e-14,
       2.34521562e-14, 2.53102612e-14, 2.73157694e-14, 2.94803742e-14,
       3.18166967e-14, 3.43383593e-14, 3.70600649e-14, 3.99976829e-14,
       4.31683416e-14, 4.65905281e-14, 5.02841959e-14, 5.42708816e-14,
       5.85738304e-14, 6.32181312e-14, 6.82308634e-14, 7.36412546e-14,
       7.94808511e-14, 8.57837015e-14, 9.25865558e-14, 9.99290790e-14,
       1.07854083e-13, 1.16407776e-13, 1.25640032e-13, 1.35604680e-13,
       1.46359822e-13, 1.57968168e-13, 1.70497400e-13, 1.84020574e-13,
       1.98616539e-13, 2.14370399e-13, 2.31374008e-13, 2.49726511e-13,
       2.69534914e-13, 2.90914713e-13, 3.13990567e-13, 3.38897023e-13,
       3.65779304e-13, 3.94794150e-13, 4.26110737e-13, 4.59911663e-13,
       4.96394009e-13, 5.35770492e-13, 5.78270703e-13, 6.24142447e-13,
       6.73653186e-13, 7.27091602e-13, 7.84769276e-13, 8.47022507e-13,
       9.14214274e-13, 9.86736350e-13, 1.06501159e-12, 1.14949638e-12,
       1.24068334e-12, 1.33910413e-12, 1.44533263e-12, 1.55998821e-12,
       1.68373940e-12, 1.81730774e-12, 1.96147202e-12, 2.11707283e-12,
       2.28501742e-12, 2.46628502e-12, 2.66193254e-12, 2.87310073e-12,
       3.10102085e-12, 3.34702183e-12, 3.61253801e-12, 3.89911753e-12,
       4.20843135e-12, 4.54228296e-12, 4.90261895e-12, 5.29154032e-12,
       5.71131474e-12, 6.16438978e-12, 6.65340716e-12, 7.18121818e-12,
       7.75090034e-12, 8.36577527e-12, 9.02942809e-12, 9.74572835e-12,
       1.05188526e-11, 1.13533085e-11, 1.22539618e-11, 1.32260636e-11,
       1.42752820e-11, 1.54077348e-11, 1.66300247e-11, 1.79492787e-11,
       1.93731888e-11, 2.09100574e-11, 2.25688455e-11, 2.43592249e-11,
       2.62916346e-11, 2.83773421e-11, 3.06285082e-11, 3.30582589e-11,
       3.56807612e-11, 3.85113060e-11, 4.15663974e-11, 4.48638485e-11,
       4.84228857e-11, 5.22642606e-11, 5.64103709e-11, 6.08853913e-11,
       6.57154140e-11, 7.09286015e-11, 7.65553500e-11, 8.26284673e-11,
       8.91833636e-11, 9.62582586e-11, 1.03894403e-10, 1.12136322e-10,
       1.21032070e-10, 1.30633516e-10, 1.40996643e-10, 1.52181874e-10,
       1.64254427e-10, 1.77284694e-10, 1.91348649e-10, 2.06528294e-10,
       2.22912137e-10, 2.40595707e-10, 2.59682111e-10, 2.80282635e-10,
       3.02517395e-10, 3.26516033e-10, 3.52418478e-10, 3.80375758e-10,
       4.10550884e-10, 4.43119796e-10, 4.78272392e-10, 5.16213637e-10,
       5.57164753e-10, 6.01364512e-10, 6.49070628e-10, 7.00561260e-10,
       7.56136634e-10, 8.16120789e-10, 8.80863476e-10, 9.50742185e-10,
       1.02616436e-09, 1.10756976e-09, 1.19543303e-09, 1.29026647e-09,
       1.39262303e-09, 1.50309952e-09, 1.62234008e-09, 1.75103997e-09,
       1.88994960e-09, 2.03987890e-09, 2.20170205e-09, 2.37636261e-09,
       2.56487894e-09, 2.76835024e-09, 2.98796287e-09, 3.22499733e-09,
       3.48083568e-09, 3.75696963e-09, 4.05500923e-09, 4.37669225e-09,
       4.72389431e-09, 5.09863984e-09, 5.50311385e-09, 5.93967469e-09,
       6.41086782e-09, 6.91944060e-09, 7.46835835e-09, 8.06082162e-09,
       8.70028488e-09, 9.39047663e-09, 1.01354211e-08, 1.09394619e-08,
       1.18072871e-08, 1.27439567e-08, 1.37549321e-08, 1.48461079e-08,
       1.60238465e-08, 1.72950148e-08, 1.86670246e-08, 2.01478757e-08,
       2.17462024e-08, 2.34713240e-08, 2.53332991e-08, 2.73429843e-08,
       2.95120973e-08, 3.18532856e-08, 3.43801999e-08, 3.71075737e-08,
       4.00513093e-08, 4.32285707e-08, 4.66578834e-08, 5.03592424e-08,
       5.43542291e-08, 5.86661365e-08, 6.33201056e-08, 6.83432717e-08,
       7.37649224e-08, 7.96166685e-08, 8.59326281e-08, 9.27496252e-08,
       1.00107404e-07, 1.08048862e-07, 1.16620295e-07, 1.25871672e-07,
       1.35856921e-07, 1.46634247e-07, 1.58266461e-07, 1.70821354e-07,
       1.84372078e-07, 1.98997578e-07, 2.14783035e-07, 2.31820361e-07,
       2.50208718e-07, 2.70055084e-07, 2.91474848e-07, 3.14592457e-07,
       3.39542103e-07, 3.66468449e-07, 3.95527409e-07, 4.26886962e-07,
       4.60728020e-07, 4.97245328e-07, 5.36648400e-07, 5.79162493e-07,
       6.25029591e-07, 6.74509401e-07, 7.27880339e-07, 7.85440479e-07,
       8.47508449e-07, 9.14424219e-07, 9.86549752e-07, 1.06426945e-06,
       1.14799036e-06, 1.23814195e-06, 1.33517555e-06, 1.43956313e-06,
       1.55179542e-06, 1.67237915e-06, 1.80183324e-06, 1.94068376e-06,
       2.08945738e-06, 2.24867309e-06, 2.41883192e-06, 2.60040441e-06,
       2.79381543e-06, 2.99942620e-06, 3.21751322e-06, 3.44824381e-06,
       3.69164830e-06, 3.94758864e-06, 4.21572369e-06, 4.49547135e-06,
       4.78596822e-06, 5.08602742e-06, 5.39409580e-06, 5.70821207e-06,
       6.02596769e-06, 6.34447305e-06, 6.66033153e-06, 6.96962489e-06,
       7.26791338e-06, 7.55025442e-06, 7.81124366e-06, 8.04508214e-06,
       8.24567259e-06, 8.40674745e-06, 8.52202959e-06, 8.58542557e-06,
       8.59124893e-06, 8.53446885e-06, 8.41097715e-06, 8.21786353e-06,
       7.95368697e-06, 7.61872835e-06, 7.21520827e-06, 6.74745293e-06,
       6.22199118e-06, 5.64756768e-06, 5.03505971e-06, 4.39728967e-06,
       3.74873078e-06, 3.10510999e-06, 2.48291908e-06, 1.89885195e-06,
       1.36919256e-06, 9.09183168e-07, 5.32405831e-07, 2.50211645e-07,
       7.12306595e-08, 9.91865802e-10, 4.16765286e-08, 1.92020203e-07,
       4.47369580e-07, 7.99890598e-07, 1.23891483e-06, 1.75140282e-06,
       2.32249647e-06, 2.93612811e-06, 3.57565205e-06, 4.22446500e-06,
       4.86658456e-06, 5.48715988e-06, 6.07289465e-06, 6.61236949e-06,
       7.09625800e-06, 7.51743720e-06, 7.87099908e-06, 8.15417451e-06,
       8.36618416e-06, 8.50803289e-06, 8.58226473e-06, 8.59269500e-06,
       8.54413483e-06, 8.44212082e-06, 8.29266075e-06, 8.10200284e-06,
       7.87643429e-06, 7.62211168e-06, 7.34492429e-06, 7.05038952e-06,
       6.74357826e-06, 6.42906719e-06, 6.11091447e-06, 5.79265510e-06,
       5.47731191e-06, 5.16741884e-06, 4.86505294e-06, 4.57187229e-06,
       4.28915739e-06, 4.01785384e-06, 3.75861478e-06, 3.51184187e-06,
       3.27772386e-06, 3.05627216e-06, 2.84735316e-06, 2.65071697e-06,
       2.46602279e-06, 2.29286087e-06, 2.13077128e-06, 1.97925978e-06,
       1.83781109e-06, 1.70589970e-06, 1.58299868e-06, 1.46858665e-06,
       1.36215319e-06, 1.26320301e-06, 1.17125890e-06, 1.08586388e-06,
       1.00658256e-06, 9.33001871e-07, 8.64731378e-07, 8.01403158e-07,
       7.42671425e-07, 6.88211924e-07, 6.37721179e-07, 5.90915614e-07,
       5.47530624e-07, 5.07319589e-07, 4.70052884e-07, 4.35516885e-07,
       4.03513000e-07, 3.73856711e-07, 3.46376673e-07, 3.20913833e-07,
       2.97320600e-07, 2.75460061e-07, 2.55205235e-07, 2.36438379e-07,
       2.19050330e-07, 2.02939897e-07, 1.88013283e-07, 1.74183560e-07,
       1.61370164e-07, 1.49498437e-07, 1.38499199e-07, 1.28308343e-07,
       1.18866470e-07, 1.10118543e-07, 1.02013563e-07, 9.45042822e-08,
       8.75469203e-08, 8.11009152e-08, 7.51286849e-08, 6.95954093e-08,
       6.44688269e-08, 5.97190475e-08, 5.53183773e-08, 5.12411582e-08,
       4.74636178e-08, 4.39637309e-08, 4.07210912e-08, 3.77167925e-08,
       3.49333180e-08, 3.23544385e-08, 2.99651179e-08, 2.77514253e-08,
       2.57004537e-08, 2.38002449e-08, 2.20397200e-08, 2.04086143e-08,
       1.88974179e-08, 1.74973197e-08, 1.62001568e-08, 1.49983661e-08,
       1.38849409e-08, 1.28533893e-08, 1.18976972e-08, 1.10122923e-08,
       1.01920123e-08, 9.43207452e-09, 8.72804799e-09, 8.07582761e-09,
       7.47161024e-09, 6.91187245e-09, 6.39335000e-09, 5.91301877e-09,
       5.46807710e-09, 5.05592943e-09, 4.67417114e-09, 4.32057451e-09,
       3.99307571e-09, 3.68976272e-09, 3.40886417e-09, 3.14873897e-09,
       2.90786671e-09, 2.68483879e-09, 2.47835016e-09, 2.28719167e-09,
       2.11024305e-09, 1.94646625e-09, 1.79489947e-09, 1.65465148e-09,
       1.52489637e-09, 1.40486878e-09, 1.29385940e-09, 1.19121078e-09,
       1.09631353e-09, 1.00860275e-09, 9.27554739e-10, 8.52683902e-10,
       7.83539963e-10, 7.19705331e-10, 6.60792672e-10, 6.06442669e-10,
       5.56321944e-10, 5.10121135e-10, 4.67553118e-10, 4.28351366e-10,
       3.92268424e-10, 3.59074504e-10, 3.28556189e-10, 3.00515228e-10,
       2.74767431e-10, 2.51141644e-10, 2.29478801e-10, 2.09631054e-10,
       1.91460968e-10, 1.74840780e-10, 1.59651709e-10, 1.45783333e-10,
       1.33133001e-10, 1.21605300e-10, 1.11111562e-10, 1.01569408e-10,
       9.29023290e-11, 8.50392995e-11, 7.79144208e-11, 7.14665909e-11,
       6.56391992e-11, 6.03798429e-11, 5.56400639e-11, 5.13751013e-11,
       4.75436617e-11, 4.41077001e-11, 4.10322146e-11, 3.82850494e-11,
       3.58367067e-11, 3.36601655e-11, 3.17307061e-11, 3.00257400e-11,
       2.85246437e-11, 2.72085974e-11, 2.60604267e-11, 2.50644495e-11,
       2.42063268e-11, 2.34729190e-11, 2.28521489e-11, 2.23328709e-11,
       2.19047495e-11, 2.15581464e-11, 2.12840189e-11, 2.10738297e-11,
       2.09194688e-11, 2.08131900e-11, 2.07475591e-11, 2.07154181e-11,
       2.07098611e-11, 2.07242245e-11, 2.07520887e-11, 2.07872901e-11,
       2.08239438e-11, 2.08564714e-11, 2.08796363e-11, 2.08885808e-11,
       2.08788645e-11, 2.08465017e-11, 2.07879958e-11, 2.07003681e-11,
       2.05811810e-11, 2.04285528e-11, 2.02411645e-11, 2.00182568e-11,
       1.97596186e-11, 1.94655660e-11, 1.91369133e-11, 1.87749358e-11,
       1.83813262e-11, 1.79581463e-11, 1.75077733e-11, 1.70328449e-11,
       1.65362026e-11, 1.60208346e-11, 1.54898213e-11, 1.49462823e-11,
       1.43933274e-11, 1.38340121e-11, 1.32712970e-11, 1.27080136e-11,
       1.21468351e-11, 1.15902529e-11, 1.10405581e-11, 1.04998294e-11,
       9.96992460e-12, 9.45247755e-12, 8.94889886e-12, 8.46038012e-12,
       7.98790121e-12, 7.53224005e-12, 7.09398437e-12, 6.67354498e-12,
       6.27117001e-12, 5.88695983e-12, 5.52088223e-12, 5.17278756e-12,
       4.84242351e-12, 4.52944943e-12, 4.23344991e-12, 3.95394753e-12,
       3.69041472e-12, 3.44228461e-12, 3.20896092e-12, 2.98982679e-12,
       2.78425263e-12, 2.59160307e-12, 2.41124294e-12, 2.24254236e-12,
       2.08488114e-12, 1.93765232e-12, 1.80026519e-12, 1.67214752e-12,
       1.55274747e-12, 1.44153485e-12, 1.33800206e-12, 1.24166466e-12,
       1.15206162e-12, 1.06875530e-12, 9.91331284e-13, 9.19397909e-13,
       8.52585788e-13, 7.90547127e-13, 7.32954991e-13, 6.79502500e-13,
       6.29901978e-13, 5.83884072e-13, 5.41196865e-13, 5.01604974e-13,
       4.64888667e-13, 4.30842984e-13, 3.99276886e-13, 3.70012429e-13,
       3.42883960e-13, 3.17737358e-13, 2.94429294e-13, 2.72826536e-13,
       2.52805287e-13, 2.34250553e-13, 2.17055554e-13, 2.01121161e-13,
       1.86355375e-13, 1.72672826e-13, 1.59994319e-13, 1.48246393e-13,
       1.37360918e-13, 1.27274718e-13, 1.17929217e-13, 1.09270109e-13,
       1.01247050e-13, 9.38133761e-14, 8.69258337e-14, 8.05443350e-14,
       7.46317271e-14, 6.91535792e-14, 6.40779838e-14, 5.93753735e-14,
       5.50183494e-14, 5.09815232e-14, 4.72413698e-14, 4.37760912e-14,
       4.05654900e-14, 3.75908518e-14, 3.48348370e-14, 3.22813794e-14,
       2.99155933e-14, 2.77236866e-14, 2.56928803e-14, 2.38113349e-14,
       2.20680803e-14, 2.04529530e-14, 1.89565362e-14, 1.75701052e-14,
       1.62855763e-14, 1.50954602e-14, 1.39928178e-14, 1.29712202e-14,
       1.20247108e-14, 1.11477708e-14, 1.03352873e-14, 9.58252286e-15,
       8.88508846e-15, 8.23891759e-15, 7.64024267e-15, 7.08557301e-15,
       6.57167455e-15, 6.09555091e-15, 5.65442598e-15, 5.24572770e-15,
       4.86707310e-15, 4.51625436e-15, 4.19122599e-15, 3.89009284e-15,
       3.61109912e-15, 3.35261809e-15, 3.11314265e-15, 2.89127649e-15,
       2.68572599e-15, 2.49529264e-15, 2.31886610e-15, 2.15541767e-15,
       2.00399435e-15, 1.86371324e-15, 1.73375640e-15, 1.61336609e-15,
       1.50184037e-15, 1.39852896e-15, 1.30282949e-15, 1.21418396e-15,
       1.13207551e-15, 1.05602540e-15, 9.85590207e-16, 9.20359238e-16,
       8.59952157e-16, 8.04016750e-16, 7.52226876e-16, 7.04280565e-16,
       6.59898259e-16, 6.18821179e-16, 5.80809818e-16, 5.45642544e-16,
       5.13114309e-16, 4.83035452e-16, 4.55230591e-16, 4.29537607e-16,
       4.05806693e-16, 3.83899480e-16, 3.63688236e-16, 3.45055114e-16,
       3.27891473e-16, 3.12097235e-16, 2.97580311e-16, 2.84256057e-16,
       2.72046783e-16, 2.60881301e-16, 2.50694509e-16, 2.41427011e-16,
       2.33024772e-16, 2.25438801e-16, 2.18624866e-16, 2.12543237e-16,
       2.07158456e-16, 2.02439124e-16, 1.98357725e-16, 1.94890462e-16,
       1.92017118e-16, 1.89720940e-16, 1.87988539e-16, 1.86809815e-16,
       1.86177894e-16, 1.86089093e-16, 1.86542893e-16, 1.87541940e-16,
       1.89092059e-16, 1.91202289e-16, 1.93884934e-16, 1.97155635e-16,
       2.01033463e-16, 2.05541028e-16, 2.10704612e-16, 2.16554323e-16,
       2.23124267e-16, 2.30452753e-16, 2.38582509e-16, 2.47560939e-16,
       2.57440392e-16, 2.68278473e-16, 2.80138374e-16, 2.93089246e-16,
       3.07206602e-16, 3.22572756e-16, 3.39277302e-16, 3.57417640e-16,
       3.77099539e-16, 3.98437758e-16, 4.21556713e-16, 4.46591203e-16,
       4.73687197e-16, 5.03002681e-16, 5.34708585e-16, 5.68989775e-16,
       6.06046134e-16, 6.46093724e-16, 6.89366051e-16, 7.36115421e-16,
       7.86614414e-16, 8.41157473e-16, 9.00062621e-16, 9.63673313e-16,
       1.03236044e-15, 1.10652450e-15, 1.18659792e-15, 1.27304757e-15,
       1.36637752e-15, 1.46713195e-15, 1.57589831e-15, 1.69331079e-15,
       1.82005398e-15, 1.95686689e-15, 2.10454721e-15, 2.26395603e-15,
       2.43602281e-15, 2.62175081e-15, 2.82222295e-15, 3.03860811e-15,
       3.27216798e-15, 3.52426434e-15, 3.79636711e-15, 4.09006282e-15,
       4.40706390e-15, 4.74921870e-15, 5.11852220e-15, 5.51712768e-15,
       5.94735929e-15, 6.41172556e-15, 6.91293407e-15, 7.45390718e-15,
       8.03779914e-15, 8.66801442e-15, 9.34822761e-15, 1.00824048e-14,
       1.08748267e-14, 1.17301138e-14, 1.26532528e-14, 1.36496263e-14,
       1.47250439e-14, 1.58857759e-14, 1.71385902e-14, 1.84907915e-14,
       1.99502641e-14, 2.15255177e-14, 2.32257370e-14, 2.50608355e-14,
       2.70415130e-14, 2.91793182e-14, 3.14867160e-14, 3.39771599e-14,
       3.66651710e-14, 3.95664222e-14, 4.26978297e-14, 4.60776517e-14,
       4.97255948e-14, 5.36629290e-14, 5.79126116e-14, 6.24994211e-14,
       6.74501015e-14, 7.27935188e-14, 7.85608287e-14, 8.47856583e-14,
       9.15043026e-14, 9.87559358e-14, 1.06582840e-13, 1.15030651e-13,
       1.24148625e-13, 1.33989926e-13, 1.44611936e-13, 1.56076588e-13,
       1.68450728e-13, 1.81806507e-13, 1.96221797e-13, 2.11780648e-13,
       2.28573780e-13, 2.46699108e-13, 2.66262315e-13, 2.87377466e-13,
       3.10167678e-13, 3.34765833e-13, 3.61315354e-13, 3.89971044e-13,
       4.20899983e-13, 4.54282508e-13, 4.90313262e-13, 5.29202328e-13,
       5.71176455e-13, 6.16480381e-13, 6.65378258e-13, 7.18155193e-13,
       7.75118912e-13, 8.36601549e-13, 9.02961592e-13, 9.74585962e-13,
       1.05189228e-12, 1.13533129e-12, 1.22538950e-12, 1.32259201e-12,
       1.42750557e-12, 1.54074190e-12, 1.66296125e-12, 1.79487623e-12,
       1.93725600e-12, 2.09093072e-12, 2.25679643e-12, 2.43582023e-12,
       2.62904595e-12, 2.83760023e-12, 3.06269907e-12, 3.30565496e-12,
       3.56788448e-12, 3.85091662e-12, 4.15640163e-12, 4.48612071e-12,
       4.84199633e-12, 5.22610349e-12, 5.64068179e-12, 6.08814849e-12,
       6.57111264e-12, 7.09239022e-12, 7.65502065e-12, 8.26228443e-12,
       8.91772231e-12, 9.62515594e-12, 1.03887101e-11, 1.12128369e-11,
       1.21023415e-11, 1.30624103e-11, 1.40986412e-11, 1.52170760e-11,
       1.64242360e-11, 1.77271598e-11, 1.91334442e-11, 2.06512889e-11,
       2.22895438e-11, 2.40577612e-11, 2.59662509e-11, 2.80261407e-11,
       3.02494411e-11, 3.26491154e-11, 3.52391554e-11, 3.80346627e-11,
       4.10519371e-11, 4.43085711e-11, 4.78235532e-11, 5.16173782e-11,
       5.57121664e-11, 6.01317933e-11, 6.49020283e-11, 7.00506850e-11,
       7.56077836e-11, 8.16057255e-11, 8.80794830e-11, 9.50668023e-11,
       1.02608424e-10, 1.10748321e-10, 1.19533954e-10, 1.29016550e-10,
       1.39251398e-10, 1.50298175e-10, 1.62221290e-10, 1.75090263e-10,
       1.88980128e-10, 2.03971874e-10, 2.20152912e-10, 2.37617589e-10,
       2.56467734e-10, 2.76813257e-10, 2.98772787e-10, 0.00000000e+00])], 1: [array([9.29051254e-17, 9.30252057e-17, 9.32656766e-17, 9.36271597e-17,
       9.41105892e-17, 9.47172146e-17, 9.54486039e-17, 9.63066472e-17,
       9.72935624e-17, 9.84119002e-17, 9.96645510e-17, 1.01054752e-16,
       1.02586098e-16, 1.04262544e-16, 1.06088426e-16, 1.08068461e-16,
       1.10207767e-16, 1.12511874e-16, 1.14986737e-16, 1.17638752e-16,
       1.20474773e-16, 1.23502132e-16, 1.26728651e-16, 1.30162670e-16,
       1.33813065e-16, 1.37689271e-16, 1.41801306e-16, 1.46159797e-16,
       1.50776011e-16, 1.55661877e-16, 1.60830025e-16, 1.66293810e-16,
       1.72067356e-16, 1.78165584e-16, 1.84604255e-16, 1.91400012e-16,
       1.98570418e-16, 2.06134006e-16, 2.14110325e-16, 2.22519990e-16,
       2.31384736e-16, 2.40727476e-16, 2.50572357e-16, 2.60944823e-16,
       2.71871684e-16, 2.83381180e-16, 2.95503059e-16, 3.08268652e-16,
       3.21710951e-16, 3.35864701e-16, 3.50766481e-16, 3.66454809e-16,
       3.82970230e-16, 4.00355432e-16, 4.18655348e-16, 4.37917275e-16,
       4.58190997e-16, 4.79528915e-16, 5.01986178e-16, 5.25620828e-16,
       5.50493951e-16, 5.76669835e-16, 6.04216134e-16, 6.33204042e-16,
       6.63708483e-16, 6.95808298e-16, 7.29586451e-16, 7.65130246e-16,
       8.02531548e-16, 8.41887024e-16, 8.83298394e-16, 9.26872687e-16,
       9.72722525e-16, 1.02096641e-15, 1.07172904e-15, 1.12514161e-15,
       1.18134216e-15, 1.24047597e-15, 1.30269585e-15, 1.36816263e-15,
       1.43704551e-15, 1.50952252e-15, 1.58578099e-15, 1.66601801e-15,
       1.75044097e-15, 1.83926806e-15, 1.93272887e-15, 2.03106495e-15,
       2.13453046e-15, 2.24339282e-15, 2.35793339e-15, 2.47844821e-15,
       2.60524877e-15, 2.73866279e-15, 2.87903509e-15, 3.02672848e-15,
       3.18212469e-15, 3.34562534e-15, 3.51765303e-15, 3.69865237e-15,
       3.88909118e-15, 4.08946165e-15, 4.30028167e-15, 4.52209613e-15,
       4.75547831e-15, 5.00103141e-15, 5.25939010e-15, 5.53122212e-15,
       5.81723005e-15, 6.11815310e-15, 6.43476903e-15, 6.76789617e-15,
       7.11839551e-15, 7.48717296e-15, 7.87518165e-15, 8.28342442e-15,
       8.71295642e-15, 9.16488781e-15, 9.64038664e-15, 1.01406819e-14,
       1.06670666e-14, 1.12209013e-14, 1.18036174e-14, 1.24167210e-14,
       1.30617967e-14, 1.37405118e-14, 1.44546204e-14, 1.52059683e-14,
       1.59964973e-14, 1.68282508e-14, 1.77033783e-14, 1.86241418e-14,
       1.95929210e-14, 2.06122199e-14, 2.16846729e-14, 2.28130519e-14,
       2.40002733e-14, 2.52494055e-14, 2.65636771e-14, 2.79464848e-14,
       2.94014028e-14, 3.09321914e-14, 3.25428070e-14, 3.42374124e-14,
       3.60203875e-14, 3.78963405e-14, 3.98701200e-14, 4.19468275e-14,
       4.41318304e-14, 4.64307759e-14, 4.88496060e-14, 5.13945723e-14,
       5.40722525e-14, 5.68895674e-14, 5.98537985e-14, 6.29726072e-14,
       6.62540543e-14, 6.97066210e-14, 7.33392308e-14, 7.71612725e-14,
       8.11826245e-14, 8.54136804e-14, 8.98653757e-14, 9.45492163e-14,
       9.94773078e-14, 1.04662388e-13, 1.10117857e-13, 1.15857816e-13,
       1.21897099e-13, 1.28251318e-13, 1.34936893e-13, 1.41971105e-13,
       1.49372134e-13, 1.57159109e-13, 1.65352156e-13, 1.73972451e-13,
       1.83042273e-13, 1.92585065e-13, 2.02625491e-13, 2.13189500e-13,
       2.24304398e-13, 2.35998910e-13, 2.48303263e-13, 2.61249259e-13,
       2.74870357e-13, 2.89201763e-13, 3.04280517e-13, 3.20145591e-13,
       3.36837992e-13, 3.54400860e-13, 3.72879591e-13, 3.92321942e-13,
       4.12778165e-13, 4.34301131e-13, 4.56946468e-13, 4.80772705e-13,
       5.05841423e-13, 5.32217414e-13, 5.59968850e-13, 5.89167456e-13,
       6.19888700e-13, 6.52211982e-13, 6.86220846e-13, 7.22003190e-13,
       7.59651497e-13, 7.99263073e-13, 8.40940298e-13, 8.84790889e-13,
       9.30928183e-13, 9.79471426e-13, 1.03054608e-12, 1.08428416e-12,
       1.14082455e-12, 1.20031338e-12, 1.26290441e-12, 1.32875942e-12,
       1.39804860e-12, 1.47095105e-12, 1.54765519e-12, 1.62835926e-12,
       1.71327186e-12, 1.80261244e-12, 1.89661192e-12, 1.99551325e-12,
       2.09957204e-12, 2.20905725e-12, 2.32425185e-12, 2.44545357e-12,
       2.57297567e-12, 2.70714774e-12, 2.84831656e-12, 2.99684700e-12,
       3.15312293e-12, 3.31754829e-12, 3.49054803e-12, 3.67256929e-12,
       3.86408252e-12, 4.06558270e-12, 4.27759064e-12, 4.50065428e-12,
       4.73535015e-12, 4.98228485e-12, 5.24209659e-12, 5.51545690e-12,
       5.80307228e-12, 6.10568612e-12, 6.42408054e-12, 6.75907846e-12,
       7.11154572e-12, 7.48239330e-12, 7.87257969e-12, 8.28311336e-12,
       8.71505537e-12, 9.16952212e-12, 9.64768822e-12, 1.01507895e-11,
       1.06801264e-11, 1.12370668e-11, 1.18230504e-11, 1.24395916e-11,
       1.30882840e-11, 1.37708041e-11, 1.44889160e-11, 1.52444756e-11,
       1.60394360e-11, 1.68758515e-11, 1.77558842e-11, 1.86818084e-11,
       1.96560173e-11, 2.06810289e-11, 2.17594924e-11, 2.28941952e-11,
       2.40880699e-11, 2.53442024e-11, 2.66658392e-11, 2.80563961e-11,
       2.95194672e-11, 3.10588339e-11, 3.26784749e-11, 3.43825763e-11,
       3.61755424e-11, 3.80620074e-11, 4.00468468e-11, 4.21351908e-11,
       4.43324368e-11, 4.66442636e-11, 4.90766463e-11, 5.16358714e-11,
       5.43285534e-11, 5.71616513e-11, 6.01424870e-11, 6.32787643e-11,
       6.65785882e-11, 7.00504861e-11, 7.37034297e-11, 7.75468580e-11,
       8.15907010e-11, 8.58454059e-11, 9.03219627e-11, 9.50319325e-11,
       9.99874761e-11, 1.05201385e-10, 1.10687111e-10, 1.16458802e-10,
       1.22531334e-10, 1.28920342e-10, 1.35642265e-10, 1.42714373e-10,
       1.50154807e-10, 1.57982616e-10, 1.66217789e-10, 1.74881294e-10,
       1.83995103e-10, 1.93582223e-10, 2.03666715e-10, 2.14273711e-10,
       2.25429416e-10, 2.37161100e-10, 2.49497073e-10, 2.62466637e-10,
       2.76100014e-10, 2.90428240e-10, 3.05483016e-10, 3.21296517e-10,
       3.37901127e-10, 3.55329118e-10, 3.73612225e-10, 3.92781137e-10,
       4.12864849e-10, 4.33889885e-10, 4.55879356e-10, 4.78851824e-10,
       5.02819968e-10, 5.27788996e-10, 5.53754806e-10, 5.80701855e-10,
       6.08600718e-10, 6.37405326e-10, 6.67049867e-10, 6.97445366e-10,
       7.28475942e-10, 7.59994807e-10, 7.91820049e-10, 8.23730307e-10,
       8.55460466e-10, 8.86697555e-10, 9.17077073e-10, 9.46180026e-10,
       9.73531027e-10, 9.98597857e-10, 1.02079296e-09, 1.03947737e-09,
       1.05396768e-09, 1.06354650e-09, 1.06747715e-09, 1.06502293e-09,
       1.05547141e-09, 1.03816409e-09, 1.01253133e-09, 9.78132291e-10,
       9.34699365e-10, 8.82185868e-10, 8.20815575e-10, 7.51131997e-10,
       6.74044857e-10, 5.90870787e-10, 5.03364875e-10, 4.13739525e-10,
       3.24667067e-10, 2.39262843e-10, 1.61046007e-10, 9.38761918e-11,
       4.18653209e-11, 9.26531253e-12, 3.34057460e-13, 1.91837803e-11,
       6.96175988e-11, 1.54961606e-10, 2.77900974e-10, 4.40329250e-10,
       6.43220113e-10, 8.86530248e-10, 1.16914070e-09, 1.48884214e-09,
       1.84236711e-09, 2.22546924e-09, 2.63304693e-09, 3.05930578e-09,
       3.49795166e-09, 3.94240471e-09, 4.38602286e-09, 4.82232349e-09,
       5.24519208e-09, 5.64906802e-09, 6.02909941e-09, 6.38126121e-09,
       6.70243335e-09, 6.99043826e-09, 7.24403937e-09, 7.46290437e-09,
       7.64753858e-09, 7.79919464e-09, 7.91976560e-09, 8.01166810e-09,
       8.07772225e-09, 8.12103381e-09, 8.14488348e-09, 8.15262680e-09,
       8.14760719e-09, 8.13308346e-09, 8.11217231e-09, 8.08780524e-09,
       8.06269916e-09, 8.03933903e-09, 8.01997088e-09, 8.00660360e-09,
       8.00101735e-09, 8.00477729e-09, 8.01925074e-09, 8.04562670e-09,
       8.08493652e-09, 8.13807489e-09, 8.20582040e-09, 8.28885526e-09,
       8.38778395e-09, 8.50315031e-09, 8.63545339e-09, 8.78516168e-09,
       8.95272603e-09, 9.13859122e-09, 9.34320628e-09, 9.56703383e-09,
       9.81055831e-09, 1.00742934e-08, 1.03587889e-08, 1.06646365e-08,
       1.09924754e-08, 1.13429976e-08, 1.17169522e-08, 1.21151499e-08,
       1.25384670e-08, 1.29878494e-08, 1.34643161e-08, 1.39689631e-08,
       1.45029665e-08, 1.50675864e-08, 1.56641705e-08, 1.62941570e-08,
       1.69590792e-08, 1.76605687e-08, 1.84003595e-08, 1.91802922e-08,
       2.00023184e-08, 2.08685052e-08, 2.17810402e-08, 2.27422364e-08,
       2.37545383e-08, 2.48205272e-08, 2.59429275e-08, 2.71246135e-08,
       2.83686162e-08, 2.96781310e-08, 3.10565254e-08, 3.25073472e-08,
       3.40343338e-08, 3.56414213e-08, 3.73327543e-08, 3.91126967e-08,
       4.09858426e-08, 4.29570279e-08, 4.50313429e-08, 4.72141450e-08,
       4.95110726e-08, 5.19280598e-08, 5.44713508e-08, 5.71475170e-08,
       5.99634732e-08, 6.29264954e-08, 6.60442398e-08, 6.93247623e-08,
       7.27765392e-08, 7.64084891e-08, 8.02299954e-08, 8.42509308e-08,
       8.84816823e-08, 9.29331777e-08, 9.76169138e-08, 1.02544985e-07,
       1.07730115e-07, 1.13185687e-07, 1.18925779e-07, 1.24965201e-07,
       1.31319525e-07, 1.38005133e-07, 1.45039248e-07, 1.52439981e-07,
       1.60226376e-07, 1.68418450e-07, 1.77037243e-07, 1.86104867e-07,
       1.95644553e-07, 2.05680705e-07, 2.16238952e-07, 2.27346199e-07,
       2.39030683e-07, 2.51322026e-07, 2.64251290e-07, 2.77851029e-07,
       2.92155341e-07, 3.07199918e-07, 3.23022091e-07, 3.39660874e-07,
       3.57156996e-07, 3.75552935e-07, 3.94892932e-07, 4.15223005e-07,
       4.36590941e-07, 4.59046271e-07, 4.82640235e-07, 5.07425713e-07,
       5.33457134e-07, 5.60790353e-07, 5.89482487e-07, 6.19591715e-07,
       6.51177027e-07, 6.84297911e-07, 7.19013987e-07, 7.55384564e-07,
       7.93468121e-07, 8.33321697e-07, 8.75000186e-07, 9.18555525e-07,
       9.64035765e-07, 1.01148402e-06, 1.06093726e-06, 1.11242501e-06,
       1.16596784e-06, 1.22157573e-06, 1.27924629e-06, 1.33896276e-06,
       1.40069192e-06, 1.46438181e-06, 1.52995934e-06, 1.59732768e-06,
       1.66636370e-06, 1.73691524e-06, 1.80879836e-06, 1.88179462e-06,
       1.95564848e-06, 2.03006480e-06, 2.10470658e-06, 2.17919308e-06,
       2.25309826e-06, 2.32594990e-06, 2.39722930e-06, 2.46637176e-06,
       2.53276810e-06, 2.59576707e-06, 2.65467917e-06, 2.70878157e-06,
       2.75732460e-06, 2.79953969e-06, 2.83464888e-06, 2.86187592e-06,
       2.88045890e-06, 2.88966441e-06, 2.88880306e-06, 2.87724607e-06,
       2.85444289e-06, 2.81993930e-06, 2.77339569e-06, 2.71460509e-06,
       2.64351038e-06, 2.56022004e-06, 2.46502209e-06, 2.35839527e-06,
       2.24101717e-06, 2.11376852e-06, 1.97773323e-06, 1.83419376e-06,
       1.68462143e-06, 1.53066151e-06, 1.37411316e-06, 1.21690422e-06,
       1.06106124e-06, 9.08675364e-07, 7.61864580e-07, 6.22733358e-07,
       4.93330620e-07, 3.75607182e-07, 2.71373867e-07, 1.82261532e-07,
       1.09684228e-07, 5.48066414e-08, 1.85168844e-08, 1.40550167e-09,
       3.75140805e-09, 2.55152168e-08, 6.63401880e-08, 1.25560763e-07,
       2.02218398e-07, 2.95084172e-07, 4.02687409e-07, 5.23349402e-07,
       6.55221137e-07, 7.96323853e-07, 9.44591211e-07, 1.09791182e-06,
       1.25417097e-06, 1.41129040e-06, 1.56726524e-06, 1.72019717e-06,
       1.86832320e-06, 2.01003966e-06, 2.14392099e-06, 2.26873334e-06,
       2.38344296e-06, 2.48721965e-06, 2.57943566e-06, 2.65966034e-06,
       2.72765123e-06, 2.78334216e-06, 2.82682878e-06, 2.85835238e-06,
       2.87828249e-06, 2.88709868e-06, 2.88537234e-06, 2.87374862e-06,
       2.85292909e-06, 2.82365538e-06, 2.78669393e-06, 2.74282231e-06,
       2.69281689e-06, 2.63744212e-06, 2.57744149e-06, 2.51352989e-06,
       2.44638757e-06, 2.37665544e-06, 2.30493171e-06, 2.23176958e-06,
       2.15767613e-06, 2.08311194e-06, 2.00849159e-06, 1.93418472e-06,
       1.86051768e-06, 1.78777549e-06, 1.71620418e-06, 1.64601334e-06,
       1.57737872e-06, 1.51044499e-06, 1.44532849e-06, 1.38211986e-06,
       1.32088672e-06, 1.26167615e-06, 1.20451706e-06, 1.14942245e-06,
       1.09639144e-06, 1.04541128e-06, 9.96459021e-07, 9.49503160e-07,
       9.04505081e-07, 8.61420341e-07, 8.20199835e-07, 7.80790812e-07,
       7.43137778e-07, 7.07183276e-07, 6.72868571e-07, 6.40134235e-07,
       6.08920644e-07, 5.79168405e-07, 5.50818705e-07, 5.23813609e-07,
       4.98096298e-07, 4.73611258e-07, 4.50304437e-07, 4.28123355e-07,
       4.07017193e-07, 3.86936848e-07, 3.67834974e-07, 3.49665993e-07,
       3.32386104e-07, 3.15953264e-07, 3.00327172e-07, 2.85469237e-07,
       2.71342537e-07, 2.57911779e-07, 2.45143253e-07, 2.33004780e-07,
       2.21465657e-07, 2.10496612e-07, 2.00069740e-07, 1.90158458e-07,
       1.80737444e-07, 1.71782589e-07, 1.63270941e-07, 1.55180658e-07,
       1.47490956e-07, 1.40182062e-07, 1.33235166e-07, 1.26632378e-07,
       1.20356685e-07, 1.14391908e-07, 1.08722664e-07, 1.03334326e-07,
       9.82129890e-08, 9.33454322e-08, 8.87190881e-08, 8.43220097e-08,
       8.01428406e-08, 7.61707855e-08, 7.23955833e-08, 6.88074805e-08,
       6.53972064e-08, 6.21559492e-08, 5.90753333e-08, 5.61473982e-08,
       5.33645772e-08, 5.07196790e-08, 4.82058681e-08, 4.58166478e-08,
       4.35458434e-08, 4.13875862e-08, 3.93362980e-08, 3.73866774e-08,
       3.55336855e-08, 3.37725332e-08, 3.20986687e-08, 3.05077658e-08,
       2.89957127e-08, 2.75586014e-08, 2.61927176e-08, 2.48945311e-08,
       2.36606866e-08, 2.24879950e-08, 2.13734256e-08, 2.03140975e-08,
       1.93072730e-08, 1.83503496e-08, 1.74408543e-08, 1.65764362e-08,
       1.57548614e-08, 1.49740062e-08, 1.42318526e-08, 1.35264823e-08,
       1.28560723e-08, 1.22188898e-08, 1.16132880e-08, 1.10377016e-08,
       1.04906431e-08, 9.97069836e-09, 9.47652368e-09, 9.00684178e-09,
       8.56043872e-09, 8.13616074e-09, 7.73291125e-09, 7.34964801e-09,
       6.98538046e-09, 6.63916709e-09, 6.31011310e-09, 5.99736802e-09,
       5.70012352e-09, 5.41761135e-09, 5.14910133e-09, 4.89389947e-09,
       4.65134618e-09, 4.42081457e-09, 4.20170879e-09, 3.99346255e-09,
       3.79553763e-09, 3.60742245e-09, 3.42863083e-09, 3.25870066e-09,
       3.09719274e-09, 2.94368963e-09, 2.79779460e-09, 2.65913057e-09,
       2.52733914e-09, 2.40207969e-09, 2.28302848e-09, 2.16987780e-09,
       2.06233520e-09, 1.96012275e-09, 1.86297625e-09, 1.77064462e-09,
       1.68288922e-09, 1.59948324e-09, 1.52021112e-09, 1.44486796e-09,
       1.37325903e-09, 1.30519926e-09, 1.24051273e-09, 1.17903226e-09,
       1.12059895e-09, 1.06506177e-09, 1.01227718e-09, 9.62108751e-10,
       9.14426820e-10, 8.69108149e-10, 8.26035607e-10, 7.85097870e-10,
       7.46189130e-10, 7.09208824e-10, 6.74061373e-10, 6.40655935e-10,
       6.08906171e-10, 5.78730021e-10, 5.50049491e-10, 5.22790454e-10,
       4.96882458e-10, 4.72258539e-10, 4.48855056e-10, 4.26611519e-10,
       4.05470439e-10, 3.85377175e-10, 3.66279793e-10, 3.48128935e-10,
       3.30877687e-10, 3.14481464e-10, 2.98897886e-10, 2.84086677e-10,
       2.70009557e-10, 2.56630140e-10, 2.43913848e-10, 2.31827814e-10,
       2.20340799e-10, 2.09423116e-10, 1.99046546e-10, 1.89184270e-10,
       1.79810797e-10, 1.70901903e-10, 1.62434560e-10, 1.54386883e-10,
       1.46738074e-10, 1.39468363e-10, 1.32558961e-10, 1.25992009e-10,
       1.19750536e-10, 1.13818408e-10, 1.08180295e-10, 1.02821623e-10,
       9.77285435e-11, 9.28878922e-11, 8.82871582e-11, 8.39144504e-11,
       7.97584673e-11, 7.58084672e-11, 7.20542410e-11, 6.84860856e-11,
       6.50947788e-11, 6.18715554e-11, 5.88080847e-11, 5.58964489e-11,
       5.31291226e-11, 5.04989534e-11, 4.79991434e-11, 4.56232316e-11,
       4.33650772e-11, 4.12188438e-11, 3.91789843e-11, 3.72402265e-11,
       3.53975595e-11, 3.36462207e-11, 3.19816837e-11, 3.03996463e-11,
       2.88960196e-11, 2.74669173e-11, 2.61086458e-11, 2.48176944e-11,
       2.35907267e-11, 2.24245714e-11, 2.13162145e-11, 2.02627913e-11,
       1.92615792e-11, 1.83099904e-11, 1.74055654e-11, 1.65459668e-11,
       1.57289727e-11, 1.49524716e-11, 1.42144566e-11, 1.35130201e-11,
       1.28463493e-11, 1.22127211e-11, 1.16104978e-11, 1.10381230e-11,
       1.04941171e-11, 9.97707433e-12, 9.48565821e-12, 9.01859866e-12,
       8.57468853e-12, 8.15278048e-12, 7.75178406e-12, 7.37066285e-12,
       7.00843182e-12, 6.66415474e-12, 6.33694179e-12, 6.02594727e-12,
       5.73036738e-12, 5.44943818e-12, 5.18243356e-12, 4.92866344e-12,
       4.68747191e-12, 4.45823561e-12, 4.24036205e-12, 4.03328811e-12,
       3.83647859e-12, 3.64942482e-12, 3.47164335e-12, 3.30267467e-12,
       3.14208208e-12, 2.98945051e-12, 2.84438546e-12, 2.70651202e-12,
       2.57547381e-12, 2.45093218e-12, 2.33256523e-12, 2.22006702e-12,
       2.11314680e-12, 2.01152823e-12, 1.91494865e-12, 1.82315845e-12,
       1.73592039e-12, 1.65300900e-12, 1.57420998e-12, 1.49931967e-12,
       1.42814451e-12, 1.36050055e-12, 1.29621294e-12, 1.23511553e-12,
       1.17705041e-12, 1.12186750e-12, 1.06942419e-12, 1.01958492e-12,
       9.72220878e-13, 9.27209653e-13, 8.84434907e-13, 8.43786084e-13,
       8.05158124e-13, 7.68451189e-13, 7.33570408e-13, 7.00425626e-13,
       6.68931179e-13, 6.39005667e-13, 6.10571744e-13, 5.83555919e-13,
       5.57888369e-13, 5.33502753e-13, 5.10336044e-13, 4.88328365e-13,
       4.67422837e-13, 4.47565426e-13, 4.28704810e-13, 4.10792240e-13,
       3.93781422e-13, 3.77628388e-13, 3.62291390e-13, 3.47730787e-13,
       3.33908947e-13, 3.20790146e-13, 3.08340477e-13, 2.96527762e-13,
       2.85321472e-13, 2.74692641e-13, 2.64613799e-13, 2.55058896e-13,
       2.46003236e-13, 2.37423416e-13, 2.29297258e-13, 2.21603760e-13,
       2.14323038e-13, 2.07436275e-13, 2.00925670e-13, 1.94774396e-13,
       1.88966555e-13, 1.83487135e-13, 1.78321976e-13, 1.73457727e-13,
       1.68881816e-13, 1.64582415e-13, 1.60548414e-13, 1.56769385e-13,
       1.53235561e-13, 1.49937810e-13, 1.46867607e-13, 1.44017017e-13,
       1.41378673e-13, 1.38945756e-13, 1.36711977e-13, 1.34671563e-13,
       1.32819241e-13, 1.31150223e-13, 1.29660196e-13, 1.28345307e-13,
       1.27202159e-13, 1.26227798e-13, 1.25419704e-13, 1.24775789e-13,
       1.24294390e-13, 1.23974261e-13, 1.23814576e-13, 0.00000000e+00])], 2: []}
v = [-2.13871795e-106 -7.54061849e-106 -2.64996098e-105 -9.28220260e-105
 -3.24072115e-104 -1.12774611e-103 -3.91165072e-103 -1.35234610e-102
 -4.66009419e-102 -1.60059181e-101 -5.47955816e-101 -1.86977585e-100
 -6.35934824e-100 -2.15583106e-099 -7.28443538e-099 -2.45333086e-098
 -8.23560298e-098 -2.75558453e-097 -9.18990729e-097 -3.05483373e-096
 -1.01214580e-095 -3.34254787e-095 -1.10024967e-094 -3.60980643e-094
 -1.18047185e-093 -3.84774616e-093 -1.25007551e-092 -4.04804315e-092
 -1.30657118e-091 -4.20339374e-091 -1.34786416e-090 -4.30795575e-090
 -1.37238321e-089 -4.35771290e-089 -1.37917980e-088 -4.35073083e-088
 -1.36798898e-087 -4.28728187e-087 -1.33924653e-086 -4.16982740e-086
 -1.29406080e-085 -4.00285945e-085 -1.23414178e-084 -3.79261558e-084
 -1.16169374e-083 -3.54669243e-083 -1.07928083e-082 -3.27359125e-082
 -9.89677042e-082 -2.98223316e-081 -8.95712738e-081 -2.68148246e-080
 -8.00129394e-080 -2.37971279e-079 -7.05452733e-079 -2.08444457e-078
 -6.13891804e-078 -1.80207298e-077 -5.27268676e-077 -1.53769649e-076
 -4.46980243e-076 -1.29504568e-075 -3.73990788e-075 -1.07650432e-074
 -3.08851490e-074 -8.83207366e-074 -2.51741444e-073 -7.15197208e-073
 -2.02523748e-072 -5.71617029e-072 -1.60810134e-071 -4.50921276e-071
 -1.26028014e-070 -3.51085195e-070 -9.74848197e-070 -2.69799118e-069
 -7.44257316e-069 -2.04637280e-068 -5.60822530e-068 -1.53195217e-067
 -4.17103671e-067 -1.13193601e-066 -3.06181392e-066 -8.25495607e-066
 -2.21834860e-065 -5.94188001e-065 -1.58634271e-064 -4.22132908e-064
 -1.11964529e-063 -2.95999353e-063 -7.79973990e-063 -2.04855927e-062
 -5.36285436e-062 -1.39933767e-061 -3.63938588e-061 -9.43436643e-061
 -2.43767851e-060 -6.27796910e-060 -1.61153957e-059 -4.12327051e-059
 -1.05153017e-058 -2.67288764e-058 -6.77202765e-058 -1.71015627e-057
 -4.30459134e-057 -1.07995861e-056 -2.70060678e-056 -6.73123338e-056
 -1.67227231e-055 -4.14093492e-055 -1.02204229e-054 -2.51430744e-054
 -6.16519691e-054 -1.50679641e-053 -3.67063549e-053 -8.91265294e-053
 -2.15700815e-052 -5.20326127e-052 -1.25106114e-051 -2.99819925e-051
 -7.16178869e-051 -1.70514600e-050 -4.04651069e-050 -9.57147499e-050
 -2.25660788e-049 -5.30288719e-049 -1.24207474e-048 -2.89976049e-048
 -6.74769712e-048 -1.56504954e-047 -3.61809237e-047 -8.33700897e-047
 -1.91478467e-046 -4.38337544e-046 -1.00017605e-045 -2.27469562e-045
 -5.15643069e-045 -1.16507567e-044 -2.62384476e-044 -5.88980878e-044
 -1.31778120e-043 -2.93876242e-043 -6.53227863e-043 -1.44725141e-042
 -3.19596721e-042 -7.03460479e-042 -1.54332058e-041 -3.37482803e-041
 -7.35573715e-041 -1.59801117e-040 -3.46028983e-040 -7.46834198e-040
 -1.60662667e-039 -3.44496490e-039 -7.36264204e-039 -1.56841731e-038
 -3.33018700e-038 -7.04781787e-038 -1.48668780e-037 -3.12581980e-037
 -6.55069161e-037 -1.36832551e-036 -2.84885766e-036 -5.91195517e-036
 -1.22284262e-035 -2.52109412e-035 -5.18067807e-035 -1.06111684e-034
 -2.16630132e-034 -4.40812169e-034 -8.94061393e-034 -1.80742450e-033
 -3.64193375e-033 -7.31447185e-033 -1.46424234e-032 -2.92160838e-032
 -5.81045443e-032 -1.15180047e-031 -2.27574428e-031 -4.48176130e-031
 -8.79737369e-031 -1.72122011e-030 -3.35659421e-030 -6.52439616e-030
 -1.26404013e-029 -2.44095883e-029 -4.69828225e-029 -9.01356940e-029
 -1.72358841e-028 -3.28510594e-028 -6.24085724e-028 -1.18172976e-027
 -2.23034040e-027 -4.19568799e-027 -7.86709281e-027 -1.47029479e-026
 -2.73888386e-026 -5.08536198e-026 -9.41129055e-026 -1.73602329e-025
 -3.19183892e-025 -5.84932080e-025 -1.06843713e-024 -1.94523267e-024
 -3.52998773e-024 -6.38489693e-024 -1.15110156e-023 -2.06848534e-023
 -3.70484726e-023 -6.61404619e-023 -1.17690984e-022 -2.08736415e-022
 -3.69005042e-022 -6.50197712e-022 -1.14192512e-021 -1.99898196e-021
 -3.48786105e-021 -6.06580622e-021 -1.05147014e-020 -1.81670500e-020
 -3.12860642e-020 -5.37027479e-020 -9.18800327e-020 -1.56684064e-019
 -2.66322323e-019 -4.51200287e-019 -7.61921484e-019 -1.28241954e-018
 -2.15143926e-018 -3.59755223e-018 -5.99603529e-018 -9.96093963e-018
 -1.64936013e-017 -2.72213544e-017 -4.47798900e-017 -7.34235486e-017
 -1.19996001e-016 -1.95468704e-016 -3.17370639e-016 -5.13612181e-016
 -8.28481735e-016 -1.33201654e-015 -2.13459433e-015 -3.40957415e-015
 -5.42830179e-015 -8.61403999e-015 -1.36247593e-014 -2.14797809e-014
 -3.37528083e-014 -5.28650968e-014 -8.25291185e-014 -1.28417567e-013
 -1.99168532e-013 -3.07890339e-013 -4.74406310e-013 -7.28591176e-013
 -1.11531210e-012 -1.70171949e-012 -2.58796613e-012 -3.92290923e-012
 -5.92702808e-012 -8.92575097e-012 -1.33977417e-011 -2.00446046e-011
 -2.98911373e-011 -4.44289900e-011 -6.58217609e-011 -9.71967197e-011
 -1.43058206e-010 -2.09871273e-010 -3.06882606e-010 -4.47270861e-010
 -6.49752549e-010 -9.40815436e-010 -1.35781290e-009 -1.95323494e-009
 -2.80058070e-009 -4.00240243e-009 -5.70128132e-009 -8.09474634e-009
 -1.14554742e-008 -1.61585339e-008 -2.27179894e-008 -3.18358819e-008
 -4.44675225e-008 -6.19081801e-008 -8.59077205e-008 -1.18821604e-007
 -1.63808969e-007 -2.25091451e-007 -3.08289959e-007 -4.20861127e-007
 -5.72660599e-007 -7.76666990e-007 -1.04990849e-006 -1.41464380e-006
 -1.89986092e-006 -2.54317107e-006 -3.39319168e-006 -4.51253173e-006
 -5.98151503e-006 -7.90280350e-006 -1.04071119e-005 -1.36602396e-005
 -1.78716837e-005 -2.33051377e-005 -3.02912318e-005 -3.92429141e-005
 -5.06739339e-005 -6.52209389e-005 -8.36697607e-005 -1.06986520e-004
 -1.36354242e-004 -1.73215719e-004 -2.19323416e-004 -2.76797241e-004
 -3.48191022e-004 -4.36568539e-004 -5.45589944e-004 -6.79609332e-004
 -8.43784155e-004 -1.04419703e-003 -1.28799031e-003 -1.58351358e-003
 -1.94048390e-003 -2.37015829e-003 -2.88551751e-003 -3.50145969e-003
 -4.23500184e-003 -5.10548649e-003 -6.13479019e-003 -7.34752973e-003
 -8.77126122e-003 -1.04366662e-002 -1.23777184e-002 -1.46318235e-002
 -1.72399248e-002 -2.02465643e-002 -2.36998916e-002 -2.76516110e-002
 -3.21568554e-002 -3.72739795e-002 -4.30642617e-002 -4.95915069e-002
 -5.69215423e-002 -6.51216009e-002 -7.42595876e-002 -8.44032272e-002
 -9.56190946e-002 -1.07971530e-001 -1.21521450e-001 -1.36325055e-001
 -1.52432466e-001 -1.69886288e-001 -1.88720132e-001 -2.08957129e-001
 -2.30608445e-001 -2.53671851e-001 -2.78130364e-001 -3.03951005e-001
 -3.31083715e-001 -3.59460448e-001 -3.88994497e-001 -4.19580077e-001
 -4.51092197e-001 -4.83386843e-001 -5.16301506e-001 -5.49656052e-001
 -5.83253952e-001 -6.16883881e-001 -6.50321645e-001 -6.83332459e-001
 -7.15673519e-001 -7.47096841e-001 -7.77352335e-001 -8.06191045e-001
 -8.33368512e-001 -8.58648192e-001 -8.81804858e-001 -9.02627934e-001
 -9.20924671e-001 -9.36523114e-001 -9.49274793e-001 -9.59057071e-001
 -9.65775113e-001 -9.69363412e-001 -9.69786852e-001 -9.67041285e-001
 -9.61153594e-001 -9.52181255e-001 -9.40211408e-001 -9.25359442e-001
 -9.07767144e-001 -8.87600450e-001 -8.65046838e-001 -8.40312429e-001
 -8.13618859e-001 -7.85199983e-001 -7.55298480e-001 -7.24162440e-001
 -6.92041973e-001 -6.59185932e-001 -6.25838794e-001 -5.92237749e-001
 -5.58610051e-001 -5.25170667e-001 -4.92120245e-001 -4.59643430e-001
 -4.27907539e-001 -3.97061587e-001 -3.67235675e-001 -3.38540718e-001
 -3.11068483e-001 -2.84891943e-001 -2.60065881e-001 -2.36627734e-001
 -2.14598641e-001 -1.93984640e-001 -1.74778004e-001 -1.56958652e-001
 -1.40495626e-001 -1.25348575e-001 -1.11469243e-001 -9.88029154e-002
 -8.72898047e-002 -7.68663642e-002 -6.74665048e-002 -5.90227091e-002
 -5.14670317e-002 -4.47319839e-002 -3.87512979e-002 -3.34605751e-002
 -2.87978194e-002 -2.47038625e-002 -2.11226876e-002 -1.80016595e-002
 -1.52916718e-002 -1.29472176e-002 -1.09263971e-002 -9.19086889e-003
 -7.70575535e-003 -6.43951143e-003 -5.36376420e-003 -4.45313124e-003
 -3.68502443e-003 -3.03944515e-003 -2.49877594e-003 -2.04757301e-003
 -1.67236305e-003 -1.36144731e-003 -1.10471499e-003 -8.93467678e-004
 -7.20255721e-004 -5.78727335e-004 -4.63490573e-004 -3.69988145e-004
 -2.94384747e-004 -2.33466390e-004 -1.84551087e-004 -1.45410132e-004
 -1.14199159e-004 -8.93981452e-005 -6.97594971e-005 -5.42634039e-005
 -4.20796455e-005 -3.25351099e-005 -2.50863130e-005 -1.92962754e-005
 -1.48151690e-005 -1.13642041e-005 -8.72228690e-006 -6.71503246e-006
 -5.20576810e-006 -4.08821358e-006 -3.28056589e-006 -2.72075749e-006
 -2.36269212e-006 -2.17329411e-006 -2.13023467e-006 -2.22022341e-006
 -2.43777415e-006 -2.78437267e-006 -3.26798993e-006 -3.90289775e-006
 -4.70975614e-006 -5.71595127e-006 -6.95617231e-006 -8.47322301e-006
 -1.03190707e-005 -1.25561416e-005 -1.52588769e-005 -1.85155693e-005
 -2.24305028e-005 -2.71264269e-005 -3.27473939e-005 -3.94619995e-005
 -4.74670626e-005 -5.69917908e-005 -6.83024748e-005 -8.17077617e-005
 -9.75645575e-005 -1.16284611e-004 -1.38341832e-004 -1.64280397e-004
 -1.94723703e-004 -2.30384198e-004 -2.72074173e-004 -3.20717526e-004
 -3.77362552e-004 -4.43195798e-004 -5.19556989e-004 -6.07955049e-004
 -7.10085212e-004 -8.27847204e-004 -9.63364466e-004 -1.11900436e-003
 -1.29739928e-003 -1.50146857e-003 -1.73444111e-003 -1.99987839e-003
 -2.30169798e-003 -2.64419697e-003 -3.03207534e-003 -3.47045880e-003
 -3.96492079e-003 -4.52150334e-003 -5.14673629e-003 -5.84765435e-003
 -6.63181176e-003 -7.50729368e-003 -8.48272404e-003 -9.56726913e-003
 -1.07706363e-002 -1.21030674e-002 -1.35753257e-002 -1.51986769e-002
 -1.69848622e-002 -1.89460636e-002 -2.10948612e-002 -2.34441814e-002
 -2.60072355e-002 -2.87974497e-002 -3.18283836e-002 -3.51136404e-002
 -3.86667660e-002 -4.25011382e-002 -4.66298470e-002 -5.10655646e-002
 -5.58204077e-002 -6.09057912e-002 -6.63322750e-002 -7.21094054e-002
 -7.82455513e-002 -8.47477377e-002 -9.16214775e-002 -9.88706039e-002
 -1.06497105e-001 -1.14500962e-001 -1.22879995e-001 -1.31629719e-001
 -1.40743207e-001 -1.50210970e-001 -1.60020851e-001 -1.70157940e-001
 -1.80604506e-001 -1.91339953e-001 -2.02340800e-001 -2.13580687e-001
 -2.25030412e-001 -2.36657990e-001 -2.48428744e-001 -2.60305435e-001
 -2.72248406e-001 -2.84215772e-001 -2.96163628e-001 -3.08046294e-001
 -3.19816578e-001 -3.31426076e-001 -3.42825482e-001 -3.53964930e-001
 -3.64794342e-001 -3.75263799e-001 -3.85323916e-001 -3.94926230e-001
 -4.04023579e-001 -4.12570491e-001 -4.20523559e-001 -4.27841806e-001
 -4.34487038e-001 -4.40424175e-001 -4.45621558e-001 -4.50051232e-001
 -4.53689193e-001 -4.56515611e-001 -4.58515003e-001 -4.59676377e-001
 -4.59993336e-001 -4.59464131e-001 -4.58091680e-001 -4.55883542e-001
 -4.52851845e-001 -4.49013179e-001 -4.44388440e-001 -4.39002645e-001
 -4.32884702e-001 -4.26067158e-001 -4.18585903e-001 -4.10479862e-001
 -4.01790655e-001 -3.92562243e-001 -3.82840557e-001 -3.72673121e-001
 -3.62108668e-001 -3.51196751e-001 -3.39987364e-001 -3.28530566e-001
 -3.16876116e-001 -3.05073123e-001 -2.93169718e-001 -2.81212738e-001
 -2.69247443e-001 -2.57317251e-001 -2.45463509e-001 -2.33725282e-001
 -2.22139180e-001 -2.10739213e-001 -1.99556677e-001 -1.88620065e-001
 -1.77955017e-001 -1.67584289e-001 -1.57527755e-001 -1.47802434e-001
 -1.38422537e-001 -1.29399543e-001 -1.20742288e-001 -1.12457073e-001
 -1.04547793e-001 -9.70160708e-002 -8.98614067e-002 -8.30813341e-002
 -7.66715830e-002 -7.06262449e-002 -6.49379420e-002 -5.95979943e-002
 -5.45965859e-002 -4.99229277e-002 -4.55654145e-002 -4.15117768e-002
 -3.77492249e-002 -3.42645847e-002 -3.10444254e-002 -2.80751766e-002
 -2.53432371e-002 -2.28350725e-002 -2.05373035e-002 -1.84367840e-002
 -1.65206690e-002 -1.47764740e-002 -1.31921237e-002 -1.17559934e-002
 -1.04569413e-002 -9.28433338e-003 -8.22806097e-003 -7.27855209e-003
 -6.42677663e-003 -5.66424639e-003 -4.98301030e-003 -4.37564573e-003
 -3.83524611e-003 -3.35540573e-003 -2.93020203e-003 -2.55417592e-003
 -2.22231064e-003 -1.93000949e-003 -1.67307281e-003 -1.44767460e-003
 -1.25033903e-003 -1.07791705e-003 -9.27563417e-004 -7.96714279e-004
 -6.83065433e-004 -5.84551440e-004 -4.99325653e-004 -4.25741261e-004
 -3.62333362e-004 -3.07802132e-004 -2.60997076e-004 -2.20902372e-004
 -1.86623287e-004 -1.57373647e-004 -1.32464316e-004 -1.11292657e-004
 -9.33329176e-005 -7.81274933e-005 -6.52790246e-005 -5.44432624e-005
 -4.53226552e-005 -3.76606028e-005 -3.12363232e-005 -2.58602826e-005
 -2.13701389e-005 -1.76271516e-005 -1.45130153e-005 -1.19270733e-005
 -9.78387373e-006 -8.01103278e-006 -6.54737020e-006 -5.34128811e-006
 -4.34936474e-006 -3.53513801e-006 -2.86805606e-006 -2.32257430e-006
 -1.87738056e-006 -1.51473177e-006 -1.21988775e-006 -9.80628985e-007
 -7.86847010e-007 -6.30197376e-007 -5.03806308e-007 -4.02023398e-007
 -3.20213603e-007 -2.54582732e-007 -2.02031379e-007 -1.60032957e-007
 -1.26532110e-007 -9.98602828e-008 -7.86657251e-008 -6.18556004e-008
 -4.85482100e-008 -3.80336614e-008 -2.97415616e-008 -2.32145420e-008
 -1.80866106e-008 -1.40654936e-008 -1.09182613e-008 -8.45965607e-009
 -6.54263436e-009 -5.05072022e-009 -3.89183745e-009 -2.99334511e-009
 -2.29805071e-009 -1.76101536e-009 -1.34699939e-009 -1.02842440e-009
 -7.83750917e-010 -5.96189704e-010 -4.52680305e-010 -3.43083196e-010
 -2.59542218e-010 -1.95982501e-010 -1.47715918e-010 -1.11131716e-010
 -8.34544420e-011 -6.25549405e-011 -4.68030862e-011 -3.49532921e-011
 -2.60556793e-011 -1.93873045e-011 -1.43990282e-011 -1.06745518e-011
 -7.89890402e-012 -5.83424607e-012 -4.30133598e-012 -3.16535708e-012
 -2.32510607e-012 -1.70476119e-012 -1.24762781e-012 -9.11396307e-013
 -6.64553882e-013 -4.83675237e-013 -3.51380960e-013 -2.54802284e-013
 -1.84428963e-013 -1.33246452e-013 -9.60910410e-014 -6.91688990e-014
 -4.96980726e-014 -3.56425648e-014 -2.55152053e-014 -1.82318150e-014
 -1.30035360e-014 -9.25750038e-015 -6.57849778e-015 -4.66616879e-015
 -3.30365643e-015 -2.33469431e-015 -1.64689493e-015 -1.15958471e-015
 -8.14966552e-016 -5.71712659e-016 -4.00328538e-016 -2.79805348e-016
 -1.95207361e-016 -1.35936814e-016 -9.44884452e-017 -6.55572968e-017
 -4.54008611e-017 -3.13839687e-017 -2.16547090e-017 -1.49141175e-017
 -1.02528236e-017 -7.03542167e-018 -4.81878440e-018 -3.29447016e-018
 -2.24819708e-018 -1.53138327e-018 -1.04119994e-018 -7.06618645e-019
 -4.78670615e-019 -3.23660098e-019 -2.18445083e-019 -1.47162143e-019
 -9.89579413e-020 -6.64210779e-020 -4.45001941e-020 -2.97590189e-020
 -1.98644265e-020 -1.32353117e-020 -8.80223650e-021 -5.84322502e-021
 -3.87179993e-021 -2.56078975e-021 -1.69057973e-021 -1.11403314e-021
 -7.32759200e-022 -4.81088714e-022 -3.15275176e-022 -2.06231549e-022
 -1.34654586e-022 -8.77582413e-023 -5.70893887e-023 -3.70700859e-023
 -2.40266107e-023 -1.55439771e-023 -1.00376605e-023 -6.46998954e-024
 -4.16270248e-024 -2.67330113e-024 -1.71364600e-024 -1.09646572e-024
 -7.00276781e-025 -4.46421510e-025 -2.84067282e-025 -1.80425550e-025
 -1.14386712e-025 -7.23858765e-026 -4.57227997e-026 -2.88278671e-026
 -1.81423243e-026 -1.13965673e-026 -7.14588315e-027 -4.47237777e-027
 -2.79397020e-027 -1.74223116e-027 -1.08440248e-027 -6.73714579e-028
 -4.17793913e-028 -2.58612188e-028 -1.59785214e-028 -9.85428020e-029
 -6.06616115e-029 -3.72738024e-029 -2.28609446e-029 -1.39954016e-029
 -8.55218869e-030 -5.21638820e-030 -3.17587391e-030 -1.93000004e-030
 -1.17071748e-030 -7.08839000e-031 -4.28394440e-031 -2.58428714e-031
 -1.55610330e-031 -9.35269563e-032 -5.61094351e-032 -3.35997240e-032
 -2.00833540e-032 -1.19822256e-032 -7.13574732e-033 -4.24172151e-033
 -2.51678176e-033 -1.49056075e-033 -8.81159496e-034 -5.19948210e-034
 -3.06243139e-034 -1.80041809e-034 -1.05652818e-034 -6.18855878e-035
 -3.61825086e-035 -2.11158490e-035 -1.23003973e-035 -7.15204846e-036
 -4.15090197e-036 -2.40466855e-036 -1.39049262e-036 -8.02569909e-037
 -4.62378653e-037 -2.65896975e-037 -1.52626426e-037 -8.74473782e-038
 -5.00108884e-038 -2.85484849e-038 -1.62668056e-038 -9.25171422e-039
 -5.25221940e-039 -2.97621450e-039 -1.68339609e-039 -9.50405894e-040
 -5.35590229e-040 -3.01270694e-040 -1.69153835e-040 -9.47998235e-041
 -5.30315019e-041 -2.96115434e-041 -1.65039872e-041 -9.18158021e-042
 -5.09855026e-042 -2.82602953e-042 -1.56353427e-042 -8.63453258e-043
 -4.75960573e-043 -2.61880911e-043 -1.43826008e-043 -7.88445589e-044
 -4.31426431e-044 -2.35636458e-044 -1.28463261e-044 -6.99062683e-045
 -3.79711730e-045 -2.05869792e-045 -1.11411997e-045 -6.01827470e-046
 -3.24498561e-046 -1.74644238e-046 -9.38202243e-047 -5.03082708e-047
 -2.69266938e-047 -1.43855805e-047 -7.67136191e-048 -4.08336563e-048
 -2.16952563e-048 -1.15056728e-048 -6.09059853e-049 -3.21816750e-049
 -1.69729775e-049 -8.93527952e-050 -4.69525269e-050 -2.46269436e-050
 -1.28932612e-050 -6.73776349e-051 -3.51454787e-051 -1.82988536e-051
 -9.50996723e-052 -4.93326991e-052 -2.55441498e-052 -1.32022741e-052
 -6.81093534e-053 -3.50724002e-053 -1.80270613e-053 -9.24879395e-054
 -4.73637402e-054 -2.42107138e-054 -1.23529282e-054 -6.29119228e-055
 -3.19813446e-055 -1.62278579e-055 -8.21914030e-056 -4.15520361e-056
 -2.09680934e-056 -1.05615168e-056 -5.30999811e-057 -2.66479102e-057
 -1.33485061e-057 -6.67425645e-058 -3.33099388e-058 -1.65937865e-058
 -8.25121455e-059 -4.09534959e-059 -2.02891942e-059 -1.00331969e-059
 -4.95238720e-060 -2.44000416e-060 -1.19996135e-060 -5.89039841e-061
 -2.88617593e-061 -1.41156749e-061 -6.89098358e-062 -3.35785161e-062
 -1.63321178e-062 -7.92910605e-063 -3.84243622e-063 -1.85861666e-063
 -8.97374458e-064 -4.32472304e-064 -2.08038453e-064 -9.98917562e-065
 -4.78758392e-065 -2.29036063e-065 -1.09368450e-065 -5.21291887e-066]
symrep = 0 - 0.46*np.exp(-(x-3.8588399999999994)**2/(2*0.9333333333333335**2))- 0.97*np.exp(-(x--4.55922)**2/(2*0.7**2))
    