energies = {0: [-0.07279786185374895], 1: [], 2: []}
wfns = {0: [array([ 0.00000000e+00,  7.12814816e-06,  1.42579602e-05,  2.13911004e-05,
        2.85292338e-05,  3.56740266e-05,  4.28271466e-05,  4.99902635e-05,
        5.71650494e-05,  6.43531789e-05,  7.15563301e-05,  7.87761842e-05,
        8.60144266e-05,  9.32727469e-05,  1.00552839e-04,  1.07856403e-04,
        1.15185143e-04,  1.22540771e-04,  1.29925002e-04,  1.37339561e-04,
        1.44786178e-04,  1.52266592e-04,  1.59782548e-04,  1.67335802e-04,
        1.74928116e-04,  1.82561262e-04,  1.90237023e-04,  1.97957190e-04,
        2.05723564e-04,  2.13537960e-04,  2.21402200e-04,  2.29318121e-04,
        2.37287571e-04,  2.45312409e-04,  2.53394509e-04,  2.61535757e-04,
        2.69738055e-04,  2.78003316e-04,  2.86333469e-04,  2.94730460e-04,
        3.03196248e-04,  3.11732809e-04,  3.20342136e-04,  3.29026239e-04,
        3.37787145e-04,  3.46626898e-04,  3.55547563e-04,  3.64551221e-04,
        3.73639974e-04,  3.82815944e-04,  3.92081272e-04,  4.01438121e-04,
        4.10888676e-04,  4.20435143e-04,  4.30079749e-04,  4.39824746e-04,
        4.49672409e-04,  4.59625037e-04,  4.69684952e-04,  4.79854503e-04,
        4.90136064e-04,  5.00532034e-04,  5.11044841e-04,  5.21676938e-04,
        5.32430807e-04,  5.43308959e-04,  5.54313932e-04,  5.65448295e-04,
        5.76714647e-04,  5.88115619e-04,  5.99653872e-04,  6.11332098e-04,
        6.23153024e-04,  6.35119409e-04,  6.47234046e-04,  6.59499763e-04,
        6.71919424e-04,  6.84495927e-04,  6.97232208e-04,  7.10131240e-04,
        7.23196034e-04,  7.36429639e-04,  7.49835145e-04,  7.63415681e-04,
        7.77174416e-04,  7.91114563e-04,  8.05239376e-04,  8.19552150e-04,
        8.34056228e-04,  8.48754995e-04,  8.63651882e-04,  8.78750367e-04,
        8.94053973e-04,  9.09566273e-04,  9.25290888e-04,  9.41231488e-04,
        9.57391795e-04,  9.73775580e-04,  9.90386668e-04,  1.00722894e-03,
        1.02430632e-03,  1.04162279e-03,  1.05918241e-03,  1.07698927e-03,
        1.09504752e-03,  1.11336139e-03,  1.13193513e-03,  1.15077310e-03,
        1.16987969e-03,  1.18925936e-03,  1.20891663e-03,  1.22885609e-03,
        1.24908239e-03,  1.26960026e-03,  1.29041449e-03,  1.31152993e-03,
        1.33295151e-03,  1.35468424e-03,  1.37673318e-03,  1.39910349e-03,
        1.42180038e-03,  1.44482915e-03,  1.46819518e-03,  1.49190392e-03,
        1.51596091e-03,  1.54037177e-03,  1.56514218e-03,  1.59027793e-03,
        1.61578490e-03,  1.64166903e-03,  1.66793636e-03,  1.69459303e-03,
        1.72164526e-03,  1.74909936e-03,  1.77696175e-03,  1.80523892e-03,
        1.83393748e-03,  1.86306412e-03,  1.89262565e-03,  1.92262896e-03,
        1.95308107e-03,  1.98398906e-03,  2.01536017e-03,  2.04720172e-03,
        2.07952113e-03,  2.11232595e-03,  2.14562384e-03,  2.17942257e-03,
        2.21373003e-03,  2.24855422e-03,  2.28390329e-03,  2.31978547e-03,
        2.35620915e-03,  2.39318283e-03,  2.43071513e-03,  2.46881482e-03,
        2.50749079e-03,  2.54675207e-03,  2.58660782e-03,  2.62706736e-03,
        2.66814011e-03,  2.70983567e-03,  2.75216377e-03,  2.79513430e-03,
        2.83875728e-03,  2.88304289e-03,  2.92800147e-03,  2.97364352e-03,
        3.01997970e-03,  3.06702081e-03,  3.11477783e-03,  3.16326192e-03,
        3.21248439e-03,  3.26245674e-03,  3.31319062e-03,  3.36469788e-03,
        3.41699054e-03,  3.47008082e-03,  3.52398109e-03,  3.57870394e-03,
        3.63426216e-03,  3.69066869e-03,  3.74793672e-03,  3.80607961e-03,
        3.86511093e-03,  3.92504446e-03,  3.98589419e-03,  4.04767433e-03,
        4.11039929e-03,  4.17408372e-03,  4.23874248e-03,  4.30439067e-03,
        4.37104361e-03,  4.43871685e-03,  4.50742620e-03,  4.57718769e-03,
        4.64801761e-03,  4.71993249e-03,  4.79294911e-03,  4.86708453e-03,
        4.94235604e-03,  5.01878122e-03,  5.09637790e-03,  5.17516421e-03,
        5.25515852e-03,  5.33637951e-03,  5.41884614e-03,  5.50257767e-03,
        5.58759363e-03,  5.67391387e-03,  5.76155854e-03,  5.85054809e-03,
        5.94090331e-03,  6.03264528e-03,  6.12579541e-03,  6.22037546e-03,
        6.31640749e-03,  6.41391392e-03,  6.51291752e-03,  6.61344139e-03,
        6.71550899e-03,  6.81914417e-03,  6.92437109e-03,  7.03121433e-03,
        7.13969883e-03,  7.24984991e-03,  7.36169328e-03,  7.47525504e-03,
        7.59056171e-03,  7.70764021e-03,  7.82651785e-03,  7.94722240e-03,
        8.06978202e-03,  8.19422532e-03,  8.32058135e-03,  8.44887961e-03,
        8.57915005e-03,  8.71142306e-03,  8.84572954e-03,  8.98210082e-03,
        9.12056874e-03,  9.26116562e-03,  9.40392429e-03,  9.54887806e-03,
        9.69606077e-03,  9.84550678e-03,  9.99725097e-03,  1.01513288e-02,
        1.03077761e-02,  1.04666296e-02,  1.06279262e-02,  1.07917036e-02,
        1.09580001e-02,  1.11268544e-02,  1.12983060e-02,  1.14723949e-02,
        1.16491618e-02,  1.18286478e-02,  1.20108949e-02,  1.21959457e-02,
        1.23838433e-02,  1.25746316e-02,  1.27683551e-02,  1.29650591e-02,
        1.31647894e-02,  1.33675927e-02,  1.35735163e-02,  1.37826083e-02,
        1.39949175e-02,  1.42104935e-02,  1.44293865e-02,  1.46516478e-02,
        1.48773290e-02,  1.51064830e-02,  1.53391632e-02,  1.55754239e-02,
        1.58153204e-02,  1.60589085e-02,  1.63062451e-02,  1.65573880e-02,
        1.68123958e-02,  1.70713281e-02,  1.73342452e-02,  1.76012085e-02,
        1.78722804e-02,  1.81475241e-02,  1.84270039e-02,  1.87107850e-02,
        1.89989336e-02,  1.92915171e-02,  1.95886036e-02,  1.98902627e-02,
        2.01965645e-02,  2.05075808e-02,  2.08233840e-02,  2.11440480e-02,
        2.14696474e-02,  2.18002584e-02,  2.21359581e-02,  2.24768248e-02,
        2.28229382e-02,  2.31743791e-02,  2.35312294e-02,  2.38935724e-02,
        2.42614928e-02,  2.46350764e-02,  2.50144105e-02,  2.53995835e-02,
        2.57906854e-02,  2.61878075e-02,  2.65910424e-02,  2.70004843e-02,
        2.74162288e-02,  2.78383730e-02,  2.82670152e-02,  2.87022557e-02,
        2.91441960e-02,  2.95929392e-02,  3.00485902e-02,  3.05112552e-02,
        3.09810423e-02,  3.14580611e-02,  3.19424230e-02,  3.24342411e-02,
        3.29336301e-02,  3.34407065e-02,  3.39555889e-02,  3.44783973e-02,
        3.50092538e-02,  3.55482824e-02,  3.60956087e-02,  3.66513606e-02,
        3.72156679e-02,  3.77886621e-02,  3.83704771e-02,  3.89612487e-02,
        3.95611148e-02,  4.01702153e-02,  4.07886923e-02,  4.14166903e-02,
        4.20543557e-02,  4.27018374e-02,  4.33592862e-02,  4.40268555e-02,
        4.47047009e-02,  4.53929803e-02,  4.60918539e-02,  4.68014841e-02,
        4.75220360e-02,  4.82536765e-02,  4.89965750e-02,  4.97509029e-02,
        5.05168337e-02,  5.12945429e-02,  5.20842076e-02,  5.28860062e-02,
        5.37001185e-02,  5.45267247e-02,  5.53660054e-02,  5.62181403e-02,
        5.70833081e-02,  5.79616848e-02,  5.88534429e-02,  5.97587494e-02,
        6.06777645e-02,  6.16106390e-02,  6.25575117e-02,  6.35185062e-02,
        6.44937276e-02,  6.54832581e-02,  6.64871518e-02,  6.75054294e-02,
        6.85380718e-02,  6.95850127e-02,  7.06461305e-02,  7.17212395e-02,
        7.28100797e-02,  7.39123063e-02,  7.50274777e-02,  7.61550429e-02,
        7.72943287e-02,  7.84445254e-02,  7.96046730e-02,  8.07736464e-02,
        8.19501411e-02,  8.31326597e-02,  8.43194980e-02,  8.55087337e-02,
        8.66982154e-02,  8.78855547e-02,  8.90681203e-02,  9.02430354e-02,
        9.14071788e-02,  9.25571896e-02,  9.36894772e-02,  9.48002354e-02,
        9.58854620e-02,  9.69409842e-02,  9.79624881e-02,  9.89455550e-02,
        9.98857015e-02,  1.00778425e-01,  1.01619253e-01,  1.02403795e-01,
        1.03127797e-01,  1.03787199e-01,  1.04378188e-01,  1.04897255e-01,
        1.05341246e-01,  1.05707412e-01,  1.05993448e-01,  1.06197536e-01,
        1.06318368e-01,  1.06355173e-01,  1.06307726e-01,  1.06176352e-01,
        1.05961926e-01,  1.05665851e-01,  1.05290039e-01,  1.04836878e-01,
        1.04309199e-01,  1.03710223e-01,  1.03043521e-01,  1.02312956e-01,
        1.01522628e-01,  1.00676822e-01,  9.97799466e-02,  9.88364860e-02,
        9.78509429e-02,  9.68277928e-02,  9.57714387e-02,  9.46861719e-02,
        9.35761368e-02,  9.24453021e-02,  9.12974366e-02,  9.01360907e-02,
        8.89645829e-02,  8.77859910e-02,  8.66031477e-02,  8.54186408e-02,
        8.42348159e-02,  8.30537830e-02,  8.18774250e-02,  8.07074087e-02,
        7.95451965e-02,  7.83920604e-02,  7.72490957e-02,  7.61172354e-02,
        7.49972647e-02,  7.38898348e-02,  7.27954773e-02,  7.17146167e-02,
        7.06475830e-02,  6.95946235e-02,  6.85559128e-02,  6.75315633e-02,
        6.65216337e-02,  6.55261368e-02,  6.45450469e-02,  6.35783058e-02,
        6.26258283e-02,  6.16875072e-02,  6.07632173e-02,  5.98528189e-02,
        5.89561607e-02,  5.80730829e-02,  5.72034187e-02,  5.63469963e-02,
        5.55036408e-02,  5.46731747e-02,  5.38554196e-02,  5.30501966e-02,
        5.22573270e-02,  5.14766328e-02,  5.07079375e-02,  4.99510657e-02,
        4.92058442e-02,  4.84721012e-02,  4.77496676e-02,  4.70383759e-02,
        4.63380612e-02,  4.56485608e-02,  4.49697143e-02,  4.43013638e-02,
        4.36433534e-02,  4.29955299e-02,  4.23577422e-02,  4.17298415e-02,
        4.11116813e-02,  4.05031175e-02,  3.99040080e-02,  3.93142129e-02,
        3.87335947e-02,  3.81620178e-02,  3.75993489e-02,  3.70454565e-02,
        3.65002114e-02,  3.59634864e-02,  3.54351561e-02,  3.49150972e-02,
        3.44031884e-02,  3.38993101e-02,  3.34033447e-02,  3.29151764e-02,
        3.24346914e-02,  3.19617774e-02,  3.14963241e-02,  3.10382228e-02,
        3.05873665e-02,  3.01436501e-02,  2.97069700e-02,  2.92772241e-02,
        2.88543123e-02,  2.84381358e-02,  2.80285975e-02,  2.76256017e-02,
        2.72290543e-02,  2.68388629e-02,  2.64549364e-02,  2.60771851e-02,
        2.57055208e-02,  2.53398568e-02,  2.49801078e-02,  2.46261897e-02,
        2.42780200e-02,  2.39355173e-02,  2.35986018e-02,  2.32671948e-02,
        2.29412189e-02,  2.26205980e-02,  2.23052573e-02,  2.19951233e-02,
        2.16901234e-02,  2.13901865e-02,  2.10952426e-02,  2.08052229e-02,
        2.05200596e-02,  2.02396861e-02,  1.99640371e-02,  1.96930482e-02,
        1.94266562e-02,  1.91647988e-02,  1.89074149e-02,  1.86544445e-02,
        1.84058285e-02,  1.81615088e-02,  1.79214285e-02,  1.76855315e-02,
        1.74537627e-02,  1.72260680e-02,  1.70023943e-02,  1.67826894e-02,
        1.65669020e-02,  1.63549817e-02,  1.61468791e-02,  1.59425455e-02,
        1.57419333e-02,  1.55449956e-02,  1.53516866e-02,  1.51619609e-02,
        1.49757745e-02,  1.47930837e-02,  1.46138460e-02,  1.44380195e-02,
        1.42655631e-02,  1.40964366e-02,  1.39306004e-02,  1.37680160e-02,
        1.36086451e-02,  1.34524506e-02,  1.32993960e-02,  1.31494453e-02,
        1.30025635e-02,  1.28587161e-02,  1.27178692e-02,  1.25799895e-02,
        1.24450445e-02,  1.23130020e-02,  1.21838304e-02,  1.20574985e-02,
        1.19339755e-02,  1.18132309e-02,  1.16952342e-02,  1.15799552e-02,
        1.14673636e-02,  1.13574287e-02,  1.12501195e-02,  1.11454042e-02,
        1.10432504e-02,  1.09436243e-02,  1.08464904e-02,  1.07518117e-02,
        1.06595485e-02,  1.05696586e-02,  1.04820965e-02,  1.03968129e-02,
        1.03137540e-02,  1.02328614e-02,  1.01540710e-02,  1.00773126e-02,
        1.00025093e-02,  9.92957690e-03,  9.85842349e-03,  9.78894883e-03,
        9.72104409e-03,  9.65459154e-03,  9.58946441e-03,  9.52552692e-03,
        9.46263446e-03,  9.40063399e-03,  9.33936461e-03,  9.27865840e-03,
        9.21834142e-03,  9.15823502e-03,  9.09815729e-03,  9.03792479e-03,
        8.97735437e-03,  8.91626527e-03,  8.85448121e-03,  8.79183262e-03,
        8.72815893e-03,  8.66331069e-03,  8.59715179e-03,  8.52956136e-03,
        8.46043559e-03,  8.38968925e-03,  8.31725690e-03,  8.24309378e-03,
        8.16717635e-03,  8.08950241e-03,  8.01009087e-03,  7.92898112e-03,
        7.84623202e-03,  7.76192058e-03,  7.67614036e-03,  7.58899956e-03,
        7.50061899e-03,  7.41112983e-03,  7.32067138e-03,  7.22938876e-03,
        7.13743062e-03,  7.04494700e-03,  6.95208725e-03,  6.85899820e-03,
        6.76582244e-03,  6.67269692e-03,  6.57975169e-03,  6.48710897e-03,
        6.39488236e-03,  6.30317636e-03,  6.21208608e-03,  6.12169711e-03,
        6.03208560e-03,  5.94331851e-03,  5.85545388e-03,  5.76854136e-03,
        5.68262267e-03,  5.59773217e-03,  5.51389754e-03,  5.43114028e-03,
        5.34947645e-03,  5.26891719e-03,  5.18946934e-03,  5.11113601e-03,
        5.03391702e-03,  4.95780944e-03,  4.88280802e-03,  4.80890549e-03,
        4.73609301e-03,  4.66436039e-03,  4.59369639e-03,  4.52408891e-03,
        4.45552522e-03,  4.38799211e-03,  4.32147599e-03,  4.25596306e-03,
        4.19143937e-03,  4.12789087e-03,  4.06530353e-03,  4.00366334e-03,
        3.94295638e-03,  3.88316882e-03,  3.82428696e-03,  3.76629726e-03,
        3.70918633e-03,  3.65294093e-03,  3.59754803e-03,  3.54299473e-03,
        3.48926836e-03,  3.43635639e-03,  3.38424651e-03,  3.33292655e-03,
        3.28238456e-03,  3.23260874e-03,  3.18358747e-03,  3.13530933e-03,
        3.08776304e-03,  3.04093750e-03,  2.99482179e-03,  2.94940514e-03,
        2.90467696e-03,  2.86062679e-03,  2.81724437e-03,  2.77451956e-03,
        2.73244238e-03,  2.69100303e-03,  2.65019182e-03,  2.60999923e-03,
        2.57041588e-03,  2.53143253e-03,  2.49304007e-03,  2.45522955e-03,
        2.41799214e-03,  2.38131915e-03,  2.34520201e-03,  2.30963231e-03,
        2.27460172e-03,  2.24010209e-03,  2.20612535e-03,  2.17266357e-03,
        2.13970894e-03,  2.10725378e-03,  2.07529050e-03,  2.04381164e-03,
        2.01280986e-03,  1.98227791e-03,  1.95220868e-03,  1.92259514e-03,
        1.89343038e-03,  1.86470760e-03,  1.83642008e-03,  1.80856123e-03,
        1.78112454e-03,  1.75410360e-03,  1.72749212e-03,  1.70128388e-03,
        1.67547275e-03,  1.65005273e-03,  1.62501786e-03,  1.60036232e-03,
        1.57608034e-03,  1.55216625e-03,  1.52861448e-03,  1.50541952e-03,
        1.48257596e-03,  1.46007847e-03,  1.43792181e-03,  1.41610078e-03,
        1.39461031e-03,  1.37344538e-03,  1.35260104e-03,  1.33207243e-03,
        1.31185476e-03,  1.29194330e-03,  1.27233342e-03,  1.25302053e-03,
        1.23400013e-03,  1.21526777e-03,  1.19681909e-03,  1.17864977e-03,
        1.16075558e-03,  1.14313234e-03,  1.12577593e-03,  1.10868231e-03,
        1.09184747e-03,  1.07526751e-03,  1.05893853e-03,  1.04285674e-03,
        1.02701838e-03,  1.01141974e-03,  9.96057200e-04,  9.80927161e-04,
        9.66026094e-04,  9.51350521e-04,  9.36897017e-04,  9.22662207e-04,
        9.08642768e-04,  8.94835429e-04,  8.81236967e-04,  8.67844206e-04,
        8.54654022e-04,  8.41663334e-04,  8.28869111e-04,  8.16268367e-04,
        8.03858159e-04,  7.91635591e-04,  7.79597811e-04,  7.67742007e-04,
        7.56065413e-04,  7.44565303e-04,  7.33238993e-04,  7.22083838e-04,
        7.11097235e-04,  7.00276620e-04,  6.89619467e-04,  6.79123287e-04,
        6.68785631e-04,  6.58604086e-04,  6.48576275e-04,  6.38699858e-04,
        6.28972529e-04,  6.19392017e-04,  6.09956086e-04,  6.00662534e-04,
        5.91509191e-04,  5.82493921e-04,  5.73614619e-04,  5.64869213e-04,
        5.56255660e-04,  5.47771952e-04,  5.39416107e-04,  5.31186174e-04,
        5.23080233e-04,  5.15096392e-04,  5.07232787e-04,  4.99487583e-04,
        4.91858971e-04,  4.84345170e-04,  4.76944428e-04,  4.69655016e-04,
        4.62475233e-04,  4.55403403e-04,  4.48437876e-04,  4.41577024e-04,
        4.34819247e-04,  4.28162968e-04,  4.21606632e-04,  4.15148710e-04,
        4.08787693e-04,  4.02522098e-04,  3.96350461e-04,  3.90271341e-04,
        3.84283321e-04,  3.78385001e-04,  3.72575006e-04,  3.66851979e-04,
        3.61214584e-04,  3.55661505e-04,  3.50191446e-04,  3.44803131e-04,
        3.39495301e-04,  3.34266717e-04,  3.29116160e-04,  3.24042426e-04,
        3.19044331e-04,  3.14120709e-04,  3.09270411e-04,  3.04492304e-04,
        2.99785272e-04,  2.95148218e-04,  2.90580059e-04,  2.86079728e-04,
        2.81646175e-04,  2.77278365e-04,  2.72975279e-04,  2.68735911e-04,
        2.64559274e-04,  2.60444390e-04,  2.56390301e-04,  2.52396060e-04,
        2.48460734e-04,  2.44583404e-04,  2.40763167e-04,  2.36999129e-04,
        2.33290413e-04,  2.29636152e-04,  2.26035494e-04,  2.22487598e-04,
        2.18991636e-04,  2.15546793e-04,  2.12152263e-04,  2.08807254e-04,
        2.05510986e-04,  2.02262690e-04,  1.99061606e-04,  1.95906989e-04,
        1.92798101e-04,  1.89734216e-04,  1.86714620e-04,  1.83738608e-04,
        1.80805485e-04,  1.77914566e-04,  1.75065177e-04,  1.72256652e-04,
        1.69488337e-04,  1.66759584e-04,  1.64069756e-04,  1.61418227e-04,
        1.58804376e-04,  1.56227595e-04,  1.53687280e-04,  1.51182840e-04,
        1.48713690e-04,  1.46279253e-04,  1.43878961e-04,  1.41512254e-04,
        1.39178580e-04,  1.36877393e-04,  1.34608157e-04,  1.32370341e-04,
        1.30163424e-04,  1.27986890e-04,  1.25840232e-04,  1.23722947e-04,
        1.21634543e-04,  1.19574531e-04,  1.17542431e-04,  1.15537767e-04,
        1.13560074e-04,  1.11608888e-04,  1.09683754e-04,  1.07784223e-04,
        1.05909851e-04,  1.04060202e-04,  1.02234842e-04,  1.00433347e-04,
        9.86552950e-05,  9.69002718e-05,  9.51678674e-05,  9.34576776e-05,
        9.17693030e-05,  9.01023497e-05,  8.84564284e-05,  8.68311550e-05,
        8.52261501e-05,  8.36410390e-05,  8.20754518e-05,  8.05290230e-05,
        7.90013917e-05,  7.74922012e-05,  7.60010992e-05,  7.45277378e-05,
        7.30717729e-05,  7.16328648e-05,  7.02106775e-05,  6.88048791e-05,
        6.74151414e-05,  6.60411400e-05,  6.46825543e-05,  6.33390671e-05,
        6.20103647e-05,  6.06961370e-05,  5.93960773e-05,  5.81098821e-05,
        5.68372512e-05,  5.55778874e-05,  5.43314969e-05,  5.30977886e-05,
        5.18764747e-05,  5.06672700e-05,  4.94698923e-05,  4.82840621e-05,
        4.71095025e-05,  4.59459394e-05,  4.47931013e-05,  4.36507189e-05,
        4.25185257e-05,  4.13962573e-05,  4.02836518e-05,  3.91804495e-05,
        3.80863929e-05,  3.70012266e-05,  3.59246972e-05,  3.48565536e-05,
        3.37965463e-05,  3.27444279e-05,  3.16999529e-05,  3.06628774e-05,
        2.96329594e-05,  2.86099585e-05,  2.75936358e-05,  2.65837541e-05,
        2.55800777e-05,  2.45823724e-05,  2.35904051e-05,  2.26039445e-05,
        2.16227601e-05,  2.06466230e-05,  1.96753054e-05,  1.87085804e-05,
        1.77462225e-05,  1.67880070e-05,  1.58337102e-05,  1.48831094e-05,
        1.39359826e-05,  1.29921089e-05,  1.20512678e-05,  1.11132398e-05,
        1.01778059e-05,  9.24474773e-06,  8.31384751e-06,  7.38488795e-06,
        6.45765220e-06,  5.53192382e-06,  4.60748673e-06,  3.68412514e-06,
        2.76162352e-06,  1.83976652e-06,  9.18338968e-07, -2.87421962e-09])], 1: [], 2: []}
KEDs = {0: [array([5.08104962e-11, 5.08342198e-11, 5.08816891e-11, 5.09529485e-11,
       5.10480644e-11, 5.11671258e-11, 5.13102437e-11, 5.14775519e-11,
       5.16692065e-11, 5.18853865e-11, 5.21262938e-11, 5.23921532e-11,
       5.26832132e-11, 5.29997453e-11, 5.33420453e-11, 5.37104326e-11,
       5.41052514e-11, 5.45268702e-11, 5.49756828e-11, 5.54521082e-11,
       5.59565913e-11, 5.64896031e-11, 5.70516414e-11, 5.76432310e-11,
       5.82649242e-11, 5.89173015e-11, 5.96009722e-11, 6.03165746e-11,
       6.10647769e-11, 6.18462777e-11, 6.26618068e-11, 6.35121257e-11,
       6.43980282e-11, 6.53203418e-11, 6.62799275e-11, 6.72776814e-11,
       6.83145351e-11, 6.93914569e-11, 7.05094522e-11, 7.16695650e-11,
       7.28728787e-11, 7.41205166e-11, 7.54136439e-11, 7.67534681e-11,
       7.81412401e-11, 7.95782558e-11, 8.10658570e-11, 8.26054328e-11,
       8.41984208e-11, 8.58463083e-11, 8.75506342e-11, 8.93129899e-11,
       9.11350209e-11, 9.30184285e-11, 9.49649715e-11, 9.69764674e-11,
       9.90547943e-11, 1.01201893e-10, 1.03419769e-10, 1.05710491e-10,
       1.08076201e-10, 1.10519106e-10, 1.13041488e-10, 1.15645701e-10,
       1.18334178e-10, 1.21109429e-10, 1.23974046e-10, 1.26930702e-10,
       1.29982160e-10, 1.33131267e-10, 1.36380966e-10, 1.39734289e-10,
       1.43194369e-10, 1.46764436e-10, 1.50447824e-10, 1.54247972e-10,
       1.58168428e-10, 1.62212854e-10, 1.66385025e-10, 1.70688838e-10,
       1.75128311e-10, 1.79707590e-10, 1.84430950e-10, 1.89302802e-10,
       1.94327695e-10, 1.99510321e-10, 2.04855519e-10, 2.10368281e-10,
       2.16053753e-10, 2.21917246e-10, 2.27964233e-10, 2.34200361e-10,
       2.40631454e-10, 2.47263515e-10, 2.54102739e-10, 2.61155511e-10,
       2.68428416e-10, 2.75928246e-10, 2.83662003e-10, 2.91636910e-10,
       2.99860412e-10, 3.08340189e-10, 3.17084158e-10, 3.26100484e-10,
       3.35397586e-10, 3.44984146e-10, 3.54869114e-10, 3.65061721e-10,
       3.75571484e-10, 3.86408217e-10, 3.97582039e-10, 4.09103382e-10,
       4.20983006e-10, 4.33232002e-10, 4.45861809e-10, 4.58884219e-10,
       4.72311393e-10, 4.86155867e-10, 5.00430569e-10, 5.15148828e-10,
       5.30324388e-10, 5.45971418e-10, 5.62104529e-10, 5.78738785e-10,
       5.95889719e-10, 6.13573345e-10, 6.31806175e-10, 6.50605234e-10,
       6.69988077e-10, 6.89972801e-10, 7.10578068e-10, 7.31823117e-10,
       7.53727787e-10, 7.76312530e-10, 7.99598436e-10, 8.23607247e-10,
       8.48361383e-10, 8.73883956e-10, 9.00198799e-10, 9.27330484e-10,
       9.55304344e-10, 9.84146500e-10, 1.01388388e-09, 1.04454426e-09,
       1.07615627e-09, 1.10874941e-09, 1.14235413e-09, 1.17700181e-09,
       1.21272479e-09, 1.24955643e-09, 1.28753113e-09, 1.32668435e-09,
       1.36705263e-09, 1.40867369e-09, 1.45158637e-09, 1.49583075e-09,
       1.54144815e-09, 1.58848116e-09, 1.63697369e-09, 1.68697103e-09,
       1.73851986e-09, 1.79166832e-09, 1.84646603e-09, 1.90296415e-09,
       1.96121546e-09, 2.02127433e-09, 2.08319685e-09, 2.14704083e-09,
       2.21286590e-09, 2.28073351e-09, 2.35070705e-09, 2.42285184e-09,
       2.49723525e-09, 2.57392673e-09, 2.65299791e-09, 2.73452260e-09,
       2.81857694e-09, 2.90523941e-09, 2.99459093e-09, 3.08671494e-09,
       3.18169745e-09, 3.27962715e-09, 3.38059549e-09, 3.48469675e-09,
       3.59202812e-09, 3.70268984e-09, 3.81678523e-09, 3.93442083e-09,
       4.05570648e-09, 4.18075544e-09, 4.30968446e-09, 4.44261393e-09,
       4.57966798e-09, 4.72097459e-09, 4.86666569e-09, 5.01687732e-09,
       5.17174976e-09, 5.33142760e-09, 5.49605996e-09, 5.66580054e-09,
       5.84080786e-09, 6.02124532e-09, 6.20728141e-09, 6.39908984e-09,
       6.59684970e-09, 6.80074567e-09, 7.01096812e-09, 7.22771336e-09,
       7.45118376e-09, 7.68158800e-09, 7.91914121e-09, 8.16406522e-09,
       8.41658871e-09, 8.67694749e-09, 8.94538466e-09, 9.22215088e-09,
       9.50750458e-09, 9.80171220e-09, 1.01050485e-08, 1.04177966e-08,
       1.07402487e-08, 1.10727058e-08, 1.14154783e-08, 1.17688863e-08,
       1.21332598e-08, 1.25089390e-08, 1.28962748e-08, 1.32956288e-08,
       1.37073738e-08, 1.41318944e-08, 1.45695870e-08, 1.50208603e-08,
       1.54861355e-08, 1.59658473e-08, 1.64604434e-08, 1.69703859e-08,
       1.74961507e-08, 1.80382288e-08, 1.85971265e-08, 1.91733655e-08,
       1.97674840e-08, 2.03800367e-08, 2.10115956e-08, 2.16627503e-08,
       2.23341090e-08, 2.30262984e-08, 2.37399650e-08, 2.44757751e-08,
       2.52344158e-08, 2.60165954e-08, 2.68230443e-08, 2.76545156e-08,
       2.85117857e-08, 2.93956549e-08, 3.03069486e-08, 3.12465178e-08,
       3.22152398e-08, 3.32140190e-08, 3.42437882e-08, 3.53055089e-08,
       3.64001725e-08, 3.75288010e-08, 3.86924484e-08, 3.98922012e-08,
       4.11291797e-08, 4.24045389e-08, 4.37194697e-08, 4.50752000e-08,
       4.64729955e-08, 4.79141616e-08, 4.94000439e-08, 5.09320298e-08,
       5.25115499e-08, 5.41400790e-08, 5.58191377e-08, 5.75502940e-08,
       5.93351643e-08, 6.11754151e-08, 6.30727648e-08, 6.50289852e-08,
       6.70459027e-08, 6.91254007e-08, 7.12694210e-08, 7.34799655e-08,
       7.57590984e-08, 7.81089477e-08, 8.05317076e-08, 8.30296404e-08,
       8.56050786e-08, 8.82604270e-08, 9.09981649e-08, 9.38208488e-08,
       9.67311144e-08, 9.97316791e-08, 1.02825345e-07, 1.06015000e-07,
       1.09303623e-07, 1.12694285e-07, 1.16190152e-07, 1.19794487e-07,
       1.23510658e-07, 1.27342133e-07, 1.31292490e-07, 1.35365418e-07,
       1.39564720e-07, 1.43894317e-07, 1.48358251e-07, 1.52960692e-07,
       1.57705937e-07, 1.62598416e-07, 1.67642697e-07, 1.72843492e-07,
       1.78205656e-07, 1.83734196e-07, 1.89434274e-07, 1.95311214e-07,
       2.01370501e-07, 2.07617795e-07, 2.14058929e-07, 2.20699917e-07,
       2.27546960e-07, 2.34606451e-07, 2.41884983e-07, 2.49389352e-07,
       2.57126564e-07, 2.65103844e-07, 2.73328642e-07, 2.81808635e-07,
       2.90551743e-07, 2.99566128e-07, 3.08860207e-07, 3.18442656e-07,
       3.28322420e-07, 3.38508723e-07, 3.49011070e-07, 3.59839261e-07,
       3.71003399e-07, 3.82513894e-07, 3.94381475e-07, 4.06617198e-07,
       4.19232449e-07, 4.32238957e-07, 4.45648795e-07, 4.59474385e-07,
       4.73728501e-07, 4.88424266e-07, 5.03575150e-07, 5.19194957e-07,
       5.35297812e-07, 5.51898131e-07, 5.69010591e-07, 5.86650076e-07,
       6.04831611e-07, 6.23570272e-07, 6.42881070e-07, 6.62778802e-07,
       6.83277858e-07, 7.04391981e-07, 7.26133967e-07, 7.48515291e-07,
       7.71545654e-07, 7.95232421e-07, 8.19579956e-07, 8.44588814e-07,
       8.70254786e-07, 8.96567775e-07, 9.23510486e-07, 9.51056903e-07,
       9.79170553e-07, 1.00780254e-06, 1.03688932e-06, 1.06635031e-06,
       1.09608517e-06, 1.12597101e-06, 1.15585935e-06, 1.18557310e-06,
       1.21490347e-06, 1.24360708e-06, 1.27140330e-06, 1.29797209e-06,
       1.32295258e-06, 1.34594245e-06, 1.36649873e-06, 1.38413992e-06,
       1.39835013e-06, 1.40858522e-06, 1.41428144e-06, 1.41486670e-06,
       1.40977463e-06, 1.39846145e-06, 1.38042562e-06, 1.35522980e-06,
       1.32252489e-06, 1.28207515e-06, 1.23378368e-06, 1.17771691e-06,
       1.11412698e-06, 1.04347023e-06, 9.66420502e-07, 8.83875597e-07,
       7.96955586e-07, 7.06991833e-07, 6.15506054e-07, 5.24179186e-07,
       4.34810459e-07, 3.49267682e-07, 2.69430423e-07, 1.97128326e-07,
       1.34077348e-07, 8.18169962e-08, 4.16518357e-08, 1.46004268e-08,
       1.35457937e-09, 2.25127031e-09, 1.72588772e-08, 4.59785441e-08,
       8.76605966e-08, 1.41235031e-07, 2.05354285e-07, 2.78445833e-07,
       3.58771655e-07, 4.44491371e-07, 5.33725812e-07, 6.24617971e-07,
       7.15388651e-07, 8.04384661e-07, 8.90118002e-07, 9.71295149e-07,
       1.04683615e-06, 1.11588388e-06, 1.17780415e-06, 1.23217794e-06,
       1.27878713e-06, 1.31759514e-06, 1.34872418e-06, 1.37243051e-06,
       1.38907901e-06, 1.39911821e-06, 1.40305665e-06, 1.40144135e-06,
       1.39483869e-06, 1.38381806e-06, 1.36893835e-06, 1.35073720e-06,
       1.32972281e-06, 1.30636825e-06, 1.28110770e-06, 1.25433452e-06,
       1.22640087e-06, 1.19761835e-06, 1.16825966e-06, 1.13856082e-06,
       1.10872389e-06, 1.07891987e-06, 1.04929181e-06, 1.01995781e-06,
       9.91014023e-07, 9.62537426e-07, 9.34588451e-07, 9.07213365e-07,
       8.80446431e-07, 8.54311823e-07, 8.28825322e-07, 8.03995788e-07,
       7.79826433e-07, 7.56315911e-07, 7.33459240e-07, 7.11248577e-07,
       6.89673868e-07, 6.68723378e-07, 6.48384131e-07, 6.28642271e-07,
       6.09483344e-07, 5.90892532e-07, 5.72854833e-07, 5.55355205e-07,
       5.38378678e-07, 5.21910434e-07, 5.05935875e-07, 4.90440670e-07,
       4.75410783e-07, 4.60832504e-07, 4.46692459e-07, 4.32977618e-07,
       4.19675305e-07, 4.06773189e-07, 3.94259292e-07, 3.82121978e-07,
       3.70349947e-07, 3.58932233e-07, 3.47858191e-07, 3.37117495e-07,
       3.26700123e-07, 3.16596354e-07, 3.06796759e-07, 2.97292190e-07,
       2.88073774e-07, 2.79132904e-07, 2.70461234e-07, 2.62050666e-07,
       2.53893348e-07, 2.45981663e-07, 2.38308224e-07, 2.30865866e-07,
       2.23647639e-07, 2.16646803e-07, 2.09856823e-07, 2.03271357e-07,
       1.96884256e-07, 1.90689556e-07, 1.84681473e-07, 1.78854398e-07,
       1.73202888e-07, 1.67721667e-07, 1.62405617e-07, 1.57249774e-07,
       1.52249323e-07, 1.47399596e-07, 1.42696063e-07, 1.38134334e-07,
       1.33710148e-07, 1.29419375e-07, 1.25258007e-07, 1.21222160e-07,
       1.17308065e-07, 1.13512066e-07, 1.09830620e-07, 1.06260288e-07,
       1.02797738e-07, 9.94397357e-08, 9.61831457e-08, 9.30249272e-08,
       8.99621312e-08, 8.69918978e-08, 8.41114536e-08, 8.13181089e-08,
       7.86092555e-08, 7.59823640e-08, 7.34349814e-08, 7.09647293e-08,
       6.85693009e-08, 6.62464595e-08, 6.39940362e-08, 6.18099278e-08,
       5.96920949e-08, 5.76385599e-08, 5.56474053e-08, 5.37167720e-08,
       5.18448571e-08, 5.00299128e-08, 4.82702444e-08, 4.65642088e-08,
       4.49102130e-08, 4.33067126e-08, 4.17522105e-08, 4.02452551e-08,
       3.87844394e-08, 3.73683996e-08, 3.59958136e-08, 3.46654001e-08,
       3.33759171e-08, 3.21261611e-08, 3.09149659e-08, 2.97412015e-08,
       2.86037734e-08, 2.75016211e-08, 2.64337181e-08, 2.53990703e-08,
       2.43967160e-08, 2.34257246e-08, 2.24851968e-08, 2.15742636e-08,
       2.06920864e-08, 1.98378566e-08, 1.90107960e-08, 1.82101564e-08,
       1.74352204e-08, 1.66853017e-08, 1.59597460e-08, 1.52579318e-08,
       1.45792717e-08, 1.39232132e-08, 1.32892408e-08, 1.26768773e-08,
       1.20856852e-08, 1.15152689e-08, 1.09652757e-08, 1.04353977e-08,
       9.92537254e-09, 9.43498472e-09, 8.96406543e-09, 8.51249248e-09,
       8.08018924e-09, 7.66712282e-09, 7.27330151e-09, 6.89877120e-09,
       6.54361114e-09, 6.20792897e-09, 5.89185512e-09, 5.59553707e-09,
       5.31913347e-09, 5.06280865e-09, 4.82672779e-09, 4.61105314e-09,
       4.41594150e-09, 4.24154327e-09, 4.08800300e-09, 3.95546141e-09,
       3.84405840e-09, 3.75393659e-09, 3.68524446e-09, 3.63813793e-09,
       3.61277948e-09, 3.60933318e-09, 3.62795470e-09, 3.66877517e-09,
       3.73187829e-09, 3.81727052e-09, 3.92484493e-09, 4.05433975e-09,
       4.20529368e-09, 4.37700052e-09, 4.56846613e-09, 4.77837135e-09,
       5.00504435e-09, 5.24644560e-09, 5.50016839e-09, 5.76345666e-09,
       6.03324100e-09, 6.30619237e-09, 6.57879192e-09, 6.84741392e-09,
       7.10841800e-09, 7.35824601e-09, 7.59351852e-09, 7.81112602e-09,
       8.00831009e-09, 8.18273076e-09, 8.33251707e-09, 8.45629903e-09,
       8.55322035e-09, 8.62293255e-09, 8.66557193e-09, 8.68172177e-09,
       8.67236278e-09, 8.63881496e-09, 8.58267444e-09, 8.50574823e-09,
       8.40999000e-09, 8.29743929e-09, 8.17016596e-09, 8.03022142e-09,
       7.87959735e-09, 7.72019234e-09, 7.55378632e-09, 7.38202239e-09,
       7.20639546e-09, 7.02824673e-09, 6.84876325e-09, 6.66898154e-09,
       6.48979435e-09, 6.31195978e-09, 6.13611195e-09, 5.96277248e-09,
       5.79236247e-09, 5.62521430e-09, 5.46158304e-09, 5.30165721e-09,
       5.14556868e-09, 4.99340175e-09, 4.84520112e-09, 4.70097907e-09,
       4.56072156e-09, 4.42439360e-09, 4.29194369e-09, 4.16330764e-09,
       4.03841174e-09, 3.91717527e-09, 3.79951268e-09, 3.68533522e-09,
       3.57455234e-09, 3.46707272e-09, 3.36280508e-09, 3.26165883e-09,
       3.16354455e-09, 3.06837432e-09, 2.97606196e-09, 2.88652326e-09,
       2.79967602e-09, 2.71544016e-09, 2.63373776e-09, 2.55449303e-09,
       2.47763237e-09, 2.40308423e-09, 2.33077920e-09, 2.26064989e-09,
       2.19263089e-09, 2.12665874e-09, 2.06267189e-09, 2.00061062e-09,
       1.94041699e-09, 1.88203481e-09, 1.82540957e-09, 1.77048841e-09,
       1.71722003e-09, 1.66555472e-09, 1.61544422e-09, 1.56684175e-09,
       1.51970192e-09, 1.47398072e-09, 1.42963545e-09, 1.38662471e-09,
       1.34490834e-09, 1.30444739e-09, 1.26520406e-09, 1.22714173e-09,
       1.19022485e-09, 1.15441894e-09, 1.11969058e-09, 1.08600734e-09,
       1.05333776e-09, 1.02165134e-09, 9.90918492e-10, 9.61110521e-10,
       9.32199593e-10, 9.04158711e-10, 8.76961693e-10, 8.50583143e-10,
       8.24998431e-10, 8.00183665e-10, 7.76115677e-10, 7.52771992e-10,
       7.30130812e-10, 7.08170998e-10, 6.86872043e-10, 6.66214060e-10,
       6.46177759e-10, 6.26744431e-10, 6.07895931e-10, 5.89614659e-10,
       5.71883544e-10, 5.54686031e-10, 5.38006060e-10, 5.21828057e-10,
       5.06136915e-10, 4.90917984e-10, 4.76157052e-10, 4.61840336e-10,
       4.47954469e-10, 4.34486483e-10, 4.21423804e-10, 4.08754234e-10,
       3.96465942e-10, 3.84547455e-10, 3.72987644e-10, 3.61775714e-10,
       3.50901197e-10, 3.40353938e-10, 3.30124090e-10, 3.20202098e-10,
       3.10578700e-10, 3.01244910e-10, 2.92192011e-10, 2.83411550e-10,
       2.74895330e-10, 2.66635397e-10, 2.58624039e-10, 2.50853776e-10,
       2.43317351e-10, 2.36007729e-10, 2.28918083e-10, 2.22041793e-10,
       2.15372439e-10, 2.08903794e-10, 2.02629816e-10, 1.96544648e-10,
       1.90642608e-10, 1.84918185e-10, 1.79366033e-10, 1.73980968e-10,
       1.68757962e-10, 1.63692138e-10, 1.58778765e-10, 1.54013257e-10,
       1.49391162e-10, 1.44908165e-10, 1.40560080e-10, 1.36342848e-10,
       1.32252529e-10, 1.28285306e-10, 1.24437473e-10, 1.20705437e-10,
       1.17085714e-10, 1.13574924e-10, 1.10169789e-10, 1.06867128e-10,
       1.03663859e-10, 1.00556990e-10, 9.75436195e-11, 9.46209348e-11,
       9.17862063e-11, 8.90367872e-11, 8.63701101e-11, 8.37836851e-11,
       8.12750971e-11, 7.88420036e-11, 7.64821328e-11, 7.41932812e-11,
       7.19733115e-11, 6.98201507e-11, 6.77317885e-11, 6.57062748e-11,
       6.37417183e-11, 6.18362845e-11, 5.99881942e-11, 5.81957218e-11,
       5.64571937e-11, 5.47709863e-11, 5.31355252e-11, 5.15492834e-11,
       5.00107796e-11, 4.85185773e-11, 4.70712830e-11, 4.56675455e-11,
       4.43060540e-11, 4.29855371e-11, 4.17047619e-11, 4.04625324e-11,
       3.92576886e-11, 3.80891056e-11, 3.69556922e-11, 3.58563900e-11,
       3.47901726e-11, 3.37560445e-11, 3.27530399e-11, 3.17802223e-11,
       3.08366834e-11, 2.99215421e-11, 2.90339439e-11, 2.81730600e-11,
       2.73380865e-11, 2.65282439e-11, 2.57427759e-11, 2.49809491e-11,
       2.42420520e-11, 2.35253949e-11, 2.28303085e-11, 2.21561437e-11,
       2.15022710e-11, 2.08680800e-11, 2.02529783e-11, 1.96563918e-11,
       1.90777632e-11, 1.85165524e-11, 1.79722352e-11, 1.74443035e-11,
       1.69322642e-11, 1.64356393e-11, 1.59539650e-11, 1.54867916e-11,
       1.50336828e-11, 1.45942155e-11, 1.41679794e-11, 1.37545765e-11,
       1.33536208e-11, 1.29647379e-11, 1.25875646e-11, 1.22217488e-11,
       1.18669489e-11, 1.15228336e-11, 1.11890816e-11, 1.08653812e-11,
       1.05514303e-11, 1.02469355e-11, 9.95161265e-12, 9.66518595e-12,
       9.38738796e-12, 9.11795927e-12, 8.85664830e-12, 8.60321107e-12,
       8.35741091e-12, 8.11901831e-12, 7.88781068e-12, 7.66357213e-12,
       7.44609326e-12, 7.23517101e-12, 7.03060843e-12, 6.83221450e-12,
       6.63980399e-12, 6.45319722e-12, 6.27221995e-12, 6.09670320e-12,
       5.92648306e-12, 5.76140061e-12, 5.60130169e-12, 5.44603681e-12,
       5.29546099e-12, 5.14943364e-12, 5.00781840e-12, 4.87048303e-12,
       4.73729929e-12, 4.60814284e-12, 4.48289306e-12, 4.36143301e-12,
       4.24364927e-12, 4.12943186e-12, 4.01867413e-12, 3.91127266e-12,
       3.80712717e-12, 3.70614040e-12, 3.60821806e-12, 3.51326872e-12,
       3.42120372e-12, 3.33193709e-12, 3.24538547e-12, 3.16146806e-12,
       3.08010649e-12, 3.00122479e-12, 2.92474930e-12, 2.85060862e-12,
       2.77873352e-12, 2.70905688e-12, 2.64151365e-12, 2.57604074e-12,
       2.51257704e-12, 2.45106328e-12, 2.39144201e-12, 2.33365758e-12,
       2.27765602e-12, 2.22338504e-12, 2.17079396e-12, 2.11983369e-12,
       2.07045663e-12, 2.02261668e-12, 1.97626916e-12, 1.93137081e-12,
       1.88787969e-12, 1.84575520e-12, 1.80495801e-12, 1.76545001e-12,
       1.72719432e-12, 1.69015522e-12, 1.65429812e-12, 1.61958954e-12,
       1.58599707e-12, 1.55348934e-12, 1.52203601e-12, 1.49160769e-12,
       1.46217598e-12, 1.43371340e-12, 1.40619336e-12, 1.37959018e-12,
       1.35387901e-12, 1.32903584e-12, 1.30503748e-12, 1.28186151e-12,
       1.25948630e-12, 1.23789095e-12, 1.21705531e-12, 1.19695990e-12,
       1.17758598e-12, 1.15891545e-12, 1.14093087e-12, 1.12361545e-12,
       1.10695303e-12, 1.09092804e-12, 1.07552553e-12, 1.06073110e-12,
       1.04653095e-12, 1.03291182e-12, 1.01986099e-12, 1.00736626e-12,
       9.95415991e-13, 9.83999004e-13, 9.73104645e-13, 9.62722740e-13,
       9.52843595e-13, 9.43457985e-13, 9.34557148e-13, 9.26132771e-13,
       9.18176988e-13, 9.10682371e-13, 9.03641921e-13, 8.97049065e-13,
       8.90897646e-13, 8.85181920e-13, 8.79896551e-13, 8.75036603e-13,
       8.70597538e-13, 8.66575211e-13, 8.62965867e-13, 8.59766134e-13,
       8.56973026e-13, 8.54583934e-13, 8.52596628e-13, 8.51009251e-13,
       8.49820322e-13, 8.49028731e-13, 8.48633738e-13, 0.00000000e+00])], 1: [], 2: []}
v = [-4.33314234e-166 -2.71904917e-165 -1.69862340e-164 -1.05643573e-163
 -6.54116336e-163 -4.03211440e-162 -2.47443832e-161 -1.51177220e-160
 -9.19521764e-160 -5.56805617e-159 -3.35668926e-158 -2.01458040e-157
 -1.20371593e-156 -7.16026915e-156 -4.24033943e-155 -2.49998748e-154
 -1.46737455e-153 -8.57452488e-153 -4.98821408e-152 -2.88899001e-151
 -1.66576193e-150 -9.56193440e-150 -5.46442568e-149 -3.10891769e-148
 -1.76092095e-147 -9.92970698e-147 -5.57441043e-146 -3.11549735e-145
 -1.73349170e-144 -9.60245064e-144 -5.29551663e-143 -2.90737148e-142
 -1.58912716e-141 -8.64734352e-141 -4.68460210e-140 -2.52655434e-139
 -1.35659594e-138 -7.25167476e-138 -3.85915356e-137 -2.04461592e-136
 -1.07844339e-135 -5.66303051e-135 -2.96050901e-134 -1.54081256e-133
 -7.98360734e-133 -4.11826665e-132 -2.11492852e-131 -1.08129168e-130
 -5.50371534e-130 -2.78891323e-129 -1.40695426e-128 -7.06628076e-128
 -3.53319605e-127 -1.75877596e-126 -8.71604049e-126 -4.30025188e-125
 -2.11219732e-124 -1.03285894e-123 -5.02821082e-123 -2.43697951e-122
 -1.17586162e-121 -5.64841356e-121 -2.70123704e-120 -1.28607069e-119
 -6.09583103e-119 -2.87651695e-118 -1.35134703e-117 -6.32022849e-117
 -2.94282613e-116 -1.36415075e-115 -6.29543962e-115 -2.89238231e-114
 -1.32297387e-113 -6.02438573e-113 -2.73111642e-112 -1.23263243e-111
 -5.53850950e-111 -2.47752562e-110 -1.10333994e-109 -4.89177489e-109
 -2.15918334e-108 -9.48808389e-108 -4.15081566e-107 -1.80781636e-106
 -7.83864716e-106 -3.38371561e-105 -1.45416112e-104 -6.22152916e-104
 -2.65001107e-103 -1.12373568e-102 -4.74402087e-102 -1.99386131e-101
 -8.34275017e-101 -3.47527732e-100 -1.44123775e-099 -5.95042150e-099
 -2.44582718e-098 -1.00085172e-097 -4.07736553e-097 -1.65369530e-096
 -6.67724439e-096 -2.68413891e-095 -1.07418391e-094 -4.27974832e-094
 -1.69755461e-093 -6.70340125e-093 -2.63531548e-092 -1.03142095e-091
 -4.01888164e-091 -1.55897956e-090 -6.02062480e-090 -2.31477424e-089
 -8.86016184e-089 -3.37629671e-088 -1.28087129e-087 -4.83767082e-087
 -1.81900156e-086 -6.80919491e-086 -2.53760719e-085 -9.41497049e-085
 -3.47759871e-084 -1.27880965e-083 -4.68164285e-083 -1.70630471e-082
 -6.19128559e-082 -2.23651091e-081 -8.04316801e-081 -2.87971293e-080
 -1.02644855e-079 -3.64242917e-079 -1.28679978e-078 -4.52581481e-078
 -1.58470532e-077 -5.52415922e-077 -1.91712220e-076 -6.62367995e-076
 -2.27832051e-075 -7.80182558e-075 -2.65976698e-074 -9.02727928e-074
 -3.05025469e-073 -1.02608010e-072 -3.43631020e-072 -1.14569599e-071
 -3.80287775e-071 -1.25667006e-070 -4.13424406e-070 -1.35405682e-069
 -4.41513109e-069 -1.43323120e-068 -4.63185375e-068 -1.49025079e-067
 -4.77342187e-067 -1.52218071e-066 -4.83246307e-066 -1.52734381e-065
 -4.80585887e-065 -1.50546669e-064 -4.69501762e-064 -1.45770364e-063
 -4.50575096e-063 -1.38653574e-062 -4.24776896e-062 -1.29555735e-061
 -3.93385487e-061 -1.18917552e-060 -3.57881728e-060 -1.07225733e-059
 -3.19833876e-059 -9.49764282e-059 -2.80784507e-058 -8.26411564e-058
 -2.42150609e-057 -7.06383721e-057 -2.05145377e-056 -5.93128406e-056
 -1.70726780e-055 -4.89238369e-055 -1.39574251e-054 -3.96420440e-054
 -1.12091507e-053 -3.15540649e-053 -8.84308615e-053 -2.46727940e-052
 -6.85328428e-052 -1.89515658e-051 -5.21743903e-051 -1.42999858e-050
 -3.90193260e-050 -1.05996093e-049 -2.86659202e-049 -7.71805473e-049
 -2.06878690e-048 -5.52064213e-048 -1.46665974e-047 -3.87913667e-047
 -1.02142558e-046 -2.67759144e-046 -6.98791849e-046 -1.81558793e-045
 -4.69626589e-045 -1.20935556e-044 -3.10042527e-044 -7.91324238e-044
 -2.01072929e-043 -5.08649563e-043 -1.28100164e-042 -3.21178620e-042
 -8.01695616e-042 -1.99222472e-041 -4.92870787e-041 -1.21393034e-040
 -2.97659941e-040 -7.26629377e-040 -1.76592172e-039 -4.27263587e-039
 -1.02916795e-038 -2.46798523e-038 -5.89202794e-038 -1.40040282e-037
 -3.31365347e-037 -7.80597469e-037 -1.83068290e-036 -4.27430045e-036
 -9.93534391e-036 -2.29914678e-035 -5.29683481e-035 -1.21487640e-034
 -2.77404625e-034 -6.30610556e-034 -1.42716672e-033 -3.21554152e-033
 -7.21272658e-033 -1.61068551e-032 -3.58086519e-032 -7.92558132e-032
 -1.74638591e-031 -3.83102729e-031 -8.36673876e-031 -1.81912737e-030
 -3.93763942e-030 -8.48544683e-030 -1.82045280e-029 -3.88821318e-029
 -8.26773692e-029 -1.75020599e-028 -3.68856650e-028 -7.73912758e-028
 -1.61656187e-027 -3.36169719e-027 -6.95970431e-027 -1.43446158e-026
 -2.94342511e-026 -6.01288636e-026 -1.22286619e-025 -2.47594398e-025
 -4.99078232e-025 -1.00152634e-024 -2.00088470e-024 -3.97967572e-024
 -7.88023635e-024 -1.55344806e-023 -3.04873845e-023 -5.95675220e-023
 -1.15868354e-022 -2.24380998e-022 -4.32586786e-022 -8.30283410e-022
 -1.58651947e-021 -3.01807752e-021 -5.71585640e-021 -1.07770070e-020
 -2.02293047e-020 -3.78032974e-020 -7.03306039e-020 -1.30264161e-019
 -2.40199159e-019 -4.40944524e-019 -8.05865125e-019 -1.46624555e-018
 -2.65593221e-018 -4.78953336e-018 -8.59875063e-018 -1.53689233e-017
 -2.73474897e-017 -4.84459446e-017 -8.54404103e-017 -1.50015163e-016
 -2.62224295e-016 -4.56327490e-016 -7.90580819e-016 -1.36358386e-015
 -2.34144178e-015 -4.00267947e-015 -6.81214996e-015 -1.15420651e-014
 -1.94692302e-014 -3.26948970e-014 -5.46609409e-014 -9.09787927e-014
 -1.50754114e-013 -2.48693314e-013 -4.08436913e-013 -6.67808274e-013
 -1.08703754e-012 -1.76158347e-012 -2.84202468e-012 -4.56476474e-012
 -7.29919373e-012 -1.16197643e-011 -1.84155919e-011 -2.90562779e-011
 -4.56415323e-011 -7.13750439e-011 -1.11121603e-010 -1.72233069e-010
 -2.65766673e-010 -4.08272790e-010 -6.24404880e-010 -9.50710033e-010
 -1.44110559e-009 -2.17475061e-009 -3.26730035e-009 -4.88691282e-009
 -7.27689420e-009 -1.07875660e-008 -1.59208704e-008 -2.33924702e-008
 -3.42177381e-008 -4.98301790e-008 -7.22436255e-008 -1.04273165e-007
 -1.49834393e-007 -2.14346505e-007 -3.05272186e-007 -4.32836625e-007
 -6.10979593e-007 -8.58608815e-007 -1.20124037e-006 -1.67313286e-006
 -2.32004749e-006 -3.20279585e-006 -4.40177233e-006 -6.02270833e-006
 -8.20393145e-006 -1.11254644e-005 -1.50203556e-005 -2.01886934e-005
 -2.70148244e-005 -3.59883570e-005 -4.77296036e-005 -6.30201702e-005
 -8.28394586e-005 -1.08407884e-004 -1.41237630e-004 -1.83191749e-004
 -2.36552386e-004 -3.04098791e-004 -3.89195661e-004 -4.95892138e-004
 -6.29031496e-004 -7.94371211e-004 -9.98712620e-004 -1.25003886e-003
 -1.55765914e-003 -1.93235661e-003 -2.38653640e-003 -2.93436940e-003
 -3.59192651e-003 -4.37729722e-003 -5.31068529e-003 -6.41447375e-003
 -7.71325048e-003 -9.23378531e-003 -1.10049493e-002 -1.30575668e-002
 -1.54241914e-002 -1.81387973e-002 -2.12363809e-002 -2.47524653e-002
 -2.87225075e-002 -3.31812069e-002 -3.81617202e-002 -4.36947885e-002
 -4.98077906e-002 -5.65237346e-002 -6.38602121e-002 -7.18283352e-002
 -8.04316875e-002 -8.96653187e-002 -9.95148170e-002 -1.09955495e-001
 -1.20951723e-001 -1.32456453e-001 -1.44410948e-001 -1.56744767e-001
 -1.69376018e-001 -1.82211895e-001 -1.95149510e-001 -2.08077031e-001
 -2.20875098e-001 -2.33418517e-001 -2.45578188e-001 -2.57223245e-001
 -2.68223342e-001 -2.78451052e-001 -2.87784298e-001 -2.96108763e-001
 -3.03320220e-001 -3.09326694e-001 -3.14050417e-001 -3.17429500e-001
 -3.19419284e-001 -3.19993321e-001 -3.19143962e-001 -3.16882523e-001
 -3.13239036e-001 -3.08261584e-001 -3.02015247e-001 -2.94580685e-001
 -2.86052405e-001 -2.76536763e-001 -2.66149762e-001 -2.55014706e-001
 -2.43259778e-001 -2.31015608e-001 -2.18412894e-001 -2.05580142e-001
 -1.92641560e-001 -1.79715174e-001 -1.66911186e-001 -1.54330611e-001
 -1.42064198e-001 -1.30191656e-001 -1.18781168e-001 -1.07889199e-001
 -9.75605592e-002 -8.78287153e-002 -7.87163079e-002 -7.02358491e-002
 -6.23905616e-002 -5.51753235e-002 -4.85776854e-002 -4.25789242e-002
 -3.71551044e-002 -3.22781194e-002 -2.79166884e-002 -2.40372903e-002
 -2.06050207e-002 -1.75843588e-002 -1.49398403e-002 -1.26366312e-002
 -1.06410039e-002 -8.92071838e-003 -7.44531355e-003 -6.18631588e-003
 -5.11737363e-003 -4.21432572e-003 -3.45521444e-003 -2.82025157e-003
 -2.29174678e-003 -1.85400690e-003 -1.49321381e-003 -1.19728788e-003
 -9.55742964e-004 -7.59538110e-004 -6.00930111e-004 -4.73330292e-004
 -3.71168035e-004 -2.89762895e-004 -2.25206496e-004 -1.74254896e-004
 -1.34231673e-004 -1.02941609e-004 -7.85946234e-005 -5.97393728e-005
 -4.52058268e-005 -3.40560371e-005 -2.55422846e-005 -1.90717834e-005
 -1.41771459e-005 -1.04918542e-005 -7.73003784e-006 -5.66991998e-006
 -4.14036069e-006 -3.00999212e-006 -2.17850458e-006 -1.56970316e-006
 -1.12601071e-006 -8.04143304e-007 -5.71729120e-007 -4.04681277e-007
 -2.85168694e-007 -2.00058275e-007 -1.39725968e-007 -9.71546675e-008
 -6.72536949e-008 -4.63483807e-008 -3.17993994e-008 -2.17204693e-008
 -1.47701678e-008 -9.99925375e-009 -6.73931391e-009 -4.52199126e-009
 -3.02071455e-009 -2.00888739e-009 -1.33004836e-009 -8.76688297e-010
 -5.75292779e-010 -3.75836168e-010 -2.44441060e-010 -1.58276225e-010
 -1.02028887e-010 -6.54781764e-011 -4.18346364e-011 -2.66097959e-011
 -1.68505305e-011 -1.06231471e-011 -6.66750947e-012 -4.16633857e-012
 -2.59211650e-012 -1.60600932e-012 -9.91481980e-013 -6.10940264e-013
 -3.77594539e-013 -2.37362919e-013 -1.57410934e-013 -1.19138441e-013
 -1.14268680e-013 -1.43312303e-013 -2.16181721e-013 -3.55214714e-013
 -6.01429142e-013 -1.02559053e-012 -1.74678969e-012 -2.96292645e-012
 -5.00011470e-012 -8.39206635e-012 -1.40067272e-011 -2.32469386e-011
 -3.83663253e-011 -6.29633637e-011 -1.02749143e-010 -1.66732717e-010
 -2.69039278e-010 -4.31680833e-010 -6.88750694e-010 -1.09273168e-009
 -1.72392045e-009 -2.70441358e-009 -4.21872480e-009 -6.54397278e-009
 -1.00937832e-008 -1.54817005e-008 -2.36121509e-008 -3.58100263e-008
 -5.40040001e-008 -8.09840366e-008 -1.20760558e-007 -1.79061823e-007
 -2.64017730e-007 -3.87093060e-007 -5.64351751e-007 -8.18156848e-007
 -1.17943894e-006 -1.69070001e-006 -2.40996009e-006 -3.41590154e-006
 -4.81452048e-006 -6.74765600e-006 -9.40383562e-006 -1.30319476e-005
 -1.79583247e-005 -2.46078980e-005 -3.35301437e-005 -4.54306041e-005
 -6.12087921e-005 -8.20032957e-005 -1.09244858e-004 -1.44718117e-004
 -1.90632526e-004 -2.49702737e-004 -3.25238390e-004 -4.21242812e-004
 -5.42519564e-004 -6.94785115e-004 -8.84785113e-004 -1.12041086e-003
 -1.41081157e-003 -1.76649704e-003 -2.19942429e-003 -2.72306069e-003
 -3.35241538e-003 -4.10403002e-003 -4.99591951e-003 -6.04745351e-003
 -7.27916969e-003 -8.71251120e-003 -1.03694818e-002 -1.22722152e-002
 -1.44424565e-002 -1.69009601e-002 -1.96668083e-002 -2.27566637e-002
 -2.61839704e-002 -2.99581237e-002 -3.40836360e-002 -3.85593255e-002
 -4.33775620e-002 -4.85236039e-002 -5.39750633e-002 -5.97015314e-002
 -6.56644004e-002 -7.18169066e-002 -7.81044192e-002 -8.44649871e-002
 -9.08301504e-002 -9.71260097e-002 -1.03274538e-001 -1.09195106e-001
 -1.14806186e-001 -1.20027181e-001 -1.24780327e-001 -1.28992612e-001
 -1.32597627e-001 -1.35537312e-001 -1.37763506e-001 -1.39239259e-001
 -1.39939856e-001 -1.39853500e-001 -1.38981648e-001 -1.37338967e-001
 -1.34952923e-001 -1.31863020e-001 -1.28119707e-001 -1.23783015e-001
 -1.18920952e-001 -1.13607734e-001 -1.07921910e-001 -1.01944440e-001
 -9.57568091e-002 -8.94392170e-002 -8.30689100e-002 -7.67187001e-002
 -7.04557041e-002 -6.43403300e-002 -5.84255230e-002 -5.27562763e-002
 -4.73693973e-002 -4.22935155e-002 -3.75493058e-002 -3.31499012e-002
 -2.91014592e-002 -2.54038473e-002 -2.20514129e-002 -1.90338021e-002
 -1.63367957e-002 -1.39431342e-002 -1.18333071e-002 -9.98628753e-003
 -8.38019639e-003 -6.99288727e-003 -5.80244534e-003 -4.78759924e-003
 -3.92804741e-003 -3.20470349e-003 -2.59986733e-003 -2.09732976e-003
 -1.68242012e-003 -1.34200578e-003 -1.06445307e-003 -8.39558291e-004
 -6.58456956e-004 -5.13518537e-004 -3.98232831e-004 -3.07093198e-004
 -2.35480817e-004 -1.79553167e-004 -1.36139079e-004 -1.02641915e-004
 -7.69518177e-005 -5.73674071e-005 -4.25269033e-005 -3.13483364e-005
 -2.29782758e-005 -1.67483712e-005 -1.21389164e-005 -8.74861811e-006
 -6.26976410e-006 -4.46802035e-006 -3.16614853e-006 -2.23100029e-006
 -1.56322024e-006 -1.08916308e-006 -7.54601832e-007 -5.19870291e-007
 -3.56142943e-007 -2.42608430e-007 -1.64338619e-007 -1.10694382e-007
 -7.41419022e-008 -4.93803394e-008 -3.27036794e-008 -2.15373053e-008
 -1.41038705e-008 -9.18411808e-009 -5.94687496e-009 -3.82906162e-009
 -2.45159148e-009 -1.56083162e-009 -9.88134819e-010 -6.22054667e-010
 -3.89397450e-010 -2.42387296e-010 -1.50030240e-010 -9.23421447e-011
 -5.65162463e-011 -3.43952809e-011 -2.08150095e-011 -1.25258316e-011
 -7.49529483e-012 -4.45987898e-012 -2.63881916e-012 -1.55255997e-012
 -9.08320965e-013 -5.28423951e-013 -3.05687619e-013 -1.75843130e-013
 -1.00583134e-013 -5.72106813e-014 -3.23579707e-014 -1.81985856e-014
 -1.01776191e-014 -5.65987645e-015 -3.12982396e-015 -1.72101664e-015
 -9.41027747e-016 -5.11648835e-016 -2.76626480e-016 -1.48719430e-016
 -7.95048957e-017 -4.22641592e-017 -2.23410096e-017 -1.17431757e-017
 -6.13791007e-018 -3.19012488e-018 -1.64872054e-018 -8.47302742e-019
 -4.32994496e-019 -2.20028197e-019 -1.11179958e-019 -5.58633366e-020
 -2.79112597e-020 -1.38670539e-020 -6.85079813e-021 -3.36550576e-021
 -1.64403745e-021 -7.98592584e-022 -3.85736771e-022 -1.85271667e-022
 -8.84869404e-023 -4.20244026e-023 -1.98461431e-023 -9.31972050e-024
 -4.35192957e-024 -2.02075206e-024 -9.33031704e-025 -4.28382748e-025
 -1.95577885e-025 -8.87891130e-026 -4.00822313e-026 -1.79926969e-026
 -8.03142924e-027 -3.56485288e-027 -1.57341246e-027 -6.90551003e-028
 -3.01370776e-028 -1.30785233e-028 -5.64375935e-029 -2.42175644e-029
 -1.03334333e-029 -4.38440857e-030 -1.84982053e-030 -7.76069067e-031
 -3.23760120e-031 -1.34306964e-031 -5.54020595e-032 -2.27250836e-032
 -9.26909363e-033 -3.75942348e-033 -1.51620327e-033 -6.08059126e-034
 -2.42485845e-034 -9.61566167e-035 -3.79161433e-035 -1.48669314e-035
 -5.79656516e-036 -2.24735823e-036 -8.66415252e-037 -3.32148330e-037
 -1.26616486e-037 -4.79955135e-038 -1.80910273e-038 -6.78075439e-039
 -2.52723135e-039 -9.36621637e-040 -3.45172011e-040 -1.26490864e-040
 -4.60929971e-041 -1.67017868e-041 -6.01787447e-042 -2.15613283e-042
 -7.68174882e-043 -2.72142827e-043 -9.58706964e-044 -3.35835864e-044
 -1.16982383e-044 -4.05196844e-045 -1.39560927e-045 -4.77984526e-046
 -1.62785617e-046 -5.51277697e-047 -1.85642332e-047 -6.21635502e-048
 -2.06988779e-048 -6.85346181e-049 -2.25644832e-049 -7.38742333e-050
 -2.40498727e-050 -7.78546897e-051 -2.50616104e-051 -8.02205011e-052
 -2.55337127e-052 -8.08155188e-053 -2.54347670e-053 -7.95999804e-054
 -2.47713890e-054 -7.66549065e-055 -2.35874915e-055 -7.21731661e-056
 -2.19594752e-056 -6.64385824e-057 -1.99880745e-057 -5.97962239e-058
 -1.77880672e-058 -5.26181971e-059 -1.54773059e-059 -4.52696325e-060
 -1.31665130e-060 -3.80791088e-061 -1.09510303e-061 -3.13166561e-062
 -8.90528839e-063 -2.51809896e-063 -7.08026966e-064 -1.97960711e-064
 -5.50377170e-065 -1.52157729e-065 -4.18292256e-066 -1.14345172e-066
 -3.10819344e-067 -8.40137650e-068 -2.25810980e-068 -6.03520276e-069
 -1.60395018e-069 -4.23879179e-070 -1.11389818e-070 -2.91072453e-071
 -7.56325801e-072 -1.95419963e-072 -5.02089500e-073 -1.28276042e-073
 -3.25883344e-074 -8.23248554e-075 -2.06800693e-075 -5.16565269e-076
 -1.28307079e-076 -3.16904373e-077 -7.78319742e-078 -1.90081592e-078
 -4.61609010e-079 -1.11470691e-079 -2.67669760e-080 -6.39131358e-081
 -1.51751553e-081 -3.58284781e-082 -8.41154512e-083 -1.96370116e-083
 -4.55855518e-084 -1.05227980e-084 -2.41539106e-085 -5.51310005e-086
 -1.25128574e-086 -2.82403006e-087 -6.33773879e-088 -1.41433262e-088
 -3.13849166e-089 -6.92536394e-090 -1.51955500e-090 -3.31544973e-091
 -7.19317573e-092 -1.55185484e-092 -3.32915272e-093 -7.10180171e-094
 -1.50645293e-094 -3.17756756e-095 -6.66478614e-096 -1.39004815e-096
 -2.88287406e-097 -5.94529895e-098 -1.21919711e-098 -2.48614441e-099
 -5.04116579e-100 -1.01645419e-100 -2.03796555e-101 -4.06310519e-102
 -8.05511038e-103 -1.58795111e-103 -3.11282680e-104 -6.06771239e-105
 -1.17610804e-105 -2.26684408e-106 -4.34458483e-107 -8.27993855e-108
 -1.56912718e-108 -2.95693229e-109 -5.54085535e-110 -1.03243911e-110
 -1.91295292e-111 -3.52449026e-112 -6.45714517e-113 -1.17635116e-113
 -2.13101066e-114 -3.83872019e-115 -6.87605741e-116 -1.22474234e-116
 -2.16921285e-117 -3.82042612e-118 -6.69073214e-119 -1.16516568e-119
 -2.01768758e-120 -3.47434035e-121 -5.94898673e-122 -1.01289829e-122
 -1.71490821e-123 -2.88714184e-124 -4.83334240e-125 -8.04598473e-126
 -1.33187371e-126 -2.19229548e-127 -3.58828831e-128 -5.84020072e-129
 -9.45192827e-130 -1.52112625e-130 -2.43423390e-131 -3.87357126e-132
 -6.12932987e-133 -9.64420960e-134 -1.50894179e-134 -2.34763477e-135
 -3.63195768e-136 -5.58731590e-137 -8.54708206e-138 -1.30012384e-138
 -1.96654446e-139 -2.95784232e-140 -4.42383038e-141 -6.57921557e-142
 -9.72975637e-143 -1.43081016e-143 -2.09225332e-144 -3.04227674e-145
 -4.39881167e-146 -6.32447122e-147 -9.04201602e-148 -1.28545987e-148
 -1.81720523e-149 -2.55447485e-150 -3.57068455e-151 -4.96310586e-152
 -6.85974217e-153 -9.42788437e-154 -1.28846582e-154 -1.75099037e-155
 -2.36617474e-156 -3.17952373e-157 -4.24844037e-158 -5.64480812e-159
 -7.45797703e-160 -9.79817291e-161 -1.28003356e-161 -1.66283752e-162
 -2.14798120e-163 -2.75907391e-164 -3.52410139e-165 -4.47595441e-166
 -5.65294962e-167 -7.09932039e-168 -8.86565113e-169 -1.10092238e-169]
symrep = 0 - 0.32*np.exp(-(x--3.467339999999999)**2/(2*0.6**2))- 0.14*np.exp(-(x-5.16078)**2/(2*0.5333333333333333**2))
    