energies = {0: [-0.6283014968467433], 1: [-0.1622801189087878], 2: []}
wfns = {0: [array([ 0.00000000e+00,  5.71999439e-10,  1.14515142e-09,  1.72061080e-09,
        2.29953708e-09,  2.88309678e-09,  3.47246571e-09,  4.06883143e-09,
        4.67339555e-09,  5.28737624e-09,  5.91201062e-09,  6.54855729e-09,
        7.19829885e-09,  7.86254447e-09,  8.54263258e-09,  9.23993349e-09,
        9.95585223e-09,  1.06918313e-08,  1.14493537e-08,  1.22299457e-08,
        1.30351802e-08,  1.38666797e-08,  1.47261196e-08,  1.56152316e-08,
        1.65358072e-08,  1.74897013e-08,  1.84788359e-08,  1.95052041e-08,
        2.05708739e-08,  2.16779926e-08,  2.28287909e-08,  2.40255876e-08,
        2.52707943e-08,  2.65669198e-08,  2.79165758e-08,  2.93224817e-08,
        3.07874705e-08,  3.23144938e-08,  3.39066285e-08,  3.55670828e-08,
        3.72992022e-08,  3.91064770e-08,  4.09925486e-08,  4.29612172e-08,
        4.50164498e-08,  4.71623873e-08,  4.94033538e-08,  5.17438646e-08,
        5.41886356e-08,  5.67425930e-08,  5.94108828e-08,  6.21988813e-08,
        6.51122062e-08,  6.81567277e-08,  7.13385802e-08,  7.46641750e-08,
        7.81402129e-08,  8.17736979e-08,  8.55719512e-08,  8.95426260e-08,
        9.36937229e-08,  9.80336062e-08,  1.02571020e-07,  1.07315108e-07,
        1.12275428e-07,  1.17461975e-07,  1.22885200e-07,  1.28556030e-07,
        1.34485891e-07,  1.40686732e-07,  1.47171047e-07,  1.53951902e-07,
        1.61042959e-07,  1.68458506e-07,  1.76213485e-07,  1.84323522e-07,
        1.92804958e-07,  2.01674883e-07,  2.10951168e-07,  2.20652506e-07,
        2.30798443e-07,  2.41409422e-07,  2.52506825e-07,  2.64113011e-07,
        2.76251367e-07,  2.88946350e-07,  3.02223539e-07,  3.16109688e-07,
        3.30632776e-07,  3.45822066e-07,  3.61708163e-07,  3.78323077e-07,
        3.95700286e-07,  4.13874803e-07,  4.32883249e-07,  4.52763924e-07,
        4.73556887e-07,  4.95304034e-07,  5.18049185e-07,  5.41838168e-07,
        5.66718917e-07,  5.92741566e-07,  6.19958547e-07,  6.48424701e-07,
        6.78197386e-07,  7.09336592e-07,  7.41905061e-07,  7.75968417e-07,
        8.11595296e-07,  8.48857482e-07,  8.87830057e-07,  9.28591547e-07,
        9.71224085e-07,  1.01581357e-06,  1.06244985e-06,  1.11122689e-06,
        1.16224298e-06,  1.21560091e-06,  1.27140818e-06,  1.32977726e-06,
        1.39082574e-06,  1.45467664e-06,  1.52145861e-06,  1.59130622e-06,
        1.66436020e-06,  1.74076774e-06,  1.82068281e-06,  1.90426643e-06,
        1.99168702e-06,  2.08312071e-06,  2.17875175e-06,  2.27877282e-06,
        2.38338546e-06,  2.49280045e-06,  2.60723827e-06,  2.72692948e-06,
        2.85211527e-06,  2.98304788e-06,  3.11999111e-06,  3.26322091e-06,
        3.41302587e-06,  3.56970785e-06,  3.73358253e-06,  3.90498012e-06,
        4.08424598e-06,  4.27174130e-06,  4.46784389e-06,  4.67294887e-06,
        4.88746951e-06,  5.11183807e-06,  5.34650662e-06,  5.59194801e-06,
        5.84865679e-06,  6.11715020e-06,  6.39796924e-06,  6.69167974e-06,
        6.99887352e-06,  7.32016953e-06,  7.65621517e-06,  8.00768756e-06,
        8.37529487e-06,  8.75977782e-06,  9.16191111e-06,  9.58250502e-06,
        1.00224070e-05,  1.04825034e-05,  1.09637214e-05,  1.14670305e-05,
        1.19934448e-05,  1.25440251e-05,  1.31198807e-05,  1.37221720e-05,
        1.43521125e-05,  1.50109715e-05,  1.57000766e-05,  1.64208162e-05,
        1.71746426e-05,  1.79630748e-05,  1.87877012e-05,  1.96501836e-05,
        2.05522597e-05,  2.14957472e-05,  2.24825472e-05,  2.35146479e-05,
        2.45941289e-05,  2.57231654e-05,  2.69040324e-05,  2.81391090e-05,
        2.94308840e-05,  3.07819602e-05,  3.21950598e-05,  3.36730303e-05,
        3.52188496e-05,  3.68356324e-05,  3.85266364e-05,  4.02952689e-05,
        4.21450936e-05,  4.40798377e-05,  4.61033996e-05,  4.82198566e-05,
        5.04334733e-05,  5.27487099e-05,  5.51702314e-05,  5.77029172e-05,
        6.03518702e-05,  6.31224281e-05,  6.60201733e-05,  6.90509444e-05,
        7.22208484e-05,  7.55362724e-05,  7.90038967e-05,  8.26307083e-05,
        8.64240149e-05,  9.03914599e-05,  9.45410373e-05,  9.88811083e-05,
        1.03420418e-04,  1.08168112e-04,  1.13133757e-04,  1.18327359e-04,
        1.23759382e-04,  1.29440772e-04,  1.35382975e-04,  1.41597966e-04,
        1.48098266e-04,  1.54896973e-04,  1.62007786e-04,  1.69445033e-04,
        1.77223700e-04,  1.85359459e-04,  1.93868703e-04,  2.02768577e-04,
        2.12077015e-04,  2.21812771e-04,  2.31995462e-04,  2.42645605e-04,
        2.53784658e-04,  2.65435066e-04,  2.77620301e-04,  2.90364916e-04,
        3.03694589e-04,  3.17636176e-04,  3.32217767e-04,  3.47468741e-04,
        3.63419825e-04,  3.80103156e-04,  3.97552347e-04,  4.15802550e-04,
        4.34890536e-04,  4.54854757e-04,  4.75735433e-04,  4.97574629e-04,
        5.20416338e-04,  5.44306573e-04,  5.69293455e-04,  5.95427314e-04,
        6.22760788e-04,  6.51348927e-04,  6.81249304e-04,  7.12522134e-04,
        7.45230388e-04,  7.79439924e-04,  8.15219615e-04,  8.52641490e-04,
        8.91780874e-04,  9.32716539e-04,  9.75530861e-04,  1.02030998e-03,
        1.06714399e-03,  1.11612707e-03,  1.16735772e-03,  1.22093895e-03,
        1.27697843e-03,  1.33558876e-03,  1.39688768e-03,  1.46099826e-03,
        1.52804918e-03,  1.59817496e-03,  1.67151622e-03,  1.74821997e-03,
        1.82843983e-03,  1.91233640e-03,  2.00007752e-03,  2.09183855e-03,
        2.18780279e-03,  2.28816170e-03,  2.39311537e-03,  2.50287276e-03,
        2.61765219e-03,  2.73768163e-03,  2.86319917e-03,  2.99445339e-03,
        3.13170379e-03,  3.27522125e-03,  3.42528843e-03,  3.58220029e-03,
        3.74626450e-03,  3.91780194e-03,  4.09714722e-03,  4.28464913e-03,
        4.48067114e-03,  4.68559196e-03,  4.89980599e-03,  5.12372390e-03,
        5.35777306e-03,  5.60239813e-03,  5.85806152e-03,  6.12524390e-03,
        6.40444468e-03,  6.69618251e-03,  7.00099565e-03,  7.31944250e-03,
        7.65210192e-03,  7.99957362e-03,  8.36247845e-03,  8.74145870e-03,
        9.13717832e-03,  9.55032302e-03,  9.98160039e-03,  1.04317399e-02,
        1.09014927e-02,  1.13916316e-02,  1.19029506e-02,  1.24362645e-02,
        1.29924084e-02,  1.35722369e-02,  1.41766229e-02,  1.48064572e-02,
        1.54626467e-02,  1.61461130e-02,  1.68577908e-02,  1.75986258e-02,
        1.83695727e-02,  1.91715924e-02,  2.00056495e-02,  2.08727091e-02,
        2.17737333e-02,  2.27096774e-02,  2.36814859e-02,  2.46900883e-02,
        2.57363934e-02,  2.68212851e-02,  2.79456158e-02,  2.91102011e-02,
        3.03158129e-02,  3.15631728e-02,  3.28529447e-02,  3.41857274e-02,
        3.55620464e-02,  3.69823458e-02,  3.84469792e-02,  3.99562016e-02,
        4.15101592e-02,  4.31088809e-02,  4.47522680e-02,  4.64400851e-02,
        4.81719501e-02,  4.99473246e-02,  5.17655043e-02,  5.36256097e-02,
        5.55265772e-02,  5.74671500e-02,  5.94458705e-02,  6.14610722e-02,
        6.35108732e-02,  6.55931701e-02,  6.77056329e-02,  6.98457010e-02,
        7.20105807e-02,  7.41972433e-02,  7.64024256e-02,  7.86226307e-02,
        8.08541321e-02,  8.30929777e-02,  8.53349968e-02,  8.75758090e-02,
        8.98108341e-02,  9.20353050e-02,  9.42442817e-02,  9.64326682e-02,
        9.85952303e-02,  1.00726616e-01,  1.02821378e-01,  1.04873996e-01,
        1.06878904e-01,  1.08830515e-01,  1.10723250e-01,  1.12551569e-01,
        1.14309995e-01,  1.15993153e-01,  1.17595793e-01,  1.19112825e-01,
        1.20539350e-01,  1.21870690e-01,  1.23102414e-01,  1.24230372e-01,
        1.25250719e-01,  1.26159942e-01,  1.26954881e-01,  1.27632755e-01,
        1.28191175e-01,  1.28628167e-01,  1.28942183e-01,  1.29132108e-01,
        1.29197277e-01,  1.29137470e-01,  1.28952920e-01,  1.28644308e-01,
        1.28212761e-01,  1.27659840e-01,  1.26987534e-01,  1.26198241e-01,
        1.25294755e-01,  1.24280246e-01,  1.23158236e-01,  1.21932579e-01,
        1.20607433e-01,  1.19187233e-01,  1.17676663e-01,  1.16080626e-01,
        1.14404213e-01,  1.12652676e-01,  1.10831390e-01,  1.08945829e-01,
        1.07001532e-01,  1.05004075e-01,  1.02959038e-01,  1.00871983e-01,
        9.87484219e-02,  9.65937954e-02,  9.44134468e-02,  9.22126010e-02,
        8.99963445e-02,  8.77696068e-02,  8.55371443e-02,  8.33035262e-02,
        8.10731216e-02,  7.88500897e-02,  7.66383709e-02,  7.44416804e-02,
        7.22635034e-02,  7.01070918e-02,  6.79754631e-02,  6.58714002e-02,
        6.37974529e-02,  6.17559410e-02,  5.97489580e-02,  5.77783764e-02,
        5.58458534e-02,  5.39528382e-02,  5.21005793e-02,  5.02901328e-02,
        4.85223709e-02,  4.67979912e-02,  4.51175257e-02,  4.34813509e-02,
        4.18896968e-02,  4.03426572e-02,  3.88401986e-02,  3.73821708e-02,
        3.59683152e-02,  3.45982747e-02,  3.32716021e-02,  3.19877694e-02,
        3.07461753e-02,  2.95461537e-02,  2.83869813e-02,  2.72678844e-02,
        2.61880461e-02,  2.51466126e-02,  2.41426991e-02,  2.31753955e-02,
        2.22437720e-02,  2.13468833e-02,  2.04837734e-02,  1.96534798e-02,
        1.88550372e-02,  1.80874807e-02,  1.73498491e-02,  1.66411878e-02,
        1.59605508e-02,  1.53070036e-02,  1.46796246e-02,  1.40775070e-02,
        1.34997603e-02,  1.29455117e-02,  1.24139069e-02,  1.19041112e-02,
        1.14153102e-02,  1.09467103e-02,  1.04975394e-02,  1.00670467e-02,
        9.65450355e-03,  9.25920302e-03,  8.88046023e-03,  8.51761213e-03,
        8.17001739e-03,  7.83705620e-03,  7.51813002e-03,  7.21266121e-03,
        6.92009273e-03,  6.63988772e-03,  6.37152909e-03,  6.11451904e-03,
        5.86837867e-03,  5.63264739e-03,  5.40688252e-03,  5.19065873e-03,
        4.98356755e-03,  4.78521684e-03,  4.59523030e-03,  4.41324695e-03,
        4.23892060e-03,  4.07191938e-03,  3.91192523e-03,  3.75863338e-03,
        3.61175194e-03,  3.47100134e-03,  3.33611394e-03,  3.20683356e-03,
        3.08291502e-03,  2.96412374e-03,  2.85023531e-03,  2.74103510e-03,
        2.63631784e-03,  2.53588730e-03,  2.43955585e-03,  2.34714417e-03,
        2.25848086e-03,  2.17340215e-03,  2.09175155e-03,  2.01337957e-03,
        1.93814339e-03,  1.86590662e-03,  1.79653898e-03,  1.72991607e-03,
        1.66591911e-03,  1.60443468e-03,  1.54535450e-03,  1.48857521e-03,
        1.43399814e-03,  1.38152912e-03,  1.33107825e-03,  1.28255975e-03,
        1.23589174e-03,  1.19099611e-03,  1.14779829e-03,  1.10622715e-03,
        1.06621480e-03,  1.02769645e-03,  9.90610318e-04,  9.54897411e-04,
        9.20501457e-04,  8.87368757e-04,  8.55448069e-04,  8.24690492e-04,
        7.95049360e-04,  7.66480133e-04,  7.38940299e-04,  7.12389279e-04,
        6.86788332e-04,  6.62100470e-04,  6.38290372e-04,  6.15324306e-04,
        5.93170050e-04,  5.71796819e-04,  5.51175198e-04,  5.31277068e-04,
        5.12075552e-04,  4.93544946e-04,  4.75660663e-04,  4.58399180e-04,
        4.41737984e-04,  4.25655519e-04,  4.10131141e-04,  3.95145074e-04,
        3.80678360e-04,  3.66712825e-04,  3.53231037e-04,  3.40216267e-04,
        3.27652456e-04,  3.15524180e-04,  3.03816620e-04,  2.92515530e-04,
        2.81607209e-04,  2.71078476e-04,  2.60916640e-04,  2.51109480e-04,
        2.41645223e-04,  2.32512516e-04,  2.23700413e-04,  2.15198352e-04,
        2.06996138e-04,  1.99083926e-04,  1.91452205e-04,  1.84091783e-04,
        1.76993772e-04,  1.70149575e-04,  1.63550876e-04,  1.57189625e-04,
        1.51058028e-04,  1.45148538e-04,  1.39453842e-04,  1.33966856e-04,
        1.28680714e-04,  1.23588759e-04,  1.18684539e-04,  1.13961796e-04,
        1.09414461e-04,  1.05036648e-04,  1.00822648e-04,  9.67669224e-05,
        9.28640981e-05,  8.91089630e-05,  8.54964607e-05,  8.20216860e-05,
        7.86798806e-05,  7.54664293e-05,  7.23768556e-05,  6.94068180e-05,
        6.65521069e-05,  6.38086405e-05,  6.11724617e-05,  5.86397351e-05,
        5.62067436e-05,  5.38698855e-05,  5.16256716e-05,  4.94707221e-05,
        4.74017645e-05,  4.54156301e-05,  4.35092518e-05,  4.16796617e-05,
        3.99239880e-05,  3.82394532e-05,  3.66233712e-05,  3.50731450e-05,
        3.35862647e-05,  3.21603048e-05,  3.07929220e-05,  2.94818535e-05,
        2.82249139e-05,  2.70199941e-05,  2.58650583e-05,  2.47581425e-05,
        2.36973522e-05,  2.26808605e-05,  2.17069062e-05,  2.07737914e-05,
        1.98798805e-05,  1.90235975e-05,  1.82034245e-05,  1.74178999e-05,
        1.66656168e-05,  1.59452208e-05,  1.52554089e-05,  1.45949275e-05,
        1.39625708e-05,  1.33571793e-05,  1.27776382e-05,  1.22228760e-05,
        1.16918629e-05,  1.11836095e-05,  1.06971652e-05,  1.02316171e-05,
        9.78608853e-06,  9.35973761e-06,  8.95175630e-06,  8.56136898e-06,
        8.18783132e-06,  7.83042914e-06,  7.48847725e-06,  7.16131842e-06,
        6.84832229e-06,  6.54888437e-06,  6.26242506e-06,  5.98838866e-06,
        5.72624251e-06,  5.47547603e-06,  5.23559989e-06,  5.00614519e-06,
        4.78666262e-06,  4.57672169e-06,  4.37591001e-06,  4.18383253e-06,
        4.00011084e-06,  3.82438254e-06,  3.65630053e-06,  3.49553242e-06,
        3.34175994e-06,  3.19467833e-06,  3.05399578e-06,  2.91943292e-06,
        2.79072229e-06,  2.66760784e-06,  2.54984443e-06,  2.43719742e-06,
        2.32944220e-06,  2.22636376e-06,  2.12775627e-06,  2.03342274e-06,
        1.94317459e-06,  1.85683131e-06,  1.77422013e-06,  1.69517564e-06,
        1.61953953e-06,  1.54716023e-06,  1.47789266e-06,  1.41159790e-06,
        1.34814298e-06,  1.28740054e-06,  1.22924868e-06,  1.17357062e-06,
        1.12025454e-06,  1.06919334e-06,  1.02028441e-06,  9.73429470e-07,
        9.28534322e-07,  8.85508703e-07,  8.44266094e-07,  8.04723547e-07,
        7.66801520e-07,  7.30423722e-07,  6.95516958e-07,  6.62010986e-07,
        6.29838373e-07,  5.98934365e-07,  5.69236754e-07,  5.40685755e-07,
        5.13223888e-07,  4.86795862e-07,  4.61348460e-07,  4.36830442e-07,
        4.13192431e-07,  3.90386824e-07,  3.68367689e-07,  3.47090679e-07,
        3.26512936e-07,  3.06593013e-07,  2.87290784e-07,  2.68567367e-07,
        2.50385044e-07,  2.32707186e-07,  2.15498182e-07,  1.98723362e-07,
        1.82348931e-07,  1.66341899e-07,  1.50670017e-07,  1.35301711e-07,
        1.20206017e-07,  1.05352520e-07,  9.07112946e-08,  7.62528402e-08,
        6.19480257e-08,  4.77680291e-08,  3.36842795e-08,  1.96684001e-08,
        5.69215034e-09, -8.27263031e-09, -2.22540795e-08, -3.62803685e-08,
       -5.03797591e-08, -6.45806603e-08, -7.89116858e-08, -9.34017115e-08,
       -1.08079934e-07, -1.22975928e-07, -1.38119709e-07, -1.53541790e-07,
       -1.69273245e-07, -1.85345772e-07, -2.01791757e-07, -2.18644337e-07,
       -2.35937469e-07, -2.53705997e-07, -2.71985724e-07, -2.90813481e-07,
       -3.10227207e-07, -3.30266017e-07, -3.50970290e-07, -3.72381742e-07,
       -3.94543516e-07, -4.17500268e-07, -4.41298252e-07, -4.65985421e-07,
       -4.91611518e-07, -5.18228177e-07, -5.45889028e-07, -5.74649808e-07,
       -6.04568466e-07, -6.35705287e-07, -6.68123009e-07, -7.01886953e-07,
       -7.37065149e-07, -7.73728479e-07, -8.11950819e-07, -8.51809182e-07,
       -8.93383881e-07, -9.36758686e-07, -9.82020994e-07, -1.02926201e-06,
       -1.07857691e-06, -1.13006507e-06, -1.18383023e-06, -1.23998073e-06,
       -1.29862970e-06, -1.35989532e-06, -1.42390103e-06, -1.49077581e-06,
       -1.56065439e-06, -1.63367758e-06, -1.70999252e-06, -1.78975298e-06,
       -1.87311966e-06, -1.96026055e-06, -2.05135122e-06, -2.14657523e-06,
       -2.24612443e-06, -2.35019942e-06, -2.45900990e-06, -2.57277511e-06,
       -2.69172428e-06, -2.81609709e-06, -2.94614414e-06, -3.08212746e-06,
       -3.22432106e-06, -3.37301143e-06, -3.52849819e-06, -3.69109463e-06,
       -3.86112837e-06, -4.03894201e-06, -4.22489383e-06, -4.41935852e-06,
       -4.62272792e-06, -4.83541178e-06, -5.05783866e-06, -5.29045674e-06,
       -5.53373472e-06, -5.78816278e-06, -6.05425359e-06, -6.33254330e-06,
       -6.62359264e-06, -6.92798806e-06, -7.24634289e-06, -7.57929859e-06,
       -7.92752606e-06, -8.29172693e-06, -8.67263506e-06, -9.07101794e-06,
       -9.48767829e-06, -9.92345565e-06, -1.03792281e-05, -1.08559139e-05,
       -1.13544737e-05, -1.18759119e-05, -1.24212793e-05, -1.29916747e-05,
       -1.35882474e-05, -1.42121994e-05, -1.48647881e-05, -1.55473283e-05,
       -1.62611952e-05, -1.70078273e-05, -1.77887290e-05, -1.86054738e-05,
       -1.94597073e-05, -2.03531507e-05, -2.12876043e-05, -2.22649510e-05,
       -2.32871600e-05, -2.43562910e-05, -2.54744982e-05, -2.66440347e-05,
       -2.78672571e-05, -2.91466301e-05, -3.04847315e-05, -3.18842576e-05,
       -3.33480282e-05, -3.48789927e-05, -3.64802360e-05, -3.81549844e-05,
       -3.99066124e-05, -4.17386495e-05, -4.36547870e-05, -4.56588859e-05,
       -4.77549842e-05, -4.99473056e-05, -5.22402672e-05, -5.46384894e-05,
       -5.71468043e-05, -5.97702660e-05, -6.25141606e-05, -6.53840169e-05,
       -6.83856175e-05, -7.15250102e-05, -7.48085209e-05, -7.82427656e-05,
       -8.18346639e-05, -8.55914534e-05, -8.95207037e-05, -9.36303320e-05,
       -9.79286188e-05, -1.02424225e-04, -1.07126209e-04, -1.12044045e-04,
       -1.17187641e-04, -1.22567363e-04, -1.28194049e-04, -1.34079037e-04,
       -1.40234186e-04, -1.46671896e-04, -1.53405140e-04, -1.60447484e-04,
       -1.67813119e-04, -1.75516886e-04, -1.83574307e-04, -1.92001618e-04,
       -2.00815798e-04, -2.10034608e-04, -2.19676624e-04, -2.29761272e-04,
       -2.40308873e-04, -2.51340680e-04, -2.62878921e-04, -2.74946845e-04,
       -2.87568767e-04, -3.00770120e-04, -3.14577504e-04, -3.29018740e-04,
       -3.44122925e-04, -3.59920495e-04, -3.76443279e-04, -3.93724569e-04,
       -4.11799188e-04, -4.30703553e-04, -4.50475756e-04, -4.71155635e-04,
       -4.92784861e-04, -5.15407014e-04, -5.39067676e-04, -5.63814521e-04,
       -5.89697414e-04, -6.16768506e-04, -6.45082343e-04, -6.74695976e-04,
       -7.05669075e-04, -7.38064047e-04, -7.71946167e-04, -8.07383705e-04,
       -8.44448064e-04, -8.83213927e-04, -9.23759405e-04, -9.66166194e-04,
       -1.01051974e-03, -1.05690941e-03, -1.10542868e-03, -1.15617532e-03,
       -1.20925156e-03, -1.26476437e-03, -1.32282558e-03, -1.38355220e-03,
       -1.44706658e-03, -1.51349669e-03, -1.58297640e-03, -1.65564569e-03,
       -1.73165100e-03, -1.81114546e-03, -1.89428925e-03, -1.98124990e-03,
       -2.07220263e-03, -2.16733071e-03, -2.26682580e-03, -2.37088840e-03,
       -2.47972816e-03, -2.59356441e-03, -2.71262651e-03, -2.83715436e-03,
       -2.96739888e-03, -3.10362250e-03, -3.24609970e-03, -3.39511757e-03,
       -3.55097636e-03, -3.71399012e-03, -3.88448731e-03, -4.06281148e-03,
       -4.24932192e-03, -4.44439446e-03, -4.64842213e-03, -4.86181606e-03,
       -5.08500620e-03, -5.31844228e-03, -5.56259465e-03, -5.81795525e-03,
       -6.08503864e-03, -6.36438294e-03, -6.65655104e-03, -6.96213162e-03,
       -7.28174042e-03, -7.61602141e-03, -7.96564815e-03, -8.33132512e-03])], 1: [array([ 0.00000000e+00,  1.28726158e-06,  2.57519300e-06,  3.86446444e-06,
        5.15574680e-06,  6.44971199e-06,  7.74703335e-06,  9.04838595e-06,
        1.03544470e-05,  1.16658960e-05,  1.29834155e-05,  1.43076910e-05,
        1.56394117e-05,  1.69792705e-05,  1.83279646e-05,  1.96861958e-05,
        2.10546709e-05,  2.24341020e-05,  2.38252069e-05,  2.52287094e-05,
        2.66453400e-05,  2.80758357e-05,  2.95209409e-05,  3.09814076e-05,
        3.24579957e-05,  3.39514737e-05,  3.54626186e-05,  3.69922168e-05,
        3.85410643e-05,  4.01099669e-05,  4.16997412e-05,  4.33112142e-05,
        4.49452247e-05,  4.66026228e-05,  4.82842710e-05,  4.99910444e-05,
        5.17238311e-05,  5.34835327e-05,  5.52710650e-05,  5.70873581e-05,
        5.89333571e-05,  6.08100226e-05,  6.27183311e-05,  6.46592758e-05,
        6.66338664e-05,  6.86431306e-05,  7.06881139e-05,  7.27698804e-05,
        7.48895133e-05,  7.70481157e-05,  7.92468108e-05,  8.14867426e-05,
        8.37690769e-05,  8.60950011e-05,  8.84657257e-05,  9.08824842e-05,
        9.33465342e-05,  9.58591580e-05,  9.84216629e-05,  1.01035382e-04,
        1.03701677e-04,  1.06421933e-04,  1.09197567e-04,  1.12030023e-04,
        1.14920775e-04,  1.17871326e-04,  1.20883214e-04,  1.23958004e-04,
        1.27097296e-04,  1.30302725e-04,  1.33575958e-04,  1.36918698e-04,
        1.40332686e-04,  1.43819697e-04,  1.47381545e-04,  1.51020085e-04,
        1.54737210e-04,  1.58534853e-04,  1.62414992e-04,  1.66379645e-04,
        1.70430875e-04,  1.74570790e-04,  1.78801545e-04,  1.83125340e-04,
        1.87544427e-04,  1.92061104e-04,  1.96677722e-04,  2.01396683e-04,
        2.06220442e-04,  2.11151510e-04,  2.16192453e-04,  2.21345893e-04,
        2.26614513e-04,  2.32001054e-04,  2.37508318e-04,  2.43139173e-04,
        2.48896546e-04,  2.54783436e-04,  2.60802904e-04,  2.66958084e-04,
        2.73252177e-04,  2.79688460e-04,  2.86270281e-04,  2.93001066e-04,
        2.99884316e-04,  3.06923614e-04,  3.14122623e-04,  3.21485088e-04,
        3.29014840e-04,  3.36715799e-04,  3.44591970e-04,  3.52647454e-04,
        3.60886440e-04,  3.69313217e-04,  3.77932170e-04,  3.86747783e-04,
        3.95764643e-04,  4.04987444e-04,  4.14420983e-04,  4.24070170e-04,
        4.33940026e-04,  4.44035687e-04,  4.54362405e-04,  4.64925555e-04,
        4.75730634e-04,  4.86783263e-04,  4.98089194e-04,  5.09654310e-04,
        5.21484630e-04,  5.33586309e-04,  5.45965645e-04,  5.58629078e-04,
        5.71583200e-04,  5.84834750e-04,  5.98390624e-04,  6.12257876e-04,
        6.26443721e-04,  6.40955543e-04,  6.55800892e-04,  6.70987492e-04,
        6.86523248e-04,  7.02416241e-04,  7.18674744e-04,  7.35307215e-04,
        7.52322310e-04,  7.69728883e-04,  7.87535991e-04,  8.05752901e-04,
        8.24389092e-04,  8.43454261e-04,  8.62958329e-04,  8.82911445e-04,
        9.03323993e-04,  9.24206593e-04,  9.45570112e-04,  9.67425668e-04,
        9.89784632e-04,  1.01265864e-03,  1.03605959e-03,  1.05999967e-03,
        1.08449133e-03,  1.10954731e-03,  1.13518066e-03,  1.16140470e-03,
        1.18823310e-03,  1.21567980e-03,  1.24375909e-03,  1.27248559e-03,
        1.30187423e-03,  1.33194031e-03,  1.36269949e-03,  1.39416775e-03,
        1.42636149e-03,  1.45929744e-03,  1.49299275e-03,  1.52746496e-03,
        1.56273199e-03,  1.59881221e-03,  1.63572438e-03,  1.67348772e-03,
        1.71212187e-03,  1.75164694e-03,  1.79208350e-03,  1.83345258e-03,
        1.87577571e-03,  1.91907493e-03,  1.96337275e-03,  2.00869223e-03,
        2.05505695e-03,  2.10249104e-03,  2.15101918e-03,  2.20066662e-03,
        2.25145920e-03,  2.30342334e-03,  2.35658610e-03,  2.41097512e-03,
        2.46661872e-03,  2.52354584e-03,  2.58178612e-03,  2.64136984e-03,
        2.70232804e-03,  2.76469241e-03,  2.82849541e-03,  2.89377025e-03,
        2.96055088e-03,  3.02887207e-03,  3.09876936e-03,  3.17027912e-03,
        3.24343856e-03,  3.31828575e-03,  3.39485965e-03,  3.47320008e-03,
        3.55334783e-03,  3.63534460e-03,  3.71923304e-03,  3.80505683e-03,
        3.89286060e-03,  3.98269006e-03,  4.07459194e-03,  4.16861407e-03,
        4.26480537e-03,  4.36321590e-03,  4.46389685e-03,  4.56690063e-03,
        4.67228082e-03,  4.78009227e-03,  4.89039106e-03,  5.00323460e-03,
        5.11868159e-03,  5.23679211e-03,  5.35762761e-03,  5.48125096e-03,
        5.60772649e-03,  5.73712000e-03,  5.86949881e-03,  6.00493179e-03,
        6.14348941e-03,  6.28524375e-03,  6.43026856e-03,  6.57863927e-03,
        6.73043307e-03,  6.88572891e-03,  7.04460758e-03,  7.20715170e-03,
        7.37344581e-03,  7.54357638e-03,  7.71763188e-03,  7.89570281e-03,
        8.07788173e-03,  8.26426334e-03,  8.45494452e-03,  8.65002434e-03,
        8.84960415e-03,  9.05378762e-03,  9.26268078e-03,  9.47639208e-03,
        9.69503244e-03,  9.91871529e-03,  1.01475566e-02,  1.03816751e-02,
        1.06211920e-02,  1.08662315e-02,  1.11169202e-02,  1.13733879e-02,
        1.16357671e-02,  1.19041933e-02,  1.21788050e-02,  1.24597438e-02,
        1.27471543e-02,  1.30411842e-02,  1.33419845e-02,  1.36497094e-02,
        1.39645164e-02,  1.42865663e-02,  1.46160232e-02,  1.49530547e-02,
        1.52978316e-02,  1.56505284e-02,  1.60113228e-02,  1.63803961e-02,
        1.67579329e-02,  1.71441215e-02,  1.75391534e-02,  1.79432235e-02,
        1.83565301e-02,  1.87792748e-02,  1.92116623e-02,  1.96539005e-02,
        2.01062004e-02,  2.05687757e-02,  2.10418428e-02,  2.15256208e-02,
        2.20203309e-02,  2.25261965e-02,  2.30434428e-02,  2.35722965e-02,
        2.41129852e-02,  2.46657375e-02,  2.52307820e-02,  2.58083473e-02,
        2.63986609e-02,  2.70019492e-02,  2.76184362e-02,  2.82483433e-02,
        2.88918879e-02,  2.95492830e-02,  3.02207358e-02,  3.09064469e-02,
        3.16066089e-02,  3.23214052e-02,  3.30510084e-02,  3.37955792e-02,
        3.45552641e-02,  3.53301943e-02,  3.61204833e-02,  3.69262248e-02,
        3.77474909e-02,  3.85843293e-02,  3.94367610e-02,  4.03047774e-02,
        4.11883377e-02,  4.20873655e-02,  4.30017458e-02,  4.39313216e-02,
        4.48758902e-02,  4.58351995e-02,  4.68089438e-02,  4.77967601e-02,
        4.87982236e-02,  4.98128429e-02,  5.08400561e-02,  5.18792252e-02,
        5.29296320e-02,  5.39904725e-02,  5.50608522e-02,  5.61397807e-02,
        5.72261666e-02,  5.83188123e-02,  5.94164090e-02,  6.05175314e-02,
        6.16206326e-02,  6.27240398e-02,  6.38259491e-02,  6.49244216e-02,
        6.60173792e-02,  6.71026013e-02,  6.81777211e-02,  6.92402238e-02,
        7.02874440e-02,  7.13165649e-02,  7.23246177e-02,  7.33084820e-02,
        7.42648871e-02,  7.51904147e-02,  7.60815024e-02,  7.69344481e-02,
        7.77454166e-02,  7.85104467e-02,  7.92254602e-02,  7.98862723e-02,
        8.04886034e-02,  8.10280927e-02,  8.15003136e-02,  8.19007900e-02,
        8.22250152e-02,  8.24684717e-02,  8.26266529e-02,  8.26950865e-02,
        8.26693589e-02,  8.25451411e-02,  8.23182163e-02,  8.19845081e-02,
        8.15401095e-02,  8.09813132e-02,  8.03046419e-02,  7.95068790e-02,
        7.85850997e-02,  7.75367011e-02,  7.63594324e-02,  7.50514237e-02,
        7.36112145e-02,  7.20377794e-02,  7.03305531e-02,  6.84894531e-02,
        6.65148988e-02,  6.44078297e-02,  6.21697188e-02,  5.98025841e-02,
        5.73089950e-02,  5.46920767e-02,  5.19555090e-02,  4.91035220e-02,
        4.61408874e-02,  4.30729051e-02,  3.99053864e-02,  3.66446322e-02,
        3.32974073e-02,  2.98709112e-02,  2.63727443e-02,  2.28108715e-02,
        1.91935818e-02,  1.55294453e-02,  1.18272680e-02,  8.09604369e-03,
        4.34490511e-03,  5.83073001e-04, -3.18019500e-03, -6.93565600e-03,
       -1.06741333e-02, -1.43865669e-02, -1.80640631e-02, -2.16979426e-02,
       -2.52797860e-02, -2.88014773e-02, -3.22552444e-02, -3.56336966e-02,
       -3.89298586e-02, -4.21372004e-02, -4.52496639e-02, -4.82616852e-02,
       -5.11682130e-02, -5.39647219e-02, -5.66472233e-02, -5.92122701e-02,
       -6.16569591e-02, -6.39789285e-02, -6.61763520e-02, -6.82479293e-02,
       -7.01928734e-02, -7.20108949e-02, -7.37021834e-02, -7.52673865e-02,
       -7.67075870e-02, -7.80242775e-02, -7.92193342e-02, -8.02949894e-02,
       -8.12538026e-02, -8.20986317e-02, -8.28326031e-02, -8.34590826e-02,
       -8.39816459e-02, -8.44040496e-02, -8.47302028e-02, -8.49641401e-02,
       -8.51099949e-02, -8.51719737e-02, -8.51543327e-02, -8.50613547e-02,
       -8.48973275e-02, -8.46665249e-02, -8.43731875e-02, -8.40215066e-02,
       -8.36156085e-02, -8.31595413e-02, -8.26572624e-02, -8.21126279e-02,
       -8.15293832e-02, -8.09111554e-02, -8.02614463e-02, -7.95836273e-02,
       -7.88809352e-02, -7.81564689e-02, -7.74131875e-02, -7.66539089e-02,
       -7.58813096e-02, -7.50979251e-02, -7.43061510e-02, -7.35082450e-02,
       -7.27063286e-02, -7.19023905e-02, -7.10982893e-02, -7.02957573e-02,
       -6.94964043e-02, -6.87017213e-02, -6.79130851e-02, -6.71317625e-02,
       -6.63589148e-02, -6.55956023e-02, -6.48427886e-02, -6.41013455e-02,
       -6.33720573e-02, -6.26556251e-02, -6.19526715e-02, -6.12637443e-02,
       -6.05893211e-02, -5.99298133e-02, -5.92855696e-02, -5.86568800e-02,
       -5.80439794e-02, -5.74470510e-02, -5.68662293e-02, -5.63016038e-02,
       -5.57532212e-02, -5.52210891e-02, -5.47051776e-02, -5.42054228e-02,
       -5.37217287e-02, -5.32539691e-02, -5.28019904e-02, -5.23656131e-02,
       -5.19446335e-02, -5.15388257e-02, -5.11479433e-02, -5.07717204e-02,
       -5.04098735e-02, -5.00621023e-02, -4.97280913e-02, -4.94075110e-02,
       -4.91000183e-02, -4.88052583e-02, -4.85228644e-02, -4.82524600e-02,
       -4.79936586e-02, -4.77460649e-02, -4.75092753e-02, -4.72828789e-02,
       -4.70664579e-02, -4.68595882e-02, -4.66618401e-02, -4.64727787e-02,
       -4.62919647e-02, -4.61189547e-02, -4.59533021e-02, -4.57945571e-02,
       -4.56422676e-02, -4.54959796e-02, -4.53552378e-02, -4.52195860e-02,
       -4.50885679e-02, -4.49617272e-02, -4.48386084e-02, -4.47187577e-02,
       -4.46017228e-02, -4.44870541e-02, -4.43743051e-02, -4.42630330e-02,
       -4.41527991e-02, -4.40431698e-02, -4.39337169e-02, -4.38240185e-02,
       -4.37136593e-02, -4.36022316e-02, -4.34893356e-02, -4.33745804e-02,
       -4.32575844e-02, -4.31379759e-02, -4.30153940e-02, -4.28894887e-02,
       -4.27599224e-02, -4.26263695e-02, -4.24885177e-02, -4.23460683e-02,
       -4.21987366e-02, -4.20462526e-02, -4.18883618e-02, -4.17248248e-02,
       -4.15554186e-02, -4.13799367e-02, -4.11981891e-02, -4.10100032e-02,
       -4.08152237e-02, -4.06137128e-02, -4.04053508e-02, -4.01900357e-02,
       -3.99676836e-02, -3.97382287e-02, -3.95016234e-02, -3.92578380e-02,
       -3.90068606e-02, -3.87486973e-02, -3.84833715e-02, -3.82109241e-02,
       -3.79314127e-02, -3.76449118e-02, -3.73515119e-02, -3.70513194e-02,
       -3.67444558e-02, -3.64310574e-02, -3.61112748e-02, -3.57852719e-02,
       -3.54532258e-02, -3.51153255e-02, -3.47717719e-02, -3.44227765e-02,
       -3.40685608e-02, -3.37093558e-02, -3.33454010e-02, -3.29769435e-02,
       -3.26042373e-02, -3.22275429e-02, -3.18471257e-02, -3.14632560e-02,
       -3.10762074e-02, -3.06862570e-02, -3.02936835e-02, -2.98987674e-02,
       -2.95017897e-02, -2.91030314e-02, -2.87027727e-02, -2.83012923e-02,
       -2.78988669e-02, -2.74957702e-02, -2.70922729e-02, -2.66886416e-02,
       -2.62851384e-02, -2.58820207e-02, -2.54795401e-02, -2.50779427e-02,
       -2.46774681e-02, -2.42783494e-02, -2.38808128e-02, -2.34850770e-02,
       -2.30913533e-02, -2.26998454e-02, -2.23107489e-02, -2.19242513e-02,
       -2.15405319e-02, -2.11597616e-02, -2.07821029e-02, -2.04077099e-02,
       -2.00367282e-02, -1.96692949e-02, -1.93055388e-02, -1.89455801e-02,
       -1.85895309e-02, -1.82374952e-02, -1.78895686e-02, -1.75458390e-02,
       -1.72063866e-02, -1.68712838e-02, -1.65405956e-02, -1.62143799e-02,
       -1.58926874e-02, -1.55755622e-02, -1.52630414e-02, -1.49551561e-02,
       -1.46519311e-02, -1.43533852e-02, -1.40595318e-02, -1.37703785e-02,
       -1.34859280e-02, -1.32061779e-02, -1.29311211e-02, -1.26607460e-02,
       -1.23950368e-02, -1.21339738e-02, -1.18775332e-02, -1.16256881e-02,
       -1.13784079e-02, -1.11356590e-02, -1.08974050e-02, -1.06636068e-02,
       -1.04342226e-02, -1.02092085e-02, -9.98851841e-03, -9.77210438e-03,
       -9.55991664e-03, -9.35190385e-03, -9.14801323e-03, -8.94819074e-03,
       -8.75238122e-03, -8.56052851e-03, -8.37257561e-03, -8.18846479e-03,
       -8.00813772e-03, -7.83153558e-03, -7.65859916e-03, -7.48926898e-03,
       -7.32348537e-03, -7.16118858e-03, -7.00231883e-03, -6.84681643e-03,
       -6.69462181e-03, -6.54567563e-03, -6.39991882e-03, -6.25729264e-03,
       -6.11773874e-03, -5.98119921e-03, -5.84761662e-03, -5.71693408e-03,
       -5.58909523e-03, -5.46404434e-03, -5.34172631e-03, -5.22208667e-03,
       -5.10507166e-03, -4.99062822e-03, -4.87870399e-03, -4.76924738e-03,
       -4.66220754e-03, -4.55753439e-03, -4.45517863e-03, -4.35509174e-03,
       -4.25722599e-03, -4.16153445e-03, -4.06797099e-03, -3.97649029e-03,
       -3.88704781e-03, -3.79959982e-03, -3.71410338e-03, -3.63051637e-03,
       -3.54879743e-03, -3.46890600e-03, -3.39080229e-03, -3.31444729e-03,
       -3.23980276e-03, -3.16683121e-03, -3.09549589e-03, -3.02576080e-03,
       -2.95759068e-03, -2.89095097e-03, -2.82580784e-03, -2.76212815e-03,
       -2.69987945e-03, -2.63902998e-03, -2.57954864e-03, -2.52140499e-03,
       -2.46456924e-03, -2.40901223e-03, -2.35470543e-03, -2.30162093e-03,
       -2.24973141e-03, -2.19901014e-03, -2.14943098e-03, -2.10096837e-03,
       -2.05359728e-03, -2.00729325e-03, -1.96203234e-03, -1.91779116e-03,
       -1.87454681e-03, -1.83227691e-03, -1.79095957e-03, -1.75057339e-03,
       -1.71109744e-03, -1.67251124e-03, -1.63479480e-03, -1.59792855e-03,
       -1.56189336e-03, -1.52667052e-03, -1.49224175e-03, -1.45858918e-03,
       -1.42569532e-03, -1.39354310e-03, -1.36211581e-03, -1.33139711e-03,
       -1.30137106e-03, -1.27202203e-03, -1.24333479e-03, -1.21529440e-03,
       -1.18788631e-03, -1.16109625e-03, -1.13491030e-03, -1.10931484e-03,
       -1.08429657e-03, -1.05984246e-03, -1.03593980e-03, -1.01257616e-03,
       -9.89739389e-04, -9.67417603e-04, -9.45599194e-04, -9.24272812e-04,
       -9.03427361e-04, -8.83051997e-04, -8.63136121e-04, -8.43669371e-04,
       -8.24641619e-04, -8.06042966e-04, -7.87863735e-04, -7.70094467e-04,
       -7.52725917e-04, -7.35749049e-04, -7.19155029e-04, -7.02935222e-04,
       -6.87081190e-04, -6.71584683e-04, -6.56437638e-04, -6.41632174e-04,
       -6.27160586e-04, -6.13015345e-04, -5.99189090e-04, -5.85674627e-04,
       -5.72464924e-04, -5.59553107e-04, -5.46932457e-04, -5.34596408e-04,
       -5.22538540e-04, -5.10752579e-04, -4.99232392e-04, -4.87971985e-04,
       -4.76965498e-04, -4.66207204e-04, -4.55691505e-04, -4.45412929e-04,
       -4.35366127e-04, -4.25545872e-04, -4.15947053e-04, -4.06564676e-04,
       -3.97393858e-04, -3.88429828e-04, -3.79667921e-04, -3.71103577e-04,
       -3.62732340e-04, -3.54549855e-04, -3.46551862e-04, -3.38734201e-04,
       -3.31092804e-04, -3.23623693e-04, -3.16322983e-04, -3.09186874e-04,
       -3.02211654e-04, -2.95393692e-04, -2.88729441e-04, -2.82215433e-04,
       -2.75848278e-04, -2.69624664e-04, -2.63541351e-04, -2.57595174e-04,
       -2.51783039e-04, -2.46101922e-04, -2.40548866e-04, -2.35120982e-04,
       -2.29815446e-04, -2.24629495e-04, -2.19560433e-04, -2.14605621e-04,
       -2.09762482e-04, -2.05028493e-04, -2.00401194e-04, -1.95878175e-04,
       -1.91457083e-04, -1.87135617e-04, -1.82911529e-04, -1.78782621e-04,
       -1.74746744e-04, -1.70801798e-04, -1.66945730e-04, -1.63176534e-04,
       -1.59492248e-04, -1.55890956e-04, -1.52370783e-04, -1.48929897e-04,
       -1.45566509e-04, -1.42278867e-04, -1.39065262e-04, -1.35924020e-04,
       -1.32853507e-04, -1.29852127e-04, -1.26918315e-04, -1.24050547e-04,
       -1.21247330e-04, -1.18507205e-04, -1.15828746e-04, -1.13210560e-04,
       -1.10651284e-04, -1.08149586e-04, -1.05704165e-04, -1.03313748e-04,
       -1.00977092e-04, -9.86929793e-05, -9.64602228e-05, -9.42776602e-05,
       -9.21441558e-05, -9.00585995e-05, -8.80199060e-05, -8.60270145e-05,
       -8.40788879e-05, -8.21745125e-05, -8.03128974e-05, -7.84930738e-05,
       -7.67140948e-05, -7.49750347e-05, -7.32749885e-05, -7.16130717e-05,
       -6.99884193e-05, -6.84001861e-05, -6.68475455e-05, -6.53296896e-05,
       -6.38458287e-05, -6.23951904e-05, -6.09770202e-05, -5.95905798e-05,
       -5.82351480e-05, -5.69100193e-05, -5.56145043e-05, -5.43479288e-05,
       -5.31096337e-05, -5.18989747e-05, -5.07153219e-05, -4.95580592e-05,
       -4.84265845e-05, -4.73203090e-05, -4.62386570e-05, -4.51810658e-05,
       -4.41469849e-05, -4.31358763e-05, -4.21472139e-05, -4.11804832e-05,
       -4.02351811e-05, -3.93108157e-05, -3.84069061e-05, -3.75229818e-05,
       -3.66585830e-05, -3.58132598e-05, -3.49865724e-05, -3.41780906e-05,
       -3.33873936e-05, -3.26140701e-05, -3.18577176e-05, -3.11179425e-05,
       -3.03943600e-05, -2.96865934e-05, -2.89942745e-05, -2.83170431e-05,
       -2.76545467e-05, -2.70064405e-05, -2.63723875e-05, -2.57520575e-05,
       -2.51451279e-05, -2.45512827e-05, -2.39702131e-05, -2.34016165e-05,
       -2.28451972e-05, -2.23006656e-05, -2.17677384e-05, -2.12461382e-05,
       -2.07355936e-05, -2.02358390e-05, -1.97466143e-05, -1.92676649e-05,
       -1.87987416e-05, -1.83396004e-05, -1.78900024e-05, -1.74497136e-05,
       -1.70185049e-05, -1.65961520e-05, -1.61824350e-05, -1.57771387e-05,
       -1.53800522e-05, -1.49909688e-05, -1.46096862e-05, -1.42360058e-05,
       -1.38697332e-05, -1.35106779e-05, -1.31586530e-05, -1.28134753e-05,
       -1.24749652e-05, -1.21429465e-05, -1.18172466e-05, -1.14976959e-05,
       -1.11841281e-05, -1.08763801e-05, -1.05742917e-05, -1.02777057e-05,
       -9.98646783e-06, -9.70042650e-06, -9.41943288e-06, -9.14334074e-06,
       -8.87200643e-06, -8.60528874e-06, -8.34304890e-06, -8.08515044e-06,
       -7.83145916e-06, -7.58184304e-06, -7.33617222e-06, -7.09431883e-06,
       -6.85615704e-06, -6.62156291e-06, -6.39041437e-06, -6.16259114e-06,
       -5.93797468e-06, -5.71644809e-06, -5.49789611e-06, -5.28220500e-06,
       -5.06926254e-06, -4.85895792e-06, -4.65118170e-06, -4.44582577e-06,
       -4.24278326e-06, -4.04194852e-06, -3.84321705e-06, -3.64648543e-06,
       -3.45165129e-06, -3.25861325e-06, -3.06727086e-06, -2.87752455e-06,
       -2.68927559e-06, -2.50242602e-06, -2.31687860e-06, -2.13253680e-06,
       -1.94930468e-06, -1.76708690e-06, -1.58578864e-06, -1.40531556e-06,
       -1.22557374e-06, -1.04646967e-06, -8.67910134e-07, -6.89802224e-07,
       -5.12053259e-07, -3.34570746e-07, -1.57262329e-07,  1.99642540e-08])], 2: []}
KEDs = {0: [array([ 0.00000000e+00,  1.31983163e-21,  3.97013771e-21,  7.97228974e-21,
        1.33585602e-20,  2.01723828e-20,  2.84687027e-20,  3.83144195e-20,
        4.97889271e-20,  6.29847533e-20,  7.80083064e-20,  9.49807330e-20,
        1.14038895e-19,  1.35336473e-19,  1.59045207e-19,  1.85356278e-19,
        2.14481853e-19,  2.46656794e-19,  2.82140554e-19,  3.21219264e-19,
        3.64208048e-19,  4.11453557e-19,  4.63336769e-19,  5.20276060e-19,
        5.82730573e-19,  6.51203931e-19,  7.26248285e-19,  8.08468778e-19,
        8.98528418e-19,  9.97153426e-19,  1.10513909e-18,  1.22335619e-18,
        1.35275799e-18,  1.49438798e-18,  1.64938820e-18,  1.81900857e-18,
        2.00461686e-18,  2.20770976e-18,  2.42992499e-18,  2.67305443e-18,
        2.93905863e-18,  3.23008258e-18,  3.54847304e-18,  3.89679745e-18,
        4.27786461e-18,  4.69474736e-18,  5.15080735e-18,  5.64972216e-18,
        6.19551493e-18,  6.79258679e-18,  7.44575243e-18,  8.16027881e-18,
        8.94192772e-18,  9.79700221e-18,  1.07323974e-17,  1.17556561e-17,
        1.28750297e-17,  1.40995446e-17,  1.54390749e-17,  1.69044224e-17,
        1.85074032e-17,  2.02609436e-17,  2.21791835e-17,  2.42775914e-17,
        2.65730883e-17,  2.90841846e-17,  3.18311292e-17,  3.48360729e-17,
        3.81232469e-17,  4.17191582e-17,  4.56528035e-17,  4.99559028e-17,
        5.46631554e-17,  5.98125196e-17,  6.54455186e-17,  7.16075758e-17,
        7.83483806e-17,  8.57222895e-17,  9.37887639e-17,  1.02612850e-16,
        1.12265704e-16,  1.22825163e-16,  1.34376378e-16,  1.47012494e-16,
        1.60835406e-16,  1.75956580e-16,  1.92497949e-16,  2.10592899e-16,
        2.30387344e-16,  2.52040901e-16,  2.75728182e-16,  3.01640193e-16,
        3.29985885e-16,  3.60993830e-16,  3.94914071e-16,  4.32020132e-16,
        4.72611228e-16,  5.17014678e-16,  5.65588540e-16,  6.18724505e-16,
        6.76851048e-16,  7.40436889e-16,  8.09994771e-16,  8.86085593e-16,
        9.69322935e-16,  1.06037800e-15,  1.15998505e-15,  1.26894728e-15,
        1.38814334e-15,  1.51853441e-15,  1.66117193e-15,  1.81720609e-15,
        1.98789512e-15,  2.17461542e-15,  2.37887267e-15,  2.60231394e-15,
        2.84674102e-15,  3.11412492e-15,  3.40662176e-15,  3.72659017e-15,
        4.07661031e-15,  4.45950466e-15,  4.87836079e-15,  5.33655628e-15,
        5.83778591e-15,  6.38609149e-15,  6.98589442e-15,  7.64203140e-15,
        8.35979337e-15,  9.14496820e-15,  1.00038874e-14,  1.09434770e-14,
        1.19713138e-14,  1.30956859e-14,  1.43256601e-14,  1.56711546e-14,
        1.71430192e-14,  1.87531226e-14,  2.05144484e-14,  2.24411996e-14,
        2.45489130e-14,  2.68545848e-14,  2.93768074e-14,  3.21359194e-14,
        3.51541698e-14,  3.84558971e-14,  4.20677255e-14,  4.60187802e-14,
        5.03409216e-14,  5.50690025e-14,  6.02411490e-14,  6.58990683e-14,
        7.20883846e-14,  7.88590071e-14,  8.62655327e-14,  9.43676860e-14,
        1.03230801e-13,  1.12926348e-13,  1.23532509e-13,  1.35134811e-13,
        1.47826812e-13,  1.61710857e-13,  1.76898904e-13,  1.93513427e-13,
        2.11688400e-13,  2.31570384e-13,  2.53319702e-13,  2.77111736e-13,
        3.03138340e-13,  3.31609386e-13,  3.62754459e-13,  3.96824705e-13,
        4.34094861e-13,  4.74865463e-13,  5.19465278e-13,  5.68253949e-13,
        6.21624896e-13,  6.80008491e-13,  7.43875527e-13,  8.13741013e-13,
        8.90168330e-13,  9.73773771e-13,  1.06523151e-12,  1.16527905e-12,
        1.27472314e-12,  1.39444632e-12,  1.52541401e-12,  1.66868230e-12,
        1.82540649e-12,  1.99685035e-12,  2.18439638e-12,  2.38955691e-12,
        2.61398629e-12,  2.85949429e-12,  3.12806063e-12,  3.42185095e-12,
        3.74323434e-12,  4.09480234e-12,  4.47938993e-12,  4.90009833e-12,
        5.36032004e-12,  5.86376619e-12,  6.41449645e-12,  7.01695179e-12,
        7.67599026e-12,  8.39692621e-12,  9.18557310e-12,  1.00482904e-11,
        1.09920348e-11,  1.20244165e-11,  1.31537604e-11,  1.43891732e-11,
        1.57406169e-11,  1.72189893e-11,  1.88362115e-11,  2.06053245e-11,
        2.25405938e-11,  2.46576250e-11,  2.69734890e-11,  2.95068604e-11,
        3.22781674e-11,  3.53097568e-11,  3.86260744e-11,  4.22538617e-11,
        4.62223715e-11,  5.05636044e-11,  5.53125659e-11,  6.05075493e-11,
        6.61904440e-11,  7.24070734e-11,  7.92075645e-11,  8.66467514e-11,
        9.47846178e-11,  1.03686780e-10,  1.13425017e-10,  1.24077847e-10,
        1.35731161e-10,  1.48478917e-10,  1.62423892e-10,  1.77678516e-10,
        1.94365773e-10,  2.12620193e-10,  2.32588937e-10,  2.54432980e-10,
        2.78328405e-10,  3.04467825e-10,  3.33061929e-10,  3.64341179e-10,
        3.98557659e-10,  4.35987108e-10,  4.76931130e-10,  5.21719621e-10,
        5.70713413e-10,  6.24307174e-10,  6.82932572e-10,  7.47061733e-10,
        8.17211024e-10,  8.93945188e-10,  9.77881855e-10,  1.06969648e-09,
        1.17012775e-09,  1.27998342e-09,  1.40014682e-09,  1.53158384e-09,
        1.67535057e-09,  1.83260174e-09,  2.00459980e-09,  2.19272494e-09,
        2.39848592e-09,  2.62353197e-09,  2.86966572e-09,  3.13885731e-09,
        3.43325971e-09,  3.75522553e-09,  4.10732520e-09,  4.49236681e-09,
        4.91341770e-09,  5.37382793e-09,  5.87725579e-09,  6.42769547e-09,
        7.02950716e-09,  7.68744970e-09,  8.40671586e-09,  9.19297074e-09,
        1.00523931e-08,  1.09917205e-08,  1.20182972e-08,  1.31401268e-08,
        1.43659286e-08,  1.57051981e-08,  1.71682720e-08,  1.87663986e-08,
        2.05118126e-08,  2.24178151e-08,  2.44988599e-08,  2.67706442e-08,
        2.92502063e-08,  3.19560281e-08,  3.49081446e-08,  3.81282584e-08,
        4.16398607e-08,  4.54683580e-08,  4.96412035e-08,  5.41880344e-08,
        5.91408129e-08,  6.45339712e-08,  7.04045591e-08,  7.67923925e-08,
        8.37402025e-08,  9.12937818e-08,  9.95021275e-08,  1.08417576e-07,
        1.18095930e-07,  1.28596568e-07,  1.39982541e-07,  1.52320639e-07,
        1.65681439e-07,  1.80139309e-07,  1.95772371e-07,  2.12662421e-07,
        2.30894782e-07,  2.50558087e-07,  2.71743986e-07,  2.94546759e-07,
        3.19062814e-07,  3.45390079e-07,  3.73627238e-07,  4.03872834e-07,
        4.36224182e-07,  4.70776106e-07,  5.07619461e-07,  5.46839429e-07,
        5.88513568e-07,  6.32709600e-07,  6.79482905e-07,  7.28873726e-07,
        7.80904057e-07,  8.35574202e-07,  8.92859004e-07,  9.52703737e-07,
        1.01501967e-06,  1.07967929e-06,  1.14651126e-06,  1.21529506e-06,
        1.28575537e-06,  1.35755638e-06,  1.43029581e-06,  1.50349902e-06,
        1.57661313e-06,  1.64900127e-06,  1.71993716e-06,  1.78860012e-06,
        1.85407070e-06,  1.91532707e-06,  1.97124237e-06,  2.02058338e-06,
        2.06201043e-06,  2.09407908e-06,  2.11524365e-06,  2.12386283e-06,
        2.11820769e-06,  2.09647209e-06,  2.05678600e-06,  1.99723147e-06,
        1.91586176e-06,  1.81072335e-06,  1.67988106e-06,  1.52144606e-06,
        1.33360669e-06,  1.11466180e-06,  8.63056333e-07,  5.77418611e-07,
        2.56598948e-07, -1.00291178e-07, -4.93840043e-07, -9.24297504e-07,
       -1.39153862e-06, -1.89503002e-06, -2.43379990e-06, -3.00641283e-06,
       -3.61095015e-06, -4.24499697e-06, -4.90563674e-06, -5.58945399e-06,
       -6.29254598e-06, -7.01054378e-06, -7.73864287e-06, -8.47164357e-06,
       -9.20400094e-06, -9.92988381e-06, -1.06432423e-05, -1.13378827e-05,
       -1.20075491e-05, -1.26460095e-05, -1.32471455e-05, -1.38050438e-05,
       -1.43140873e-05, -1.47690437e-05, -1.51651507e-05, -1.54981947e-05,
       -1.57645814e-05, -1.59613975e-05, -1.60864610e-05, -1.61383591e-05,
       -1.61164736e-05, -1.60209917e-05, -1.58529035e-05, -1.56139849e-05,
       -1.53067673e-05, -1.49344943e-05, -1.45010668e-05, -1.40109771e-05,
       -1.34692346e-05, -1.28812841e-05, -1.22529188e-05, -1.15901901e-05,
       -1.08993152e-05, -1.01865863e-05, -9.45828154e-06, -8.72057980e-06,
       -7.97948150e-06, -7.24073600e-06, -6.50977710e-06, -5.79166721e-06,
       -5.09105106e-06, -4.41211898e-06, -3.75858005e-06, -3.13364484e-06,
       -2.54001750e-06, -1.97989649e-06, -1.45498344e-06, -9.66499149e-07,
       -5.15205983e-07, -1.01435535e-07,  2.74879337e-07,  6.14169124e-07,
        9.17189924e-07,  1.18498426e-06,  1.41884128e-06,  1.62025725e-06,
        1.79089681e-06,  1.93255588e-06,  2.04712643e-06,  2.13656369e-06,
        2.20285611e-06,  2.24799815e-06,  2.27396610e-06,  2.28269705e-06,
        2.27607088e-06,  2.25589518e-06,  2.22389312e-06,  2.18169396e-06,
        2.13082600e-06,  2.07271197e-06,  2.00866625e-06,  1.93989408e-06,
        1.86749227e-06,  1.79245125e-06,  1.71565825e-06,  1.63790141e-06,
        1.55987460e-06,  1.48218275e-06,  1.40534759e-06,  1.32981361e-06,
        1.25595417e-06,  1.18407754e-06,  1.11443292e-06,  1.04721627e-06,
        9.82575934e-07,  9.20617989e-07,  8.61411301e-07,  8.04992254e-07,
        7.51369144e-07,  7.00526226e-07,  6.52427421e-07,  6.07019675e-07,
        5.64235999e-07,  5.23998187e-07,  4.86219234e-07,  4.50805472e-07,
        4.17658445e-07,  3.86676533e-07,  3.57756360e-07,  3.30793994e-07,
        3.05685958e-07,  2.82330078e-07,  2.60626183e-07,  2.40476670e-07,
        2.21786949e-07,  2.04465792e-07,  1.88425587e-07,  1.73582520e-07,
        1.59856683e-07,  1.47172134e-07,  1.35456904e-07,  1.24642970e-07,
        1.14666187e-07,  1.05466204e-07,  9.69863512e-08,  8.91735159e-08,
        8.19780040e-08,  7.53533942e-08,  6.92563864e-08,  6.36466464e-08,
        5.84866508e-08,  5.37415319e-08,  4.93789251e-08,  4.53688198e-08,
        4.16834144e-08,  3.82969758e-08,  3.51857056e-08,  3.23276104e-08,
        2.97023799e-08,  2.72912698e-08,  2.50769916e-08,  2.30436084e-08,
        2.11764369e-08,  1.94619552e-08,  1.78877161e-08,  1.64422670e-08,
        1.51150735e-08,  1.38964498e-08,  1.27774928e-08,  1.17500210e-08,
        1.08065184e-08,  9.94008147e-09,  9.14437110e-09,  8.41356712e-09,
        7.74232693e-09,  7.12574702e-09,  6.55932743e-09,  6.03893900e-09,
        5.56079325e-09,  5.12141448e-09,  4.71761420e-09,  4.34646753e-09,
        4.00529155e-09,  3.69162531e-09,  3.40321154e-09,  3.13797978e-09,
        2.89403093e-09,  2.66962305e-09,  2.46315830e-09,  2.27317101e-09,
        2.09831666e-09,  1.93736186e-09,  1.78917506e-09,  1.65271812e-09,
        1.52703854e-09,  1.41126233e-09,  1.30458750e-09,  1.20627804e-09,
        1.11565850e-09,  1.03210890e-09,  9.55060184e-10,  8.83989951e-10,
        8.18418618e-10,  7.57905860e-10,  7.02047369e-10,  6.50471872e-10,
        6.02838403e-10,  5.58833800e-10,  5.18170412e-10,  4.80583995e-10,
        4.45831787e-10,  4.13690736e-10,  3.83955883e-10,  3.56438872e-10,
        3.30966586e-10,  3.07379898e-10,  2.85532522e-10,  2.65289959e-10,
        2.46528534e-10,  2.29134504e-10,  2.13003249e-10,  1.98038523e-10,
        1.84151768e-10,  1.71261484e-10,  1.59292655e-10,  1.48176214e-10,
        1.37848560e-10,  1.28251108e-10,  1.19329882e-10,  1.11035136e-10,
        1.03321009e-10,  9.61452086e-11,  8.94687202e-11,  8.32555382e-11,
        7.74724225e-11,  7.20886732e-11,  6.70759246e-11,  6.24079561e-11,
        5.80605188e-11,  5.40111763e-11,  5.02391594e-11,  4.67252326e-11,
        4.34515711e-11,  4.04016493e-11,  3.75601377e-11,  3.49128089e-11,
        3.24464512e-11,  3.01487898e-11,  2.80084143e-11,  2.60147122e-11,
        2.41578083e-11,  2.24285092e-11,  2.08182518e-11,  1.93190566e-11,
        1.79234849e-11,  1.66245992e-11,  1.54159271e-11,  1.42914279e-11,
        1.32454622e-11,  1.22727635e-11,  1.13684126e-11,  1.05278134e-11,
        9.74667107e-12,  9.02097174e-12,  8.34696358e-12,  7.72113945e-12,
        7.14022086e-12,  6.60114295e-12,  6.10104070e-12,  5.63723600e-12,
        5.20722567e-12,  4.80867034e-12,  4.43938402e-12,  4.09732439e-12,
        3.78058371e-12,  3.48738040e-12,  3.21605104e-12,  2.96504298e-12,
        2.73290737e-12,  2.51829259e-12,  2.31993816e-12,  2.13666899e-12,
        1.96738995e-12,  1.81108078e-12,  1.66679136e-12,  1.53363720e-12,
        1.41079521e-12,  1.29749976e-12,  1.19303895e-12,  1.09675107e-12,
        1.00802136e-12,  9.26278866e-13,  8.50993568e-13,  7.81673628e-13,
        7.17862826e-13,  6.59138162e-13,  6.05107585e-13,  5.55407883e-13,
        5.09702691e-13,  4.67680632e-13,  4.29053573e-13,  3.93554994e-13,
        3.60938457e-13,  3.30976183e-13,  3.03457716e-13,  2.78188675e-13,
        2.54989590e-13,  2.33694820e-13,  2.14151534e-13,  1.96218776e-13,
        1.79766576e-13,  1.64675140e-13,  1.50834083e-13,  1.38141723e-13,
        1.26504425e-13,  1.15835986e-13,  1.06057068e-13,  9.70946747e-14,
        8.88816588e-14,  8.13562713e-14,  7.44617418e-14,  6.81458896e-14,
        6.23607640e-14,  5.70623119e-14,  5.22100696e-14,  4.77668785e-14,
        4.36986224e-14,  3.99739845e-14,  3.65642233e-14,  3.34429658e-14,
        3.05860168e-14,  2.79711825e-14,  2.55781090e-14,  2.33881322e-14,
        2.13841403e-14,  1.95504472e-14,  1.78726756e-14,  1.63376497e-14,
        1.49332963e-14,  1.36485538e-14,  1.24732889e-14,  1.13982197e-14,
        1.04148449e-14,  9.51537938e-15,  8.69269407e-15,  7.94026169e-15,
        7.25210631e-15,  6.62275735e-15,  6.04720719e-15,  5.52087241e-15,
        5.03955815e-15,  4.59942546e-15,  4.19696135e-15,  3.82895132e-15,
        3.49245420e-15,  3.18477906e-15,  2.90346409e-15,  2.64625719e-15,
        2.41109825e-15,  2.19610286e-15,  1.99954746e-15,  1.81985565e-15,
        1.65558574e-15,  1.50541928e-15,  1.36815062e-15,  1.24267731e-15,
        1.12799135e-15,  1.02317114e-15,  9.27374133e-16,  8.39830137e-16,
        7.59835152e-16,  6.86745753e-16,  6.19973943e-16,  5.58982453e-16,
        5.03280444e-16,  4.52419571e-16,  4.05990402e-16,  3.63619126e-16,
        3.24964562e-16,  2.89715420e-16,  2.57587808e-16,  2.28322943e-16,
        2.01685086e-16,  1.77459636e-16,  1.55451416e-16,  1.35483099e-16,
        1.17393782e-16,  1.01037697e-16,  8.62830343e-17,  7.30108832e-17,
        6.11142772e-17,  5.04973319e-17,  4.10744736e-17,  3.27697506e-17,
        2.55162222e-17,  1.92554194e-17,  1.39368745e-17,  9.51771468e-18,
        5.96231683e-18,  3.24202085e-18,  1.33489886e-18,  2.25578678e-19,
       -9.48798199e-20,  3.70943398e-19,  1.62680791e-18,  3.68284332e-18,
        6.55563105e-18,  1.02683382e-17,  1.48509043e-17,  2.03402830e-17,
        2.67807401e-17,  3.42242105e-17,  4.27307168e-17,  5.23688537e-17,
        6.32163411e-17,  7.53606507e-17,  8.88997113e-17,  1.03942699e-16,
        1.20610916e-16,  1.39038773e-16,  1.59374865e-16,  1.81783180e-16,
        2.06444413e-16,  2.33557425e-16,  2.63340851e-16,  2.96034856e-16,
        3.31903078e-16,  3.71234751e-16,  4.14347035e-16,  4.61587579e-16,
        5.13337319e-16,  5.70013555e-16,  6.32073310e-16,  7.00017021e-16,
        7.74392571e-16,  8.55799707e-16,  9.44894879e-16,  1.04239653e-15,
        1.14909089e-15,  1.26583833e-15,  1.39358026e-15,  1.53334677e-15,
        1.68626490e-15,  1.85356776e-15,  2.03660444e-15,  2.23685090e-15,
        2.45592189e-15,  2.69558395e-15,  2.95776965e-15,  3.24459322e-15,
        3.55836753e-15,  3.90162279e-15,  4.27712693e-15,  4.68790794e-15,
        5.13727826e-15,  5.62886152e-15,  6.16662174e-15,  6.75489530e-15,
        7.39842590e-15,  8.10240284e-15,  8.87250283e-15,  9.71493580e-15,
        1.06364949e-14,  1.16446115e-14,  1.27474147e-14,  1.39537973e-14,
        1.52734873e-14,  1.67171264e-14,  1.82963558e-14,  2.00239101e-14,
        2.19137198e-14,  2.39810241e-14,  2.62424931e-14,  2.87163628e-14,
        3.14225821e-14,  3.43829733e-14,  3.76214082e-14,  4.11640010e-14,
        4.50393184e-14,  4.92786100e-14,  5.39160605e-14,  5.89890654e-14,
        6.45385323e-14,  7.06092107e-14,  7.72500535e-14,  8.45146107e-14,
        9.24614624e-14,  1.01154690e-13,  1.10664394e-13,  1.21067258e-13,
        1.32447170e-13,  1.44895893e-13,  1.58513812e-13,  1.73410739e-13,
        1.89706799e-13,  2.07533400e-13,  2.27034292e-13,  2.48366726e-13,
        2.71702722e-13,  2.97230456e-13,  3.25155779e-13,  3.55703873e-13,
        3.89121073e-13,  4.25676846e-13,  4.65665972e-13,  5.09410913e-13,
        5.57264419e-13,  6.09612370e-13,  6.66876889e-13,  7.29519743e-13,
        7.98046073e-13,  8.73008458e-13,  9.55011379e-13,  1.04471609e-12,
        1.14284595e-12,  1.25019225e-12,  1.36762062e-12,  1.49607797e-12,
        1.63660015e-12,  1.79032031e-12,  1.95847800e-12,  2.14242921e-12,
        2.34365729e-12,  2.56378490e-12,  2.80458710e-12,  3.06800565e-12,
        3.35616472e-12,  3.67138796e-12,  4.01621725e-12,  4.39343322e-12,
        4.80607766e-12,  5.25747804e-12,  5.75127437e-12,  6.29144849e-12,
        6.88235627e-12,  7.52876264e-12,  8.23588010e-12,  9.00941067e-12,
        9.85559195e-12,  1.07812473e-11,  1.17938411e-11,  1.29015387e-11,
        1.41132722e-11,  1.54388128e-11,  1.68888494e-11,  1.84750748e-11,
        2.02102799e-11,  2.21084571e-11,  2.41849128e-11,  2.64563912e-11,
        2.89412089e-11,  3.16594029e-11,  3.46328922e-11,  3.78856543e-11,
        4.14439189e-11,  4.53363789e-11,  4.95944223e-11,  5.42523851e-11,
        5.93478280e-11,  6.49218395e-11,  7.10193674e-11,  7.76895806e-11,
        8.49862664e-11,  9.29682636e-11,  1.01699937e-10,  1.11251698e-10,
        1.21700568e-10,  1.33130806e-10,  1.45634583e-10,  1.59312726e-10,
        1.74275532e-10,  1.90643659e-10,  2.08549095e-10,  2.28136226e-10,
        2.49562999e-10,  2.73002194e-10,  2.98642819e-10,  3.26691636e-10,
        3.57374823e-10,  3.90939803e-10,  4.27657237e-10,  4.67823205e-10,
        5.11761599e-10,  5.59826726e-10,  6.12406175e-10,  6.69923933e-10,
        7.32843812e-10,  8.01673184e-10,  8.76967073e-10,  9.59332633e-10,
        1.04943404e-09,  1.14799786e-09,  1.25581888e-09,  1.37376655e-09,
        1.50279197e-09,  1.64393558e-09,  1.79833552e-09,  1.96723685e-09,
        2.15200155e-09,  2.35411952e-09,  2.57522059e-09,  2.81708768e-09,
        3.08167114e-09,  3.37110453e-09,  3.68772177e-09,  4.03407599e-09,
        4.41296011e-09,  4.82742938e-09,  5.28082598e-09,  5.77680600e-09,
        6.31936893e-09,  6.91288986e-09,  7.56215482e-09,  8.27239934e-09,
        9.04935067e-09,  9.89927399e-09,  1.08290229e-08,  1.18460946e-08,
        1.29586907e-08,  1.41757828e-08,  1.55071854e-08,  1.69636344e-08,
        1.85568745e-08,  2.02997532e-08,  2.22063247e-08,  2.42919630e-08,
        2.65734865e-08,  2.90692927e-08,  3.17995073e-08,  3.47861462e-08,
        3.80532929e-08,  4.16272931e-08,  4.55369666e-08,  4.98138403e-08,
        5.44924018e-08,  5.96103781e-08,  6.52090395e-08,  7.13335322e-08,
        7.80332430e-08,  8.53621967e-08,  9.33794924e-08,  1.02149780e-07,
        1.11743781e-07,  1.22238859e-07, -0.00000000e+00, -0.00000000e+00])], 1: [array([ 0.00000000e+00,  1.72496283e-15,  5.17847936e-15,  1.03677388e-14,
        1.73035437e-14,  2.60003323e-14,  3.64762088e-14,  4.87529809e-14,
        6.28562053e-14,  7.88152408e-14,  9.66633093e-14,  1.16437565e-13,
        1.38179173e-13,  1.61933392e-13,  1.87749672e-13,  2.15681755e-13,
        2.45787787e-13,  2.78130439e-13,  3.12777041e-13,  3.49799716e-13,
        3.89275534e-13,  4.31286673e-13,  4.75920587e-13,  5.23270191e-13,
        5.73434053e-13,  6.26516600e-13,  6.82628334e-13,  7.41886063e-13,
        8.04413144e-13,  8.70339741e-13,  9.39803093e-13,  1.01294780e-12,
        1.08992614e-12,  1.17089834e-12,  1.25603297e-12,  1.34550726e-12,
        1.43950746e-12,  1.53822926e-12,  1.64187817e-12,  1.75066995e-12,
        1.86483107e-12,  1.98459919e-12,  2.11022362e-12,  2.24196589e-12,
        2.38010023e-12,  2.52491421e-12,  2.67670929e-12,  2.83580145e-12,
        3.00252188e-12,  3.17721765e-12,  3.36025242e-12,  3.55200721e-12,
        3.75288120e-12,  3.96329256e-12,  4.18367929e-12,  4.41450018e-12,
        4.65623573e-12,  4.90938916e-12,  5.17448747e-12,  5.45208250e-12,
        5.74275214e-12,  6.04710147e-12,  6.36576405e-12,  6.69940326e-12,
        7.04871362e-12,  7.41442231e-12,  7.79729061e-12,  8.19811555e-12,
        8.61773153e-12,  9.05701207e-12,  9.51687162e-12,  9.99826747e-12,
        1.05022017e-11,  1.10297235e-11,  1.15819309e-11,  1.21599734e-11,
        1.27650544e-11,  1.33984334e-11,  1.40614290e-11,  1.47554214e-11,
        1.54818552e-11,  1.62422427e-11,  1.70381667e-11,  1.78712841e-11,
        1.87433293e-11,  1.96561176e-11,  2.06115491e-11,  2.16116128e-11,
        2.26583905e-11,  2.37540613e-11,  2.49009060e-11,  2.61013121e-11,
        2.73577785e-11,  2.86729207e-11,  3.00494765e-11,  3.14903115e-11,
        3.29984250e-11,  3.45769566e-11,  3.62291922e-11,  3.79585714e-11,
        3.97686941e-11,  4.16633286e-11,  4.36464189e-11,  4.57220932e-11,
        4.78946725e-11,  5.01686794e-11,  5.25488478e-11,  5.50401325e-11,
        5.76477196e-11,  6.03770373e-11,  6.32337673e-11,  6.62238564e-11,
        6.93535292e-11,  7.26293007e-11,  7.60579901e-11,  7.96467349e-11,
        8.34030058e-11,  8.73346223e-11,  9.14497689e-11,  9.57570122e-11,
        1.00265318e-10,  1.04984073e-10,  1.09923098e-10,  1.15092676e-10,
        1.20503568e-10,  1.26167038e-10,  1.32094876e-10,  1.38299422e-10,
        1.44793592e-10,  1.51590904e-10,  1.58705510e-10,  1.66152219e-10,
        1.73946533e-10,  1.82104677e-10,  1.90643635e-10,  1.99581183e-10,
        2.08935925e-10,  2.18727335e-10,  2.28975797e-10,  2.39702644e-10,
        2.50930207e-10,  2.62681857e-10,  2.74982060e-10,  2.87856420e-10,
        3.01331737e-10,  3.15436064e-10,  3.30198761e-10,  3.45650561e-10,
        3.61823628e-10,  3.78751632e-10,  3.96469810e-10,  4.15015047e-10,
        4.34425949e-10,  4.54742924e-10,  4.76008265e-10,  4.98266241e-10,
        5.21563187e-10,  5.45947599e-10,  5.71470239e-10,  5.98184238e-10,
        6.26145206e-10,  6.55411350e-10,  6.86043593e-10,  7.18105704e-10,
        7.51664425e-10,  7.86789616e-10,  8.23554398e-10,  8.62035304e-10,
        9.02312440e-10,  9.44469651e-10,  9.88594696e-10,  1.03477943e-09,
        1.08312000e-09,  1.13371703e-09,  1.18667585e-09,  1.24210671e-09,
        1.30012500e-09,  1.36085149e-09,  1.42441260e-09,  1.49094064e-09,
        1.56057412e-09,  1.63345797e-09,  1.70974393e-09,  1.78959080e-09,
        1.87316480e-09,  1.96063991e-09,  2.05219821e-09,  2.14803032e-09,
        2.24833572e-09,  2.35332322e-09,  2.46321137e-09,  2.57822893e-09,
        2.69861533e-09,  2.82462118e-09,  2.95650878e-09,  3.09455268e-09,
        3.23904026e-09,  3.39027228e-09,  3.54856358e-09,  3.71424365e-09,
        3.88765740e-09,  4.06916581e-09,  4.25914674e-09,  4.45799565e-09,
        4.66612649e-09,  4.88397251e-09,  5.11198719e-09,  5.35064518e-09,
        5.60044328e-09,  5.86190147e-09,  6.13556401e-09,  6.42200055e-09,
        6.72180732e-09,  7.03560839e-09,  7.36405694e-09,  7.70783664e-09,
        8.06766305e-09,  8.44428511e-09,  8.83848673e-09,  9.25108836e-09,
        9.68294873e-09,  1.01349666e-08,  1.06080827e-08,  1.11032816e-08,
        1.16215938e-08,  1.21640977e-08,  1.27319221e-08,  1.33262484e-08,
        1.39483130e-08,  1.45994098e-08,  1.52808931e-08,  1.59941801e-08,
        1.67407538e-08,  1.75221665e-08,  1.83400425e-08,  1.91960812e-08,
        2.00920615e-08,  2.10298442e-08,  2.20113766e-08,  2.30386963e-08,
        2.41139349e-08,  2.52393223e-08,  2.64171918e-08,  2.76499835e-08,
        2.89402503e-08,  3.02906618e-08,  3.17040100e-08,  3.31832147e-08,
        3.47313284e-08,  3.63515426e-08,  3.80471930e-08,  3.98217662e-08,
        4.16789052e-08,  4.36224162e-08,  4.56562749e-08,  4.77846328e-08,
        5.00118244e-08,  5.23423734e-08,  5.47809999e-08,  5.73326269e-08,
        6.00023871e-08,  6.27956299e-08,  6.57179274e-08,  6.87750809e-08,
        7.19731270e-08,  7.53183430e-08,  7.88172521e-08,  8.24766277e-08,
        8.63034973e-08,  9.03051447e-08,  9.44891124e-08,  9.88632010e-08,
        1.03435469e-07,  1.08214227e-07,  1.13208037e-07,  1.18425699e-07,
        1.23876246e-07,  1.29568926e-07,  1.35513184e-07,  1.41718643e-07,
        1.48195076e-07,  1.54952370e-07,  1.62000494e-07,  1.69349446e-07,
        1.77009204e-07,  1.84989660e-07,  1.93300552e-07,  2.01951374e-07,
        2.10951285e-07,  2.20308996e-07,  2.30032644e-07,  2.40129654e-07,
        2.50606574e-07,  2.61468896e-07,  2.72720853e-07,  2.84365189e-07,
        2.96402902e-07,  3.08832968e-07,  3.21652015e-07,  3.34853981e-07,
        3.48429721e-07,  3.62366587e-07,  3.76647951e-07,  3.91252698e-07,
        4.06154658e-07,  4.21321996e-07,  4.36716542e-07,  4.52293071e-07,
        4.67998523e-07,  4.83771156e-07,  4.99539652e-07,  5.15222145e-07,
        5.30725201e-07,  5.45942727e-07,  5.60754822e-07,  5.75026577e-07,
        5.88606814e-07,  6.01326788e-07,  6.12998841e-07,  6.23415041e-07,
        6.32345789e-07,  6.39538441e-07,  6.44715941e-07,  6.47575494e-07,
        6.47787303e-07,  6.44993406e-07,  6.38806638e-07,  6.28809751e-07,
        6.14554756e-07,  5.95562511e-07,  5.71322615e-07,  5.41293675e-07,
        5.04903987e-07,  4.61552716e-07,  4.10611631e-07,  3.51427476e-07,
        2.83325042e-07,  2.05611029e-07,  1.17578752e-07,  1.85137900e-08,
       -9.22993819e-08, -2.15569693e-07, -3.51990674e-07, -5.02230505e-07,
       -6.66920890e-07, -8.46644764e-07, -1.04192284e-06, -1.25319906e-06,
       -1.48082500e-06, -1.72504342e-06, -1.98597096e-06, -2.26358042e-06,
       -2.55768258e-06, -2.86790810e-06, -3.19368975e-06, -3.53424524e-06,
       -3.88856133e-06, -4.25537949e-06, -4.63318375e-06, -5.02019122e-06,
       -5.41434593e-06, -5.81331645e-06, -6.21449807e-06, -6.61501985e-06,
       -7.01175730e-06, -7.40135092e-06, -7.78023119e-06, -8.14465010e-06,
       -8.49071955e-06, -8.81445635e-06, -9.11183395e-06, -9.37884033e-06,
       -9.61154149e-06, -9.80614987e-06, -9.95909663e-06, -1.00671065e-05,
       -1.01272742e-05, -1.01371396e-05, -1.00947623e-05, -9.99879054e-06,
       -9.84852539e-06, -9.64397630e-06, -9.38590705e-06, -9.07586987e-06,
       -8.71622605e-06, -8.31015164e-06, -7.86162694e-06, -7.37540909e-06,
       -6.85698711e-06, -6.31251962e-06, -5.74875550e-06, -5.17293865e-06,
       -4.59269819e-06, -4.01592608e-06, -3.45064461e-06, -2.90486633e-06,
       -2.38644981e-06, -1.90295425e-06, -1.46149666e-06, -1.06861492e-06,
       -7.30140353e-07, -4.51082871e-07, -2.35531852e-07, -8.65752013e-08,
       -6.23881306e-09,  4.55204341e-09, -5.40116076e-08, -1.80630070e-07,
       -3.72925617e-07, -6.27495246e-07, -9.39984057e-07, -1.30517721e-06,
       -1.71710795e-06, -2.16917886e-06, -2.65429309e-06, -3.16499225e-06,
       -3.69359758e-06, -4.23235089e-06, -4.77355215e-06, -5.30969050e-06,
       -5.83356620e-06, -6.33840088e-06, -6.81793439e-06, -7.26650661e-06,
       -7.67912328e-06, -8.05150533e-06, -8.38012150e-06, -8.66220486e-06,
       -8.89575357e-06, -9.07951742e-06, -9.21297103e-06, -9.29627563e-06,
       -9.33023100e-06, -9.31621930e-06, -9.25614286e-06, -9.15235759e-06,
       -9.00760375e-06, -8.82493598e-06, -8.60765377e-06, -8.35923403e-06,
       -8.08326669e-06, -7.78339443e-06, -7.46325729e-06, -7.12644271e-06,
       -6.77644139e-06, -6.41660920e-06, -6.05013522e-06, -5.68001574e-06,
       -5.30903412e-06, -4.93974617e-06, -4.57447056e-06, -4.21528405e-06,
       -3.86402079e-06, -3.52227542e-06, -3.19140925e-06, -2.87255921e-06,
       -2.56664887e-06, -2.27440122e-06, -1.99635275e-06, -1.73286830e-06,
       -1.48415647e-06, -1.25028525e-06, -1.03119748e-06, -8.26726060e-07,
       -6.36608590e-07, -4.60501365e-07, -2.97992573e-07, -1.48614611e-07,
       -1.18554642e-08,  1.12830890e-07,  2.26015056e-07,  3.28283776e-07,
        4.20232439e-07,  5.02458508e-07,  5.75555820e-07,  6.40109718e-07,
        6.96692941e-07,  7.45862227e-07,  7.88155561e-07,  8.24090006e-07,
        8.54160059e-07,  8.78836477e-07,  8.98565508e-07,  9.13768480e-07,
        9.24841701e-07,  9.32156618e-07,  9.36060194e-07,  9.36875479e-07,
        9.34902309e-07,  9.30418144e-07,  9.23678978e-07,  9.14920330e-07,
        9.04358267e-07,  8.92190468e-07,  8.78597294e-07,  8.63742857e-07,
        8.47776081e-07,  8.30831746e-07,  8.13031500e-07,  7.94484844e-07,
        7.75290082e-07,  7.55535225e-07,  7.35298865e-07,  7.14650994e-07,
        6.93653795e-07,  6.72362377e-07,  6.50825477e-07,  6.29086115e-07,
        6.07182210e-07,  5.85147161e-07,  5.63010385e-07,  5.40797822e-07,
        5.18532404e-07,  4.96234493e-07,  4.73922287e-07,  4.51612194e-07,
        4.29319181e-07,  4.07057095e-07,  3.84838956e-07,  3.62677227e-07,
        3.40584060e-07,  3.18571523e-07,  2.96651795e-07,  2.74837354e-07,
        2.53141130e-07,  2.31576647e-07,  2.10158143e-07,  1.88900672e-07,
        1.67820184e-07,  1.46933586e-07,  1.26258790e-07,  1.05814739e-07,
        8.56214108e-08,  6.56998163e-08,  4.60719669e-08,  2.67608335e-08,
        7.79028650e-09, -1.08149808e-08, -2.90295434e-08, -4.68273509e-08,
       -6.41818476e-08, -8.10661064e-08, -9.74529735e-08, -1.13315225e-07,
       -1.28625735e-07, -1.43357645e-07, -1.57484552e-07, -1.70980689e-07,
       -1.83821118e-07, -1.95981924e-07, -2.07440402e-07, -2.18175253e-07,
       -2.28166765e-07, -2.37396998e-07, -2.45849954e-07, -2.53511743e-07,
       -2.60370734e-07, -2.66417693e-07, -2.71645911e-07, -2.76051309e-07,
       -2.79632528e-07, -2.82391003e-07, -2.84331014e-07, -2.85459715e-07,
       -2.85787148e-07, -2.85326224e-07, -2.84092698e-07, -2.82105102e-07,
       -2.79384681e-07, -2.75955282e-07, -2.71843246e-07, -2.67077265e-07,
       -2.61688229e-07, -2.55709054e-07, -2.49174499e-07, -2.42120962e-07,
       -2.34586273e-07, -2.26609476e-07, -2.18230602e-07, -2.09490434e-07,
       -2.00430283e-07, -1.91091743e-07, -1.81516468e-07, -1.71745938e-07,
       -1.61821238e-07, -1.51782841e-07, -1.41670406e-07, -1.31522577e-07,
       -1.21376808e-07, -1.11269185e-07, -1.01234279e-07, -9.13050046e-08,
       -8.15124978e-08, -7.18860101e-08, -6.24528207e-08, -5.32381655e-08,
       -4.42651822e-08, -3.55548741e-08, -2.71260886e-08, -1.89955131e-08,
       -1.11776848e-08, -3.68501547e-09,  3.47216989e-09,  1.02855830e-08,
        1.67489103e-08,  2.28577407e-08,  2.86094848e-08,  3.40032859e-08,
        3.90399245e-08,  4.37217175e-08,  4.80524130e-08,  5.20370825e-08,
        5.56820101e-08,  5.89945816e-08,  6.19831733e-08,  6.46570416e-08,
        6.70262143e-08,  6.91013846e-08,  7.08938081e-08,  7.24152030e-08,
        7.36776556e-08,  7.46935294e-08,  7.54753801e-08,  7.60358748e-08,
        7.63877176e-08,  7.65435804e-08,  7.65160396e-08,  7.63175179e-08,
        7.59602327e-08,  7.54561488e-08,  7.48169382e-08,  7.40539433e-08,
        7.31781465e-08,  7.22001442e-08,  7.11301254e-08,  6.99778546e-08,
        6.87526589e-08,  6.74634187e-08,  6.61185620e-08,  6.47260618e-08,
        6.32934370e-08,  6.18277547e-08,  6.03356361e-08,  5.88232640e-08,
        5.72963919e-08,  5.57603551e-08,  5.42200828e-08,  5.26801119e-08,
        5.11446009e-08,  4.96173452e-08,  4.81017930e-08,  4.66010608e-08,
        4.51179502e-08,  4.36549642e-08,  4.22143237e-08,  4.07979837e-08,
        3.94076493e-08,  3.80447922e-08,  3.67106655e-08,  3.54063192e-08,
        3.41326147e-08,  3.28902389e-08,  3.16797180e-08,  3.05014304e-08,
        2.93556190e-08,  2.82424033e-08,  2.71617908e-08,  2.61136871e-08,
        2.50979065e-08,  2.41141813e-08,  2.31621707e-08,  2.22414690e-08,
        2.13516135e-08,  2.04920919e-08,  1.96623487e-08,  1.88617913e-08,
        1.80897964e-08,  1.73457146e-08,  1.66288755e-08,  1.59385924e-08,
        1.52741657e-08,  1.46348873e-08,  1.40200434e-08,  1.34289179e-08,
        1.28607947e-08,  1.23149604e-08,  1.17907064e-08,  1.12873309e-08,
        1.08041402e-08,  1.03404507e-08,  9.89558974e-09,  9.46889696e-09,
        9.05972510e-09,  8.66744082e-09,  8.29142536e-09,  7.93107502e-09,
        7.58580162e-09,  7.25503276e-09,  6.93821206e-09,  6.63479929e-09,
        6.34427039e-09,  6.06611752e-09,  5.79984893e-09,  5.54498889e-09,
        5.30107751e-09,  5.06767051e-09,  4.84433903e-09,  4.63066930e-09,
        4.42626241e-09,  4.23073397e-09,  4.04371375e-09,  3.86484539e-09,
        3.69378601e-09,  3.53020586e-09,  3.37378793e-09,  3.22422759e-09,
        3.08123225e-09,  2.94452091e-09,  2.81382385e-09,  2.68888224e-09,
        2.56944776e-09,  2.45528224e-09,  2.34615733e-09,  2.24185412e-09,
        2.14216280e-09,  2.04688233e-09,  1.95582014e-09,  1.86879174e-09,
        1.78562048e-09,  1.70613722e-09,  1.63018000e-09,  1.55759383e-09,
        1.48823035e-09,  1.42194759e-09,  1.35860970e-09,  1.29808671e-09,
        1.24025429e-09,  1.18499351e-09,  1.13219061e-09,  1.08173679e-09,
        1.03352802e-09,  9.87464808e-10,  9.43452022e-10,  9.01398708e-10,
        8.61217907e-10,  8.22826486e-10,  7.86144974e-10,  7.51097399e-10,
        7.17611146e-10,  6.85616803e-10,  6.55048029e-10,  6.25841414e-10,
        5.97936357e-10,  5.71274940e-10,  5.45801812e-10,  5.21464075e-10,
        4.98211178e-10,  4.75994814e-10,  4.54768821e-10,  4.34489086e-10,
        4.15113458e-10,  3.96601657e-10,  3.78915195e-10,  3.62017297e-10,
        3.45872822e-10,  3.30448193e-10,  3.15711328e-10,  3.01631571e-10,
        2.88179634e-10,  2.75327529e-10,  2.63048519e-10,  2.51317054e-10,
        2.40108724e-10,  2.29400206e-10,  2.19169217e-10,  2.09394465e-10,
        2.00055608e-10,  1.91133210e-10,  1.82608703e-10,  1.74464344e-10,
        1.66683183e-10,  1.59249024e-10,  1.52146394e-10,  1.45360509e-10,
        1.38877245e-10,  1.32683107e-10,  1.26765202e-10,  1.21111212e-10,
        1.15709367e-10,  1.10548424e-10,  1.05617639e-10,  1.00906748e-10,
        9.64059464e-11,  9.21058637e-11,  8.79975493e-11,  8.40724511e-11,
        8.03223985e-11,  7.67395851e-11,  7.33165528e-11,  7.00461760e-11,
        6.69216468e-11,  6.39364610e-11,  6.10844044e-11,  5.83595400e-11,
        5.57561953e-11,  5.32689512e-11,  5.08926298e-11,  4.86222845e-11,
        4.64531891e-11,  4.43808282e-11,  4.24008878e-11,  4.05092462e-11,
        3.87019655e-11,  3.69752837e-11,  3.53256062e-11,  3.37494990e-11,
        3.22436810e-11,  3.08050175e-11,  2.94305137e-11,  2.81173084e-11,
        2.68626677e-11,  2.56639798e-11,  2.45187496e-11,  2.34245929e-11,
        2.23792321e-11,  2.13804909e-11,  2.04262904e-11,  1.95146441e-11,
        1.86436542e-11,  1.78115077e-11,  1.70164722e-11,  1.62568928e-11,
        1.55311881e-11,  1.48378475e-11,  1.41754277e-11,  1.35425496e-11,
        1.29378959e-11,  1.23602078e-11,  1.18082827e-11,  1.12809716e-11,
        1.07771770e-11,  1.02958500e-11,  9.83598863e-12,  9.39663561e-12,
        8.97687633e-12,  8.57583697e-12,  8.19268270e-12,  7.82661589e-12,
        7.47687450e-12,  7.14273047e-12,  6.82348821e-12,  6.51848316e-12,
        6.22708038e-12,  5.94867325e-12,  5.68268222e-12,  5.42855357e-12,
        5.18575827e-12,  4.95379090e-12,  4.73216857e-12,  4.52042993e-12,
        4.31813420e-12,  4.12486026e-12,  3.94020577e-12,  3.76378633e-12,
        3.59523470e-12,  3.43419998e-12,  3.28034696e-12,  3.13335537e-12,
        2.99291919e-12,  2.85874610e-12,  2.73055678e-12,  2.60808438e-12,
        2.49107394e-12,  2.37928189e-12,  2.27247551e-12,  2.17043245e-12,
        2.07294030e-12,  1.97979609e-12,  1.89080595e-12,  1.80578460e-12,
        1.72455507e-12,  1.64694826e-12,  1.57280260e-12,  1.50196376e-12,
        1.43428427e-12,  1.36962324e-12,  1.30784606e-12,  1.24882413e-12,
        1.19243458e-12,  1.13856003e-12,  1.08708833e-12,  1.03791233e-12,
        9.90929653e-13,  9.46042502e-13,  9.03157433e-13,  8.62185171e-13,
        8.23040425e-13,  7.85641706e-13,  7.49911162e-13,  7.15774411e-13,
        6.83160392e-13,  6.52001211e-13,  6.22232004e-13,  5.93790800e-13,
        5.66618393e-13,  5.40658218e-13,  5.15856234e-13,  4.92160809e-13,
        4.69522618e-13,  4.47894533e-13,  4.27231532e-13,  4.07490601e-13,
        3.88630644e-13,  3.70612401e-13,  3.53398362e-13,  3.36952694e-13,
        3.21241161e-13,  3.06231057e-13,  2.91891134e-13,  2.78191542e-13,
        2.65103761e-13,  2.52600547e-13,  2.40655872e-13,  2.29244870e-13,
        2.18343787e-13,  2.07929931e-13,  1.97981622e-13,  1.88478151e-13,
        1.79399735e-13,  1.70727476e-13,  1.62443319e-13,  1.54530020e-13,
        1.46971105e-13,  1.39750840e-13,  1.32854194e-13,  1.26266809e-13,
        1.19974973e-13,  1.13965589e-13,  1.08226146e-13,  1.02744696e-13,
        9.75098296e-14,  9.25106481e-14,  8.77367451e-14,  8.31781827e-14,
        7.88254713e-14,  7.46695499e-14,  7.07017670e-14,  6.69138629e-14,
        6.32979522e-14,  5.98465077e-14,  5.65523445e-14,  5.34086052e-14,
        5.04087453e-14,  4.75465200e-14,  4.48159711e-14,  4.22114143e-14,
        3.97274277e-14,  3.73588404e-14,  3.51007216e-14,  3.29483707e-14,
        3.08973070e-14,  2.89432608e-14,  2.70821645e-14,  2.53101436e-14,
        2.36235095e-14,  2.20187510e-14,  2.04925275e-14,  1.90416618e-14,
        1.76631337e-14,  1.63540734e-14,  1.51117560e-14,  1.39335952e-14,
        1.28171384e-14,  1.17600616e-14,  1.07601641e-14,  9.81536460e-15,
        8.92369619e-15,  8.08330269e-15,  7.29243465e-15,  6.54944573e-15,
        5.85278923e-15,  5.20101492e-15,  4.59276599e-15,  4.02677626e-15,
        3.50186748e-15,  3.01694697e-15,  2.57100525e-15,  2.16311401e-15,
        1.79242414e-15,  1.45816396e-15,  1.15963765e-15,  8.96223758e-16,
        6.67373940e-16,  4.72611794e-16,  3.11531883e-16,  1.83798886e-16,
        8.91469009e-17,  2.73788889e-17, -0.00000000e+00,  0.00000000e+00])], 2: []}
v = [-3.57063096e-31 -5.04830794e-31 -7.13138586e-31 -1.00653587e-30
 -1.41942288e-30 -1.99996119e-30 -2.81551964e-30 -3.96025159e-30
 -5.56562853e-30 -7.81507014e-30 -1.09642459e-29 -1.53692218e-29
 -2.15254487e-29 -3.01217204e-29 -4.21147819e-29 -5.88323997e-29
 -8.21156232e-29 -1.14514966e-28 -1.59560698e-28 -2.22134916e-28
 -3.08983262e-28 -4.29418059e-28 -5.96283618e-28 -8.27280287e-28
 -1.14677891e-27 -1.58830514e-27 -2.19793787e-27 -3.03895385e-27
 -4.19817001e-27 -5.79459600e-27 -7.99122809e-27 -1.10111104e-26
 -1.51591876e-26 -2.08520119e-26 -2.86580888e-26 -3.93526251e-26
 -5.39917514e-26 -7.40130578e-26 -1.01371647e-25 -1.38724089e-25
 -1.89676918e-25 -2.59122015e-25 -3.53688845e-25 -4.82353726e-25
 -6.57259899e-25 -8.94820362e-25 -1.21719961e-24 -1.65430268e-24
 -2.24644282e-24 -3.04791595e-24 -4.13178608e-24 -5.59628590e-24
 -7.57337014e-24 -1.02401353e-23 -1.38340529e-23 -1.86732708e-23
 -2.51836444e-23 -3.39346979e-23 -4.56874186e-23 -6.14577245e-23
 -8.26006675e-23 -1.10922043e-22 -1.48826199e-22 -1.99511595e-22
 -2.67229326e-22 -3.57624543e-22 -4.78186971e-22 -6.38844833e-22
 -8.52747112e-22 -1.13729296e-21 -1.51548510e-21 -2.01770752e-21
 -2.68405852e-21 -3.56740955e-21 -4.73741231e-21 -6.28574303e-21
 -8.33295976e-21 -1.10374607e-20 -1.46071766e-20 -1.93148177e-20
 -2.55177378e-20 -3.36837901e-20 -4.44249509e-20 -5.85410066e-20
 -7.70762610e-20 -1.01393080e-19 -1.33267182e-19 -1.75010997e-19
 -2.29633205e-19 -3.01044890e-19 -3.94325675e-19 -5.16066984e-19
 -6.74814365e-19 -8.81636956e-19 -1.15085995e-18 -1.50100588e-18
 -1.95600307e-18 -2.54673581e-18 -3.31303086e-18 -4.30620094e-18
 -5.59229826e-18 -7.25627251e-18 -9.40727991e-18 -1.21854556e-17
 -1.57705450e-17 -2.03928937e-17 -2.63474284e-17 -3.40114255e-17
 -4.38670733e-17 -5.65300942e-17 -7.27860216e-17 -9.36361350e-17
 -1.20355572e-16 -1.54566774e-16 -1.98332238e-16 -2.54271512e-16
 -3.25708671e-16 -4.16858019e-16 -5.33057704e-16 -6.81063353e-16
 -8.69416791e-16 -1.10890862e-15 -1.41315799e-15 -1.79933862e-15
 -2.28908705e-15 -2.90963786e-15 -3.69524122e-15 -4.68893132e-15
 -5.94473054e-15 -7.53039401e-15 -9.53082402e-15 -1.20523136e-14
 -1.52278161e-14 -1.92234815e-14 -2.42467586e-14 -3.05564262e-14
 -3.84750020e-14 -4.84040798e-14 -6.08432647e-14 -7.64135320e-14
 -9.58860134e-14 -1.20217440e-13 -1.50593737e-13 -1.88483602e-13
 -2.35704273e-13 -2.94502214e-13 -3.67651968e-13 -4.58577192e-13
 -5.71498678e-13 -7.11615228e-13 -8.85324454e-13 -1.10049205e-12
 -1.36677991e-12 -1.69604545e-12 -2.10282730e-12 -2.60493538e-12
 -3.22416697e-12 -3.98717519e-12 -4.92652098e-12 -6.08194625e-12
 -7.50191335e-12 -9.24546445e-12 -1.13844655e-11 -1.40063116e-11
 -1.72171850e-11 -2.11459757e-11 -2.59489948e-11 -3.18156332e-11
 -3.89751529e-11 -4.77048251e-11 -5.83396759e-11 -7.12841442e-11
 -8.70260140e-11 -1.06153048e-10 -1.29372827e-10 -1.57536391e-10
 -1.91666379e-10 -2.32990498e-10 -2.82981279e-10 -3.43403268e-10
 -4.16368980e-10 -5.04405174e-10 -6.10531285e-10 -7.38352140e-10
 -8.92167453e-10 -1.07710102e-09 -1.29925299e-09 -1.56587912e-09
 -1.88560173e-09 -2.26865744e-09 -2.72718818e-09 -3.27558226e-09
 -3.93087415e-09 -4.71321220e-09 -5.64640557e-09 -6.75856306e-09
 -8.08283837e-09 -9.65829893e-09 -1.15309374e-08 -1.37548485e-08
 -1.63935961e-08 -1.95218007e-08 -2.32269798e-08 -2.76116801e-08
 -3.27959449e-08 -3.89201664e-08 -4.61483790e-08 -5.46720599e-08
 -6.47145072e-08 -7.65358805e-08 -9.04389978e-08 -1.06775994e-07
 -1.25955962e-07 -1.48453711e-07 -1.74819798e-07 -2.05691995e-07
 -2.41808405e-07 -2.84022416e-07 -3.33319765e-07 -3.90837962e-07
 -4.57888395e-07 -5.35981448e-07 -6.26855012e-07 -7.32506817e-07
 -8.55231057e-07 -9.97659815e-07 -1.16280990e-06 -1.35413569e-06
 -1.57558875e-06 -1.83168497e-06 -2.12758009e-06 -2.46915457e-06
 -2.86310886e-06 -3.31707024e-06 -3.83971242e-06 -4.44088936e-06
 -5.13178476e-06 -5.92507886e-06 -6.83513444e-06 -7.87820380e-06
 -9.07265894e-06 -1.04392472e-05 -1.20013750e-05 -1.37854215e-05
 -1.58210870e-05 -1.81417765e-05 -2.07850240e-05 -2.37929598e-05
 -2.72128255e-05 -3.10975393e-05 -3.55063179e-05 -4.05053579e-05
 -4.61685818e-05 -5.25784548e-05 -5.98268761e-05 -6.80161520e-05
 -7.72600552e-05 -8.76849772e-05 -9.94311808e-05 -1.12654158e-04
 -1.27526099e-04 -1.44237488e-04 -1.62998816e-04 -1.84042436e-04
 -2.07624557e-04 -2.34027390e-04 -2.63561447e-04 -2.96568009e-04
 -3.33421763e-04 -3.74533621e-04 -4.20353724e-04 -4.71374639e-04
 -5.28134757e-04 -5.91221898e-04 -6.61277120e-04 -7.38998753e-04
 -8.25146645e-04 -9.20546636e-04 -1.02609525e-03 -1.14276460e-03
 -1.27160758e-03 -1.41376316e-03 -1.57046202e-03 -1.74303231e-03
 -1.93290567e-03 -2.14162342e-03 -2.37084291e-03 -2.62234408e-03
 -2.89803612e-03 -3.19996433e-03 -3.53031700e-03 -3.89143244e-03
 -4.28580601e-03 -4.71609721e-03 -5.18513670e-03 -5.69593333e-03
 -6.25168097e-03 -6.85576530e-03 -7.51177031e-03 -8.22348456e-03
 -8.99490720e-03 -9.83025349e-03 -1.07339600e-02 -1.17106890e-02
 -1.27653330e-02 -1.39030177e-02 -1.51291045e-02 -1.64491930e-02
 -1.78691212e-02 -1.93949657e-02 -2.10330406e-02 -2.27898952e-02
 -2.46723105e-02 -2.66872939e-02 -2.88420734e-02 -3.11440898e-02
 -3.36009868e-02 -3.62206003e-02 -3.90109459e-02 -4.19802037e-02
 -4.51367022e-02 -4.84889002e-02 -5.20453660e-02 -5.58147551e-02
 -5.98057862e-02 -6.40272146e-02 -6.84878035e-02 -7.31962937e-02
 -7.81613709e-02 -8.33916313e-02 -8.88955446e-02 -9.46814161e-02
 -1.00757346e-01 -1.07131187e-01 -1.13810502e-01 -1.20802518e-01
 -1.28114079e-01 -1.35751599e-01 -1.43721015e-01 -1.52027733e-01
 -1.60676584e-01 -1.69671768e-01 -1.79016806e-01 -1.88714490e-01
 -1.98766833e-01 -2.09175017e-01 -2.19939347e-01 -2.31059206e-01
 -2.42533005e-01 -2.54358142e-01 -2.66530961e-01 -2.79046714e-01
 -2.91899524e-01 -3.05082352e-01 -3.18586973e-01 -3.32403943e-01
 -3.46522586e-01 -3.60930976e-01 -3.75615920e-01 -3.90562961e-01
 -4.05756371e-01 -4.21179154e-01 -4.36813064e-01 -4.52638613e-01
 -4.68635097e-01 -4.84780623e-01 -5.01052146e-01 -5.17425506e-01
 -5.33875477e-01 -5.50375822e-01 -5.66899347e-01 -5.83417971e-01
 -5.99902796e-01 -6.16324183e-01 -6.32651835e-01 -6.48854883e-01
 -6.64901981e-01 -6.80761399e-01 -6.96401127e-01 -7.11788979e-01
 -7.26892698e-01 -7.41680070e-01 -7.56119035e-01 -7.70177801e-01
 -7.83824959e-01 -7.97029602e-01 -8.09761437e-01 -8.21990902e-01
 -8.33689281e-01 -8.44828815e-01 -8.55382812e-01 -8.65325753e-01
 -8.74633395e-01 -8.83282872e-01 -8.91252785e-01 -8.98523293e-01
 -9.05076195e-01 -9.10895007e-01 -9.15965031e-01 -9.20273414e-01
 -9.23809212e-01 -9.26563425e-01 -9.28529044e-01 -9.29701081e-01
 -9.30076587e-01 -9.29654664e-01 -9.28436478e-01 -9.26425245e-01
 -9.23626222e-01 -9.20046685e-01 -9.15695898e-01 -9.10585075e-01
 -9.04727331e-01 -8.98137629e-01 -8.90832719e-01 -8.82831064e-01
 -8.74152767e-01 -8.64819490e-01 -8.54854361e-01 -8.44281884e-01
 -8.33127840e-01 -8.21419183e-01 -8.09183935e-01 -7.96451077e-01
 -7.83250435e-01 -7.69612571e-01 -7.55568664e-01 -7.41150394e-01
 -7.26389833e-01 -7.11319323e-01 -6.95971367e-01 -6.80378516e-01
 -6.64573259e-01 -6.48587915e-01 -6.32454532e-01 -6.16204787e-01
 -5.99869888e-01 -5.83480484e-01 -5.67066579e-01 -5.50657450e-01
 -5.34281572e-01 -5.17966549e-01 -5.01739045e-01 -4.85624733e-01
 -4.69648235e-01 -4.53833082e-01 -4.38201672e-01 -4.22775236e-01
 -4.07573811e-01 -3.92616219e-01 -3.77920051e-01 -3.63501658e-01
 -3.49376146e-01 -3.35557377e-01 -3.22057981e-01 -3.08889357e-01
 -2.96061702e-01 -2.83584020e-01 -2.71464156e-01 -2.59708818e-01
 -2.48323613e-01 -2.37313081e-01 -2.26680732e-01 -2.16429087e-01
 -2.06559722e-01 -1.97073310e-01 -1.87969669e-01 -1.79247806e-01
 -1.70905969e-01 -1.62941691e-01 -1.55351842e-01 -1.48132676e-01
 -1.41279879e-01 -1.34788618e-01 -1.28653587e-01 -1.22869054e-01
 -1.17428904e-01 -1.12326684e-01 -1.07555645e-01 -1.03108782e-01
 -9.89788737e-02 -9.51585161e-02 -9.16401609e-02 -8.84161461e-02
 -8.54787274e-02 -8.28201063e-02 -8.04324569e-02 -7.83079498e-02
 -7.64387743e-02 -7.48171582e-02 -7.34353859e-02 -7.22858140e-02
 -7.13608853e-02 -7.06531402e-02 -7.01552274e-02 -6.98599116e-02
 -6.97600801e-02 -6.98487479e-02 -7.01190607e-02 -7.05642975e-02
 -7.11778705e-02 -7.19533251e-02 -7.28843382e-02 -7.39647150e-02
 -7.51883861e-02 -7.65494028e-02 -7.80419323e-02 -7.96602516e-02
 -8.13987421e-02 -8.32518825e-02 -8.52142423e-02 -8.72804748e-02
 -8.94453099e-02 -9.17035473e-02 -9.40500487e-02 -9.64797318e-02
 -9.89875626e-02 -1.01568549e-01 -1.04217736e-01 -1.06930198e-01
 -1.09701033e-01 -1.12525359e-01 -1.15398312e-01 -1.18315034e-01
 -1.21270679e-01 -1.24260404e-01 -1.27279368e-01 -1.30322733e-01
 -1.33385660e-01 -1.36463308e-01 -1.39550838e-01 -1.42643411e-01
 -1.45736191e-01 -1.48824344e-01 -1.51903045e-01 -1.54967479e-01
 -1.58012846e-01 -1.61034361e-01 -1.64027267e-01 -1.66986833e-01
 -1.69908362e-01 -1.72787201e-01 -1.75618740e-01 -1.78398427e-01
 -1.81121769e-01 -1.83784344e-01 -1.86381804e-01 -1.88909888e-01
 -1.91364428e-01 -1.93741353e-01 -1.96036705e-01 -1.98246642e-01
 -2.00367444e-01 -2.02395529e-01 -2.04327453e-01 -2.06159922e-01
 -2.07889797e-01 -2.09514104e-01 -2.11030039e-01 -2.12434977e-01
 -2.13726474e-01 -2.14902277e-01 -2.15960329e-01 -2.16898771e-01
 -2.17715952e-01 -2.18410426e-01 -2.18980962e-01 -2.19426545e-01
 -2.19746375e-01 -2.19939874e-01 -2.20006686e-01 -2.19946673e-01
 -2.19759924e-01 -2.19446744e-01 -2.19007662e-01 -2.18443425e-01
 -2.17754993e-01 -2.16943543e-01 -2.16010460e-01 -2.14957334e-01
 -2.13785957e-01 -2.12498317e-01 -2.11096589e-01 -2.09583135e-01
 -2.07960492e-01 -2.06231369e-01 -2.04398634e-01 -2.02465313e-01
 -2.00434574e-01 -1.98309725e-01 -1.96094201e-01 -1.93791556e-01
 -1.91405454e-01 -1.88939658e-01 -1.86398021e-01 -1.83784475e-01
 -1.81103024e-01 -1.78357728e-01 -1.75552700e-01 -1.72692090e-01
 -1.69780078e-01 -1.66820861e-01 -1.63818648e-01 -1.60777646e-01
 -1.57702050e-01 -1.54596039e-01 -1.51463759e-01 -1.48309321e-01
 -1.45136789e-01 -1.41950171e-01 -1.38753413e-01 -1.35550392e-01
 -1.32344904e-01 -1.29140665e-01 -1.25941296e-01 -1.22750323e-01
 -1.19571168e-01 -1.16407148e-01 -1.13261464e-01 -1.10137202e-01
 -1.07037327e-01 -1.03964678e-01 -1.00921969e-01 -9.79117845e-02
 -9.49365753e-02 -9.19986600e-02 -8.91002223e-02 -8.62433106e-02
 -8.34298372e-02 -8.06615788e-02 -7.79401766e-02 -7.52671373e-02
 -7.26438339e-02 -7.00715074e-02 -6.75512686e-02 -6.50841000e-02
 -6.26708584e-02 -6.03122774e-02 -5.80089706e-02 -5.57614340e-02
 -5.35700504e-02 -5.14350920e-02 -4.93567248e-02 -4.73350118e-02
 -4.53699177e-02 -4.34613127e-02 -4.16089764e-02 -3.98126028e-02
 -3.80718038e-02 -3.63861146e-02 -3.47549971e-02 -3.31778452e-02
 -3.16539886e-02 -3.01826975e-02 -2.87631871e-02 -2.73946217e-02
 -2.60761190e-02 -2.48067543e-02 -2.35855649e-02 -2.24115536e-02
 -2.12836933e-02 -2.02009300e-02 -1.91621874e-02 -1.81663696e-02
 -1.72123653e-02 -1.62990506e-02 -1.54252925e-02 -1.45899516e-02
 -1.37918855e-02 -1.30299508e-02 -1.23030066e-02 -1.16099162e-02
 -1.09495496e-02 -1.03207860e-02 -9.72251526e-03 -9.15364026e-03
 -8.61307826e-03 -8.09976262e-03 -7.61264423e-03 -7.15069283e-03
 -6.71289812e-03 -6.29827088e-03 -5.90584385e-03 -5.53467252e-03
 -5.18383590e-03 -4.85243699e-03 -4.53960338e-03 -4.24448753e-03
 -3.96626710e-03 -3.70414518e-03 -3.45735032e-03 -3.22513664e-03
 -3.00678376e-03 -2.80159671e-03 -2.60890574e-03 -2.42806608e-03
 -2.25845770e-03 -2.09948494e-03 -1.95057617e-03 -1.81118332e-03
 -1.68078146e-03 -1.55886833e-03 -1.44496379e-03 -1.33860931e-03
 -1.23936738e-03 -1.14682098e-03 -1.06057294e-03 -9.80245369e-04
 -9.05479040e-04 -8.35932769e-04 -7.71282794e-04 -7.11222164e-04
 -6.55460109e-04 -6.03721434e-04 -5.55745903e-04 -5.11287635e-04
 -4.70114509e-04 -4.32007579e-04 -3.96760493e-04 -3.64178936e-04
 -3.34080071e-04 -3.06292005e-04 -2.80653265e-04 -2.57012284e-04
 -2.35226913e-04 -2.15163937e-04 -1.96698614e-04 -1.79714229e-04
 -1.64101660e-04 -1.49758964e-04 -1.36590982e-04 -1.24508951e-04
 -1.13430139e-04 -1.03277496e-04 -9.39793160e-05 -8.54689181e-05
 -7.76843396e-05 -7.05680465e-05 -6.40666562e-05 -5.81306749e-05
 -5.27142483e-05 -4.77749253e-05 -4.32734340e-05 -3.91734705e-05
 -3.54414991e-05 -3.20465633e-05 -2.89601087e-05 -2.61558150e-05
 -2.36094393e-05 -2.12986675e-05 -1.92029760e-05 -1.73035014e-05
 -1.55829181e-05 -1.40253249e-05 -1.26161376e-05 -1.13419898e-05
 -1.01906393e-05 -9.15088194e-06 -8.21247047e-06 -7.36603936e-06
 -6.60303492e-06 -5.91565038e-06 -5.29676553e-06 -4.73989089e-06
 -4.23911584e-06 -3.78906077e-06 -3.38483265e-06 -3.02198413e-06
 -2.69647564e-06 -2.40464056e-06 -2.14315302e-06 -1.90899829e-06
 -1.69944550e-06 -1.51202263e-06 -1.34449343e-06 -1.19483634e-06
 -1.06122509e-06 -9.42010920e-07 -8.35706370e-07 -7.40970355e-07
 -6.56594588e-07 -5.81491150e-07 -5.14681154e-07 -4.55284398e-07
 -4.02509945e-07 -3.55647538e-07 -3.14059796e-07 -2.77175109e-07
 -2.44481193e-07 -2.15519231e-07 -1.89878568e-07 -1.67191892e-07
 -1.47130877e-07 -1.29402235e-07 -1.13744152e-07 -9.99230595e-08
 -8.77307241e-08 -7.69816207e-08 -6.75105633e-08 -5.91705708e-08
 -5.18309454e-08 -4.53755444e-08 -3.97012253e-08 -3.47164508e-08
 -3.03400347e-08 -2.65000181e-08 -2.31326622e-08 -2.01815447e-08
 -1.75967531e-08 -1.53341610e-08 -1.33547833e-08 -1.16241984e-08
 -1.01120342e-08 -8.79150834e-09 -7.63901916e-09 -6.63378132e-09
 -5.75750135e-09 -4.99408915e-09 -4.32940166e-09 -3.75101510e-09
 -3.24802296e-09 -2.81085676e-09 -2.43112721e-09 -2.10148357e-09
 -1.81548915e-09 -1.56751124e-09 -1.35262377e-09 -1.16652140e-09
 -1.00544368e-09 -8.66108173e-10 -7.45651453e-10 -6.41577235e-10
 -5.51710651e-10 -4.74158058e-10 -4.07271714e-10 -3.49618743e-10
 -2.99953898e-10 -2.57195674e-10 -2.20405361e-10 -1.88768704e-10
 -1.61579842e-10 -1.38227263e-10 -1.18181524e-10 -1.00984520e-10
 -8.62401238e-11 -7.36060111e-11 -6.27865384e-11 -5.35265364e-11
 -4.56059062e-11 -3.88349171e-11 -3.30501185e-11 -2.81107870e-11
 -2.38958417e-11 -2.03011671e-11 -1.72372915e-11 -1.46273748e-11
 -1.24054665e-11 -1.05149971e-11 -8.90747387e-12 -7.54135357e-12
 -6.38106832e-12 -5.39618501e-12 -4.56068012e-12 -3.85231454e-12
 -3.25209492e-12 -2.74380998e-12 -2.31363153e-12 -1.94977143e-12
 -1.64218680e-12 -1.38232689e-12 -1.16291588e-12 -9.77766582e-13
 -8.21620800e-13 -6.90012575e-13 -5.79151161e-13 -4.85820909e-13
 -4.07295694e-13 -3.41265810e-13 -2.85775562e-13 -2.39170020e-13
 -2.00049623e-13 -1.67231498e-13 -1.39716523e-13 -1.16661298e-13
 -9.73543098e-14 -8.11956768e-14 -6.76799417e-14 -5.63814695e-14
 -4.69420608e-14 -3.90604513e-14 -3.24834170e-14 -2.69982431e-14
 -2.24263526e-14 -1.86179188e-14 -1.54473136e-14 -1.28092630e-14
 -1.06156029e-14 -8.79254365e-15 -7.27836358e-15 -6.02146693e-15
 -4.97874874e-15 -4.11421951e-15 -3.39784883e-15 -2.80459396e-15
 -2.31358404e-15 -1.90743571e-15 -1.57167913e-15 -1.29427692e-15
 -1.06522138e-15 -8.76197250e-16 -7.20299716e-16 -5.91798617e-16
 -4.85941504e-16 -3.98789199e-16 -3.27078597e-16 -2.68108270e-16
 -2.19643138e-16 -1.79835080e-16 -1.47156867e-16 -1.20347202e-16
 -9.83650482e-17 -8.03516806e-17 -6.55991884e-17 -5.35243390e-17
 -4.36469101e-17 -3.55717344e-17 -2.89738311e-17 -2.35861009e-17
 -1.91891494e-17 -1.56028755e-17 -1.26795227e-17 -1.02979438e-17
 -8.35886806e-18 -6.78100040e-18 -5.49780605e-18 -4.45486354e-18
 -3.60768608e-18 -2.91992987e-18 -2.36192144e-18 -1.90944793e-18
 -1.54276414e-18 -1.24577783e-18 -1.00538177e-18 -8.10906458e-19
 -6.53671962e-19 -5.26621154e-19 -4.24019754e-19 -3.41211157e-19
 -2.74416173e-19 -2.20569535e-19 -1.77186528e-19 -1.42254238e-19
 -1.14142945e-19 -9.15339660e-20 -7.33609305e-20 -5.87620216e-20
 -4.70411543e-20 -3.76364418e-20 -3.00945941e-20 -2.40501488e-20
 -1.92086300e-20 -1.53329020e-20 -1.22321183e-20 -9.75277788e-21
 -7.77149081e-21 -6.18913118e-21 -4.92611315e-21 -3.91857735e-21
 -3.11531388e-21 -2.47528118e-21 -1.96560667e-21 -1.55997644e-21
 -1.23733930e-21 -9.80864278e-22 -7.77102625e-22 -6.15314542e-22
 -4.86928649e-22 -3.85108249e-22 -3.04403513e-22 -2.40472736e-22
 -1.89859081e-22 -1.49811878e-22 -1.18143673e-22 -9.31159408e-23
 -7.33477754e-23 -5.77429813e-23 -4.54318900e-23 -3.57249600e-23
 -2.80757938e-23 -2.20516800e-23 -1.73101433e-23 -1.35802884e-23
 -1.06479662e-23 -8.34398827e-24 -6.53476612e-24 -5.11488364e-24
 -4.00120510e-24 -3.12820505e-24 -2.44426877e-24 -1.90876318e-24]
symrep = 0 - 0.93*np.exp(-(x--3.82536)**2/(2*1.366666666666667**2))- 0.22*np.exp(-(x-2.8242)**2/(2*1.666666666666667**2))
    